CBX7_OAC1=[0.0149522377995,0.0151325641339,0.0153609387364,0.0155955002904,0.01578176553,0.0158335086383,0.0155164391132,0.0118628310582,0.0150981715784,0.0153363569946,0.0148970846263,0.0146020676319,0.0135411054084,0.0121441073848,0.0100119598591,0.0110249891302,0.0105636725156,0.0108098706938,0.0105861301606,0.0104692398166,0.0107190984625,0.0110079462403,0.00983042647175,0.0128682549496,0.0146060235409,0.0161009517793,0.0176326778063,0.0192534046072,0.0209789499578,0.0228151088896,0.0247572652743,0.0267860666589,0.0288627946846,0.0309252618646,0.0328861360949,0.0346373150116,0.0360645204432,0.037072613547,0.037613275088,0.0376997764273,0.037399155073,0.0368075469569,0.0360237419833,0.0351319315975,0.0341953866177,0.0332573956495,0.0323452779383,0.0314748296062,0.0306540678406;0.0147632832176,0.0150116998375,0.0153786200148,0.0157783271182,0.0161512109729,0.0164331259306,0.0164756815346,0.0160816056035,0.0163628307265,0.017342374007,0.0171425549588,0.015814398766,0.0137925667968,0.01128007857,0.0119177333001,0.0114137118302,0.0106708674455,0.010791649226,0.010399314213,0.0104470055847,0.0108883381709,0.0114547897071,0.0121460171029,0.0133468996852,0.0148009439121,0.0163109706385,0.0179147110206,0.019648928822,0.0215369030599,0.0235915801101,0.0258137853963,0.0281870589173,0.0306701010672,0.0331875453318,0.03562150066,0.037810572299,0.0395683621868,0.0407304068125,0.0412154595601,0.0410598021209,0.0403954850469,0.0393919792891,0.0382040286198,0.0369473490957,0.0356972503095,0.0344973857038,0.0333699183295,0.0323236634355,0.0313596850865;0.0142470360469,0.0146249750734,0.0152636972048,0.0158994025626,0.0165037851698,0.0170874707691,0.017603097104,0.017639488105,0.017367525057,0.0200240895761,0.020097522577,0.0176594773443,0.0139571318781,0.0133524049648,0.0127227287038,0.0117337944398,0.0110833683397,0.0105797693789,0.00939816219223,0.00969217808251,0.0101096836979,0.0112150442599,0.0120107087385,0.0134671181805,0.0149213748566,0.0164779106874,0.0181717152509,0.0200401213405,0.022117822861,0.0244308616509,0.0269928761152,0.0297988990472,0.0328143595038,0.0359581282057,0.0390799804962,0.0419403313575,0.0442206606544,0.0456089550803,0.0459507272739,0.0453420040701,0.0440615468368,0.0424191105649,0.0406535939673,0.0389121669114,0.0372707560379,0.035760781916,0.0343891755347,0.0331506899815,0.0320347626135;0.0120371479395,0.0136783114844,0.01495862056,0.0159243514424,0.0167496604076,0.0176096269484,0.0186669288542,0.0197880036994,0.0191840285626,0.0244655729096,0.0257928703013,0.0212175149539,0.0157180362336,0.014143403062,0.0127591853847,0.0106618738649,0.0103505713997,0.0101650238521,0.00794188771033,0.00979006582567,0.0105718405438,0.0110254520448,0.0116225848505,0.0133309999044,0.0149179566908,0.0165808476133,0.0183831831817,0.0204012159616,0.0226943533203,0.025308721236,0.0282794401065,0.0316261693817,0.0353394096856,0.0393549314913,0.0435089789263,0.0474667117077,0.0506649596734,0.0524376542488,0.0524347894926,0.0509288104203,0.048564909771,0.0459221508031,0.0433422877216,0.0409750136951,0.0388631964394,0.0370010925488,0.0353646002912,0.0339250442135,0.0326548447386;0.0128895757097,0.0120364765627,0.014450398951,0.0158898946014,0.0167924170806,0.0176166413092,0.0191484803617,0.0214833565293,0.0214592061284,0.0350218102708,0.041229569629,0.0291927882566,0.0218741589718,0.013311370399,0.0129878767979,0.0109222217355,0.0108072101413,0.00943574444163,0.0089292281897,0.0100634115461,0.0108090331706,0.0114734663758,0.0118081215818,0.0125010056294,0.0148345308445,0.0166227200656,0.0185232502756,0.0206950947352,0.0232272459057,0.0261875243704,0.0296415294694,0.0336529900377,0.038268804056,0.0434908223574,0.0492181043843,0.0550878735349,0.0601352998692,0.0627224411243,0.0618352369725,0.0583845621482,0.054042874218,0.0498493673863,0.0461660979844,0.0430343001142,0.0403909477193,0.0381536713825,0.0362473671175,0.0346100625552,0.0331923298774;0.0138486298777,0.0134835919443,0.0147314679122,0.0159314088788,0.0166842659182,0.0157947031842,0.0168282134105,0.0229902945594,0.0309596839032,0.0519049366214,0.143296198931,0.0492115519025,0.0263000058526,0.0179665537701,0.0142028071914,0.0109249777176,0.0109304832793,0.0101941852712,0.00966719744517,0.00949300325179,0.01053577368,0.0114948414975,0.0121688579621,0.0131304006781,0.0148649949322,0.0165954939661,0.0185356500189,0.0208597717551,0.0236613776149,0.0270143320659,0.0310251193008,0.0358315691047,0.0415835791077,0.0484254144509,0.0564951732164,0.0658181915343,0.075279745685,0.0802630093646,0.0766119728308,0.0683901039005,0.0604040542677,0.0539485926706,0.0489011505953,0.0449249570049,0.0417383955731,0.0391382348564,0.0369813009638,0.0351658944421,0.033618500877;0.0141979586048,0.0145071638702,0.015180790683,0.0160084385733,0.0167729215069,0.0173401747548,0.0188569821731,0.0233943981808,0.0307649314884,0.0459151074176,0.0677669485392,0.0402780610768,0.0248644352991,0.0166554894528,0.0141818382724,0.0103735878062,0.0110675682713,0.0101139510778,0.00900457316721,0.00732729654628,0.0101621615839,0.0113491832505,0.0123272935242,0.0134624086655,0.0148398566719,0.0163811916138,0.0182592784282,0.0207864001178,0.0239319131694,0.0277262830112,0.0323508124765,0.0380707137698,0.0452066497104,0.0541199399567,0.0653544035981,0.0804186198731,0.102207702026,0.118916414086,0.102111495322,0.0808244939169,0.0668264235952,0.0576227523758,0.0511819744308,0.046426648705,0.042769590412,0.0398681540014,0.0375093921636,0.0355538983718,0.033906470457;0.013952139487,0.0144837878431,0.0151978671011,0.0159475234342,0.0167624264344,0.0177917307969,0.0194521427938,0.0222388966121,0.02636652216,0.0311160997399,0.0300290671294,0.0269706485488,0.0213825703364,0.0166621571913,0.0138129407045,0.0116350467851,0.0105824973528,0.00996283322039,0.00951507059012,0.00921633542895,0.00998488201301,0.0109742683268,0.0119760835589,0.0132543878723,0.0145964253163,0.0157363596763,0.0169766676353,0.0203409133219,0.0240093912731,0.0282675175734,0.0335093060393,0.0402153749795,0.049001262706,0.0605565650115,0.0755365965398,0.0965388567702,0.144348372936,0.317538437549,0.138645442919,0.0911208656928,0.0712365053891,0.0599626996313,0.0525745649023,0.0473125579032,0.043356531374,0.0402665771971,0.0377831475145,0.0357422171796,0.0340346050845;0.0113935128868,0.0140225704689,0.0149963544356,0.0157021551973,0.0164212035352,0.0172713572948,0.0183793286486,0.0199121348766,0.0218991723657,0.0235376417046,0.0234838861524,0.0214807482614,0.0183970145959,0.0152631842803,0.0127095430453,0.00816443383632,0.0086024525924,0.0086136087267,0.00913068326015,0.00945476470954,0.00990696526376,0.00963117836503,0.0109747356367,0.0128075256994,0.0142913714433,0.0151996683663,0.0151611552799,0.0197637084686,0.0239838764668,0.0286015587849,0.0343475318723,0.0419875395125,0.0526706415779,0.0680622544765,0.0890325617108,0.111477541182,0.141922271541,0.190075318839,0.129059084045,0.0905343177798,0.0715030115068,0.0602457170085,0.0527722790359,0.0474314310878,0.0434164758867,0.0402847647272,0.0377722285049,0.0357111423095,0.0339896575461;0.0129689237779,0.0140044170092,0.0147688947642,0.015334719411,0.0158644276416,0.0163813027309,0.0167604599104,0.0168242054872,0.0181964899407,0.018932066736,0.0187684344921,0.017615068402,0.0157177193025,0.0129831261023,0.0101447247943,0.010599153427,0.0095230655518,0.00892589976566,0.00871646723135,0.00944810199372,0.00978089853541,0.0101149408539,0.00991798409694,0.0123904688834,0.0140642604703,0.015444207152,0.0158191641085,0.0198560477272,0.0239984523412,0.0286801768423,0.0346586759962,0.0429051326009,0.0552790245713,0.0761189901235,0.116150193327,0.156863522931,0.132785814268,0.119042795543,0.100769013984,0.0817969426092,0.0680320302085,0.0585300712613,0.0517715912208,0.0467708362382,0.0429383812426,0.0399144672082,0.037470770607,0.0354565650972,0.0337687559795;0.013819900883,0.0141389241698,0.0145398555437,0.0149116340275,0.0152400084162,0.0154764392092,0.0153891864216,0.0138618705578,0.0153756720741,0.0153484570274,0.0155006646302,0.0147578766191,