CBX7__poly=[0.0319297534251,0.0313113932174,0.0306591118657,0.0299417430114,0.0291003923719,0.0280692991688,0.0269069875641,0.0255742279417,0.0227135644239,0.0216542325486,0.0239039400661,0.0245218311474,0.0223303064444,0.0208395180628,0.0395091092709,0.0981782115517,0.0360421843069,0.0278841829481,0.0249510330473,0.0244994470455,0.0236888620597,0.0246366927163,0.0255241681887,0.0269341429783,0.025865089867,0.02408275166,0.0228494091369,0.0250753737502,0.0259579181678,0.0267125974079,0.0275770183004,0.0285745573156,0.0295677846236,0.0304828038553,0.0313165020811,0.0320796006871,0.0327823620839,0.033432924765,0.0340376515093,0.0346016019664,0.0351288860687,0.0356229102755,0.0360865503937,0.0365222751982,0.0369322362029,0.0373183334807,0.0376822642497,0.0380255589769,0.0383496084377;0.0317652861174,0.031100929466,0.0304274542275,0.0296992680155,0.0287903856365,0.0274012037863,0.0249835178499,0.0249495568848,0.0229928931756,0.0235302134696,0.0233683754098,0.023648551542,0.0249698433871,0.0270224122051,0.0325209692487,0.0335337872038,0.0314774286062,0.0250979474418,0.0223656540551,0.0238083847567,0.0226834239049,0.0209694849336,0.020611318482,0.0198071198473,0.0219640805563,0.0222448596255,0.0225052520957,0.0228348484338,0.0238496153638,0.0255211365095,0.0269313908068,0.028146493861,0.0292585003351,0.0302651001996,0.0311733811591,0.0319966221561,0.0327475637204,0.0334367300174,0.0340724982418,0.0346615183455,0.0352091201545,0.0357196387742,0.0361966602835,0.0366432032584,0.0370618515395,0.0374548509067,0.037824179469,0.0381715991462,0.0384986936652;0.031553232063,0.0307952535172,0.0301196726557,0.029479692783,0.0286583383835,0.0273167731593,0.0247261955881,0.0250008358666,0.0235980960271,0.0243264732615,0.0245754073474,0.0233157396175,0.0240334622219,0.0270437223275,0.027649788381,0.02392733224,0.0260820948439,0.0240465116555,0.0219870794682,0.022266501326,0.0227226181177,0.016826718785,0.0212257213037,0.019577442028,0.0167745281665,0.0212496978687,0.0219031021615,0.0212976963965,0.0212045332639,0.0242637536422,0.0260732618979,0.0276456156574,0.0289686587708,0.0300974231431,0.0310864938562,0.0319681015111,0.0327631608551,0.0334865228928,0.0341492152914,0.0347596450162,0.0353243600458,0.0358485681773,0.0363364998496,0.0367916637759,0.0372170272821,0.0376151437175,0.0379882429116,0.0383382960062,0.0386670625868;0.0312550993346,0.0301543365638,0.0294660803797,0.0292088346506,0.0286751957135,0.0278268360471,0.0267213778859,0.024470292894,0.0246352231497,0.0255918008848,0.0255150693451,0.024775296953,0.0251198324022,0.0265667346042,0.0263368651386,0.0250056521358,0.0243468446246,0.0236046923037,0.0226893979016,0.0235420864616,0.0231361050698,0.0221273834958,0.0209791847532,0.017029280607,0.0193019974564,0.0202214266832,0.0202748148822,0.0197912263462,0.0219753361787,0.022167444408,0.0246804305383,0.0271940638394,0.0287600837083,0.0300079820935,0.0310715852166,0.0320042929253,0.0328364070922,0.0335876859554,0.0342719393298,0.0348992572712,0.0354772661364,0.0360119043621,0.0365079261371,0.0369692361723,0.0373991149359,0.0378003718249,0.0381754507738,0.0385265044106,0.0388554473138;0.0309800114515,0.028431147261,0.0271115468034,0.0288851127653,0.0286612157834,0.0281369862006,0.0274750514483,0.026466990603,0.0262664859463,0.0264318883664,0.0259326088543,0.0257508361919,0.0262688451837,0.0264898099328,0.0264378734644,0.0261380134995,0.0257476569742,0.0252707456569,0.0247910733928,0.0245143610525,0.0240613468896,0.0232718187417,0.0218678206138,0.0202165413931,0.0191925559027,0.0198254461112,0.0213831592724,0.0223290413331,0.0229936956842,0.0233289801774,0.0248358681704,0.0270326632956,0.0286887660094,0.0300236570369,0.0311439486845,0.0321144467225,0.0329732758164,0.0337443530555,0.0344437310186,0.0350827606055,0.0356698181722,0.0362113270797,0.0367123886543,0.0371771802573,0.0376092105289,0.0380114863109,0.0383866246184,0.038736930068,0.0390644502527;0.0311315296737,0.0294180791382,0.0285497709476,0.0288626306811,0.0283586594966,0.0280018135833,0.0280023010021,0.0277740872883,0.0275317333625,0.0271975920541,0.0258260770345,0.0253201453013,0.0266561685535,0.025563269465,0.0257679571748,0.0261496809535,0.0259323870656,0.0258307500197,0.0253948698185,0.024909716296,0.024503163851,0.0238779963496,0.0223581133002,0.0213770493644,0.0209571778156,0.0201819860589,0.0194949226513,0.0222059055458,0.0236831642417,0.0245566070393,0.0247610754667,0.0268175613752,0.0287531137938,0.0301609791291,0.0313138132648,0.0323042459683,0.0331770407719,0.0339586051465,0.0346661143667,0.0353114287757,0.0359031680077,0.0364479070841,0.0369508813132,0.0374164063314,0.0378481339271,0.0382492133802,0.0386223977582,0.0389701173685,0.0392945329806;0.0315076020422,0.030492501753,0.0296065298536,0.0288647383498,0.0270904230758,0.0260853196327,0.0283017106795,0.0284510844256,0.0282981160763,0.0280083285956,0.0275686045805,0.0273906891968,0.0273941893537,0.0267710875492,0.026585219066,0.0256712554877,0.0251677851924,0.0261014400347,0.0253173396029,0.0241161581524,0.0243901560469,0.0243048464345,0.0236523429666,0.0227298792595,0.0207990383536,0.0208997119919,0.0208731009781,0.022273230388,0.0233114187473,0.0249395485256,0.0246906716497,0.0270505071761,0.029029938989,0.0304326611718,0.0315835363357,0.0325736126061,0.0334469494639,0.0342297190635,0.0349386855865,0.0355852218734,0.0361775669992,0.0367220838508,0.0372239395465,0.0376874772861,0.0381164301406,0.0385140531851,0.038883211641,0.03922644396,0.0395460097283;0.0317930854982,0.0308272691573,0.0295121761845,0.0281379566021,0.0281084707759,0.0281691214601,0.0288334793892,0.0289464776626,0.0288340015736,0.0286351276053,0.0284316177671,0.0283172532379,0.0282351892347,0.0280590162019,0.0278245048541,0.0273898225958,0.0270284157124,0.0265886463771,0.0251366326808,0.0224280969124,0.0234599536607,0.0244635175648,0.0230839653178,0.0237743663286,0.0223501845779,0.0195167030449,0.0215139349384,0.0234016473891,0.0239737653849,0.0252731028003,0.0263559120999,0.0279300044284,0.0294978161146,0.0308229278706,0.0319430433177,0.0329148953688,0.0337771412146,0.0345536047441,0.0352589106246,0.0359027721578,0.0364924221625,0.0370337329972,0.0375316965582,0.0379906485761,0.0384143945616,0.0388062937303,0.0391693217979,0.0395061214912,0.0398190449531;0.0319898490989,0.0310449207171,0.0293754938219,0.0243951605298,0.028860907722,0.02928616175,0.0293459760491,0.0292263659161,0.0291074498721,0.0289186543018,0.0287459869009,0.028767747321,0.028843588165,0.0288574866708,0.028775661486,0.0285655474929,0.0281895258329,0.0273847557607,0.0239251320897,0.0240694435987,0.0240474657875,0.0255262224328,0.0251648444561,0.0253702198556,0.0243889610576,0.0221197674924,0.0236532727962,0.0250035631973,0.0252709105906,0.0235758867675,0.0257338114646,0.0283580583204,0.030006495525,0.0312933540074,0.0323709578063,0.0333116797113,0.0341555995355,0.0349224873041,0.035622256903,0.0362616454689,0.0368465357663,0.0373823446764,0.0378740041366,0.0383259452284,0.0387421193836,0.0391260369532,0.0394808109176,0.0398092006835,0.0401136537041;0.0320423553369,0.03124886403,0.0303952096894,0.0295614018227,0.0295305698061,0.0297860998452,0.0295378002553,0.0286824846477,0.0289799452293,0.0286797020276,0.0279937804084,0.0286585883302,0.0291296441786,0.0294035964806,0.0295476484684,0.0295392733873,0.0292924387005,0.0286942042525,0.02765949278,0.02681881391,0.0265872391133,0.0271773202708,0.0273544100113,0.0271920704137,0.0265907054453,0.0254446527627,0.025736627554,0.0263149944174,0.0259393919424,0.0230628583422,0.0258630171939,0.0289335851912,0.0305949509159,0.0318227490859,0.0328354103042,0.0337344968161,0.0345621966513,0.035325068279,0.0360229598889,0.0366590139624,0.0372385621645,0.0377673098694,0.0382506063887,0.038693264545,0.0390995522044,0.039473230414,0.0398176044881,0.0401355776847,0.0404297028094;0.0315427164456,0.0306595608543,0.0308685777363,0.0297272166716,0.0278003716659,0.030130212208,0.0298615018284,0.0245076334564,0.0290304311557,0.0286285149795,0.0256305101468,0.0269215258769,