CCND1_OAC1=[0.906472618588,0.906073902414,0.905412106132,0.904640544687,0.903961284385,0.903761621233,0.905348349374,0.926889438687,0.904834120361,0.898528013992,0.89152260117,0.8754376375,0.858084633831,0.844953717739,0.890933616162,0.890489626162,0.896092901179,0.88988082452,0.884576123915,0.883459583432,0.894854496583,0.907487378721,0.927959476872,0.916656612057,0.915695097441,0.916720538123,0.917946109042,0.919137522468,0.920259434165,0.921301020975,0.922258763418,0.923134275635,0.92393144476,0.924653867645,0.925303349103,0.925879588318,0.92638106432,0.926806919074,0.927159067048,0.927443328078,0.92766886445,0.927846381198,0.927986226734,0.928097198889,0.928186164766,0.928258207325,0.92831698331,0.928365098108,0.928404416887;0.906975073346,0.906479361781,0.905387815986,0.904100532911,0.902800242243,0.901685271473,0.901556831511,0.90376120067,0.90160062626,0.892629157523,0.882102776315,0.857656870679,0.818857461495,0.740156903524,0.869219648921,0.891157895019,0.898547680329,0.892805983442,0.892408754276,0.893785538255,0.898436871223,0.905181478874,0.91135382131,0.91390708593,0.915273189294,0.91681662321,0.918344385826,0.919746988021,0.921003224644,0.922122050111,0.923120810585,0.924017216807,0.924825663581,0.925555446816,0.926210076699,0.926787593761,0.927282445071,0.92768941372,0.928008463034,0.928247412616,0.928420365797,0.92854344146,0.928631022773,0.92869409593,0.928740272805,0.928774532544,0.928800038813,0.928818786421,0.928832046175;0.909112584651,0.908164263101,0.905902851489,0.903799788477,0.901728295268,0.899239999098,0.896252356312,0.895783995216,0.899862330265,0.888874115385,0.882080560405,0.861982860721,0.817427164054,0.869932250691,0.885709840519,0.896731154096,0.897468974615,0.891232942132,0.89196255847,0.893904352426,0.903172981373,0.906183111408,0.91207701918,0.913451111182,0.915465335028,0.917388885675,0.919135407408,0.920671310334,0.921998615681,0.923145748382,0.924149052933,0.925041006578,0.925845429631,0.926576240065,0.927237145646,0.927821612024,0.928314832884,0.928700919395,0.928974564928,0.929148047857,0.929246189871,0.929295207019,0.929315379208,0.929319719909,0.929315644252,0.929307038285,0.929295792214,0.929282743217,0.929268204947;0.921615195903,0.912808535572,0.907124100311,0.903825287338,0.90128208721,0.897686586767,0.890394489624,0.876245765961,0.881491602663,0.883453735543,0.887622820941,0.893532358887,0.902538965682,0.902095199479,0.905295089394,0.914544514023,0.906915253976,0.887233501283,0.820427251761,0.867928945792,0.891624739184,0.904904712407,0.914073495018,0.914613476728,0.916545713241,0.918526491283,0.920377384323,0.921965111754,0.923287807371,0.924398463562,0.925357285048,0.926212136532,0.926994952689,0.927723013352,0.928399252746,0.929009645605,0.929520765499,0.929890217465,0.930098086368,0.930169387865,0.930155406144,0.930101522823,0.930034997234,0.929968587146,0.929906964715,0.929851060041,0.929800313894,0.929753707753,0.92971019342;0.913134184072,0.921178018234,0.908872819579,0.903777266022,0.902045505263,0.899918798868,0.890452653014,0.855333169858,0.702887190508,0.873295612929,0.890908246682,0.906848386605,0.904642491018,0.92723764119,0.916785624083,0.919705654806,0.907132274834,0.89891116547,0.871023512037,0.862617102351,0.879898148113,0.896886157139,0.911791702816,0.920465749688,0.918386565754,0.920238197401,0.922146064147,0.92369812605,0.92491178428,0.925896082704,0.92674680941,0.92752590199,0.928269461384,0.928996430436,0.929710997944,0.930394426008,0.930982009919,0.931359200695,0.931457138457,0.931346940531,0.931153786334,0.930955466386,0.930779882747,0.930631362062,0.930506526583,0.930400493659,0.93030881419,0.930227901905,0.930154995634;0.901013382521,0.907401211096,0.90435831177,0.902540278133,0.903461071794,0.912967104742,0.910759784135,0.881676700829,0.867737136247,0.880445877588,0.897710957147,0.896397543139,0.905442330648,0.914127995666,0.917484202036,0.92520865904,0.911152712616,0.897164736503,0.867860822744,0.818930870225,0.861822958172,0.892726768876,0.909260402865,0.917827279041,0.920119559324,0.922588970204,0.924614021052,0.925987307959,0.926910552511,0.927635809091,0.928299725708,0.928962247945,0.929652184434,0.930386993177,0.931180263109,0.932036378909,0.932876746577,0.933369631067,0.933218690674,0.932722215974,0.932229628328,0.931835334999,0.931531294471,0.931294079301,0.931104263119,0.930948045699,0.930815904941,0.930701246734,0.930599445177;0.886879459267,0.891534635581,0.896504758898,0.900036606074,0.903016594704,0.906623160662,0.905946214708,0.89549804036,0.888339489815,0.883369206602,0.859761409525,0.883362595058,0.907966427953,0.923094920154,0.921627762516,0.932729477407,0.915196403505,0.903976020902,0.873264623242,0.749406747857,0.863011386872,0.896822667584,0.911009156788,0.918452156521,0.922799362523,0.926075966688,0.92829703364,0.929049367747,0.929295722574,0.929573664958,0.929969199328,0.93048244134,0.931113325237,0.931872608308,0.932790747222,0.933971543338,0.935620241172,0.936889801681,0.935747708012,0.934276712358,0.933318752037,0.932695051933,0.932260622693,0.931938964415,0.931688707542,0.9314859682,0.931316107198,0.931169703601,0.931040454234;0.8588486643,0.873521402212,0.888923414278,0.897488702558,0.902203780378,0.904583164502,0.904339483178,0.901494094138,0.897334234931,0.889401724949,0.863514874997,0.883723219336,0.910252115616,0.920999167207,0.924880319566,0.927591698413,0.924207022477,0.915931260916,0.901614312828,0.891933102824,0.899458832549,0.911048895255,0.919191831749,0.923578237584,0.927105784494,0.931560001712,0.93568289543,0.933108907783,0.931930202501,0.931587562126,0.931673207055,0.932029652558,0.932612947603,0.933429678218,0.93450483367,0.936011197943,0.939414530256,0.95168882202,0.939035156019,0.935677088781,0.934270317469,0.9334677365,0.932935086627,0.932548113837,0.932249100345,0.932007254159,0.931804544744,0.931629689648,0.931475271178;0.701577562544,0.84715018167,0.883381700357,0.896443991319,0.90281271499,0.9062763784,0.908001596937,0.908115365617,0.906264752142,0.902913244418,0.900154711104,0.9059043225,0.916298069685,0.924802189905,0.930913837579,0.950813859419,0.94245575899,0.935947485181,0.92546061561,0.920071423788,0.921083685533,0.931810823218,0.931939293455,0.930395371976,0.931820641297,0.936382424797,0.944514736899,0.937150941731,0.934345771274,0.933475413806,0.93330926791,0.933536083853,0.934100524169,0.935059007991,0.936443186105,0.937951343628,0.940030701848,0.943356359157,0.93904855398,0.936310756078,0.934935078858,0.934101839639,0.933531792822,0.933109343957,0.932778039358,0.932506939693,0.932277631657,0.932078464255,0.931901709916;0.805994825168,0.856520462258,0.885522721286,0.898113418736,0.904919123734,0.909409080734,0.913540071056,0.918418282779,0.916017396827,0.914843789272,0.91530067993,0.918662587323,0.924501160706,0.933926881314,0.944654810695,0.937768808045,0.93991717018,0.939940155487,0.938641428113,0.932948667328,0.933256674424,0.936136501302,0.94330958284,0.936562676767,0.935902088594,0.937689692124,0.943871302075,0.938571352617,0.936000750053,0.935076561609,0.934800367193,0.934936216003,0.935490866069,0.936705889537,0.939291274056,0.941963215014,0.940194929439,0.939146356669,0.937789579507,0.936386711162,0.935345883782,0.934601961285,0.93404964627,0.933620433752,0.933273243343,0.932982930845,0.932733498742,0.932514366774,0.932318291346;0.871807807088,0.881093926857,0.893274222733,0.901977255754,0.907976241289,0.912733887944,0.918075344289,0.929654707772,0.924718959976,0.92631181501,0.925679539629,0.928156085052,0.931690542451,0.936701391266,0.940494645235,0.940071578585,0.943398252563,0.944886007251,0.958221967792,0.942988186186,0.947374410724,0.942657526106,0.942661598074,0.944367981305,0.939473527731,0.938771412954,0.93892755109,0.938156695884,0.937097337352,0.93642798931,0.936137337686,0.936188007005,0.936654233266,0.937898083745,0.941850166507,0.957243463835,0.940936285319,0.938571390461,0.937387291505,0.936434428183,0.935647535714,0.935015320758,0.934506149555,0.934088271872,0.933737317972,0.933435948716,