CD44__poly=[0.700736721566,0.692808859017,0.68416028896,0.674077515714,0.661195200211,0.643937532737,0.623536091026,0.598964273474,0.537899182549,0.518722728833,0.57911173578,0.60054755408,0.570621681824,0.609518550422,0.632479584996,0.588908340473,0.638636286351,0.66073263687,0.670430204708,0.717927820191,0.758697607924,0.756442736377,0.735633655444,0.791060491545,0.80851266858,0.825368502894,0.838495354162,0.828357329245,0.828409775934,0.829512662948,0.829890745041,0.829372274683,0.828779857192,0.828502314216,0.828511055638,0.828716123328,0.829045429491,0.829448956807,0.829893020437,0.83035514443,0.830820472354,0.831279336936,0.831725607757,0.832155558609,0.832567087489,0.832959179286,0.833331536698,0.833684327954,0.834018015452;0.697101773716,0.688360860682,0.679448692993,0.669356671045,0.655225633052,0.630103699677,0.580958703147,0.587329297818,0.548834375325,0.571051708998,0.579530336112,0.602107692045,0.636548301443,0.651712798349,0.661447785853,0.689826446914,0.669224023609,0.682782239867,0.619288181682,0.704256146563,0.758475177655,0.793807300309,0.80935330615,0.832947027033,0.826265648745,0.833591282614,0.839709013992,0.844393820717,0.844014172387,0.839383045664,0.836511812,0.834800285203,0.833588531923,0.832827140079,0.832430096077,0.832295041616,0.832337849692,0.832497108163,0.832729866606,0.833006654461,0.833307486119,0.833618944948,0.833932123893,0.834241192561,0.834542409244,0.834833444318,0.835112919357,0.835380094429,0.835634656515;0.692383743035,0.681770524742,0.672991701955,0.665083744929,0.653204137566,0.629536420937,0.576827560964,0.59142513724,0.567689263781,0.598306106307,0.626846141435,0.667115839494,0.685707168725,0.670805550534,0.67855369289,0.679542592894,0.647715226671,0.648878770669,0.65862119881,0.679313716887,0.754619982404,0.836170002307,0.803691081423,0.819057823592,0.855491866813,0.836417339163,0.843507255905,0.856128198766,0.863341982743,0.850014054448,0.844814976354,0.841065529559,0.838688896493,0.837258370541,0.836405463032,0.835921497779,0.835679618797,0.835597547145,0.83562051919,0.83571176433,0.835846518908,0.836008080597,0.836185166619,0.836370139807,0.83655781944,0.83674468595,0.836928349615,0.837107195228,0.837280143646;0.685795667392,0.667782135929,0.658810649662,0.659615753984,0.654469970356,0.642479265526,0.625017873632,0.581174432105,0.59637114523,0.635703622009,0.658256979188,0.682682482242,0.690891848028,0.682099258194,0.683309852507,0.661096056227,0.637942530235,0.644441771362,0.676503475993,0.721906403282,0.759894387591,0.788848786954,0.805736239289,0.805587726856,0.815724485742,0.843642214587,0.856741802718,0.868639083251,0.861341153374,0.866110490059,0.856619643689,0.847470036884,0.843758883509,0.841666531827,0.840373769333,0.839557967585,0.839045476979,0.838731667954,0.83855027991,0.838458205538,0.838426910257,0.838437233652,0.838476121411,0.838534537182,0.838606118737,0.838686308613,0.838771787948,0.838860104312,0.838949423976;0.679830787023,0.62994635606,0.606677621934,0.653011506737,0.65498343283,0.650604718979,0.643826867802,0.630182265023,0.63841935894,0.66192296241,0.681875424447,0.692211588467,0.68925970206,0.683968047841,0.685074077604,0.687702165609,0.690413830256,0.69893720557,0.716121341442,0.740521601463,0.764850998202,0.786870513793,0.807456531725,0.823725578042,0.842734645023,0.853081403206,0.853411609761,0.855987252669,0.85904953477,0.863150975932,0.85987570838,0.852709666935,0.848528194615,0.845936045279,0.844276077004,0.843171967379,0.842415383075,0.841885281907,0.841507733031,0.841235925205,0.8410393669,0.840897649967,0.840796720203,0.840726610062,0.840680044371,0.840651571374,0.840637011698,0.840633101307,0.84063725418;0.683514196922,0.652491632934,0.639742344708,0.653495083311,0.649022341461,0.648314831479,0.656882321168,0.661860689969,0.669601431761,0.68242885282,0.705412607601,0.714412879437,0.694389807019,0.661299979814,0.675259784628,0.708277096375,0.71947424661,0.72689888997,0.740211397404,0.756952268188,0.773885543054,0.791785713036,0.814733652447,0.831029959935,0.843477009054,0.858924290074,0.872091494854,0.862219955557,0.860047533275,0.860975113595,0.865044092283,0.858707691034,0.853045594688,0.850011217708,0.848080552168,0.846747615801,0.845780190744,0.845051377117,0.844486046327,0.844037649007,0.843676164601,0.843381372586,0.843139024185,0.842938644847,0.842772251534,0.842633583367,0.842517623567,0.842420289951,0.842338225509;0.692718241001,0.677746293309,0.665102792825,0.655242947246,0.621398348421,0.604889793163,0.66436616247,0.677720301714,0.686455275534,0.695584688479,0.704982872199,0.708738628154,0.704302082951,0.691133787314,0.701142620999,0.734362381239,0.749129319289,0.746022392339,0.75909336806,0.776626223053,0.783572863279,0.79678166958,0.814075315184,0.831534921954,0.85457985962,0.862182940387,0.869863320247,0.868083408003,0.868137445799,0.864573820835,0.870699029035,0.862833991851,0.856966265228,0.853859670027,0.851792915647,0.850293438319,0.849145771465,0.848232017916,0.847483634808,0.846858935341,0.846330964271,0.845881010984,0.845495226606,0.845162848158,0.844875226593,0.844625260097,0.844407038959,0.844215606132,0.844046784569;0.701078519393,0.688030174554,0.66616259024,0.64189853381,0.647491697772,0.654988451101,0.677535021295,0.689198611497,0.69777543409,0.705705963863,0.712176875447,0.716076588608,0.717765603139,0.719652405069,0.727066159619,0.740012721751,0.750169196154,0.758151016447,0.771725175679,0.79205452397,0.788467381995,0.800327495983,0.826699493156,0.833510536971,0.852904580048,0.878709940784,0.873194674731,0.868556653377,0.871034525915,0.869158309069,0.868097943545,0.864340221689,0.860467632827,0.857585777292,0.855471545661,0.853846161087,0.852534761756,0.851438751475,0.850503710676,0.849697415636,0.848998083195,0.848389173101,0.847857259085,0.847391097315,0.846981143524,0.846619252479,0.846298462179,0.846012823123,0.845757255285;0.709796905553,0.698535009289,0.669061748598,0.562063492796,0.67088593721,0.684657935523,0.690900875196,0.696079518446,0.704983073727,0.714820713611,0.721376691323,0.724947751256,0.72912514424,0.734698478909,0.741689155148,0.749779328913,0.757771086395,0.76629764396,0.791202091722,0.752469355474,0.738198639062,0.795264053216,0.819720979414,0.832361916727,0.849219932101,0.870950402998,0.868934274903,0.867656862848,0.871543673461,0.884332190811,0.877588375705,0.868692800222,0.864296698758,0.861379441572,0.859211797373,0.857469433355,0.855986888532,0.854691411132,0.853552288377,0.852550939808,0.851671122233,0.850897558529,0.850216233947,0.849614619235,0.849081695101,0.848607872486,0.848184868434,0.847805565545,0.847463869614;0.720857391383,0.715331160622,0.703417659412,0.696063781677,0.703137937797,0.703940512007,0.697118953699,0.683280404406,0.704522134717,0.725180969341,0.734785345534,0.729503952002,0.736417458839,0.746086627537,0.753603992491,0.76004907833,0.766153623706,0.77167832964,0.774325683708,0.763422814439,0.761941669822,0.791481061308,0.814966647744,0.831751064364,0.846583730232,0.861550560672,0.866849633302,0.869665491328,0.876252123949,0.893441119292,0.883715716544,0.872899207574,0.868257677908,0.865322905584,0.863131129131,0.86126335537,0.859561720089,0.858014655011,0.856633806984,0.855414372994,0.854340997653,0.853395831345,0.85256182796,0.851823674975,0.851167951654,0.850583050249,0.850059014013,0.849587346031,0.849160815458;0.736915072645,0.739057069744,0.729659791864,0.733821892526,0.748694011592,0.722871531351,0.704753071143,0.582271128111,0.70503977646,0.735900625341,0.75550703145,0.689612684318,0.738012268387,0.759260111822,0.766056179482,0.770338063628,0.774832876422,0.778398147756,0.778266153763,0.764060370423,0.589001065507,0.790824865569,0.817746750814,0.834391235289,0.847893887797,0.859769958679,0.868382787107,0.874836408458,0.881186878281,0.886391897234,0.881738909538,0.876320046234,0.8722623716,0.869535135295,0.867464889809,0.865421931549,0.863343197412,0.861427034363,0.859742768533,0.858275182119,0.856993782605,0.855870571751,0.854881792122,0.85400736121,0.853230314716,0.85253636309,