CD44_OAC1=[0.684369865181,0.678822446249,0.674229439121,0.669035755748,0.661644105552,0.64982008257,0.626023143957,0.473499659413,0.599556301421,0.611443123415,0.610840190562,0.636400216555,0.64088791235,0.627835132645,0.561015571585,0.660222614521,0.676181099479,0.739718378344,0.774800736995,0.793551697581,0.798662448564,0.804814382254,0.842770190363,0.816493310409,0.812799726781,0.813180898208,0.813949244296,0.814752477538,0.81558724435,0.816450976755,0.817330231539,0.818211055177,0.819080410702,0.819924141087,0.820725207347,0.821463625986,0.822118756041,0.822673784375,0.823120703627,0.823462910737,0.823713661933,0.823891479009,0.824015284619,0.824101259691,0.824161714717,0.824205285398,0.82423768072,0.824262501364,0.824281923943;0.672265152134,0.667244086367,0.665167154482,0.66210510859,0.655855102095,0.644799084699,0.625121224801,0.592425469416,0.589666464591,0.620628125703,0.633082005601,0.644208550678,0.646503542464,0.557319968698,0.641592888629,0.672659817395,0.683762535389,0.749619681071,0.787052217845,0.803508299763,0.809187637319,0.813390535515,0.818358294711,0.818421790237,0.817245927384,0.817146252825,0.817547626057,0.818136876692,0.81880682429,0.819519845765,0.82026129692,0.821023395051,0.821797382139,0.822568982067,0.823315932981,0.824007787638,0.824609547803,0.82509045216,0.825435219178,0.82565021964,0.825759382428,0.825793490024,0.825780679121,0.825742046214,0.825691421182,0.825636966543,0.825583019731,0.825531559839,0.825483209179;0.647456561618,0.646211026676,0.652668015075,0.654519705323,0.650497014978,0.641465168706,0.627427791775,0.599441207632,0.569985682091,0.626665331276,0.6336782892,0.633686633184,0.642505265763,0.638391612641,0.678274305056,0.708879476387,0.739546781566,0.774069559314,0.81709968234,0.825900582431,0.831376269113,0.826544476299,0.82877983418,0.824171790739,0.822381185521,0.821687262178,0.821621786151,0.821882831934,0.82229850688,0.822797851825,0.823360582736,0.823982234112,0.824656557136,0.825367614671,0.826085345617,0.826762753281,0.827338635977,0.827753541801,0.827977186152,0.828025090018,0.827946116902,0.82779496724,0.827613789881,0.827428430897,0.827252122341,0.827090276765,0.826944060398,0.826812577056,0.826694073816;0.548382018688,0.603791779018,0.635738232316,0.646802407114,0.644526165314,0.635444798133,0.625317067015,0.615839278146,0.658711049414,0.638502655882,0.625435801721,0.595871504818,0.62877337263,0.666929279275,0.696186010214,0.718716697217,0.77026943828,0.796536202022,0.853108131336,0.831551387778,0.830638915003,0.836037529823,0.84040060332,0.8319667762,0.828332328081,0.826616347703,0.82603408687,0.825938084072,0.826045319996,0.826272534242,0.826612501768,0.827071465426,0.827647130116,0.828322282418,0.829059252896,0.829789380577,0.830404081934,0.830777835589,0.830843100848,0.830644741596,0.830295021755,0.829894990774,0.829503830888,0.829146881353,0.828830789336,0.828553831293,0.828311248658,0.828097654297,0.827908001087;0.592279957188,0.534457802316,0.615130350472,0.642488344619,0.6374738326,0.618184013605,0.608073916337,0.60032744907,0.505889136035,0.625067150218,0.618471120422,0.572704998126,0.655942581409,0.67266455461,0.704516285209,0.722340244973,0.776165471943,0.822040900831,0.842412807117,0.833340495248,0.832556412981,0.834646177647,0.842688886178,0.847058120781,0.834374931443,0.831628825154,0.830735530138,0.830322284697,0.830056014418,0.829928693048,0.82998847715,0.830260918307,0.830746453811,0.831428024206,0.832268962411,0.833188347381,0.834001838869,0.834408987227,0.83422204419,0.833595603897,0.832820603528,0.832077280821,0.831427038315,0.830875199995,0.830409145981,0.830013215953,0.829673329906,0.82937796032,0.829117977695;0.647262764007,0.607772406271,0.634365068327,0.648865998924,0.634484756483,0.550386955016,0.52170012766,0.602723471827,0.620166727051,0.62166905411,0.566158676458,0.643252519744,0.685098551215,0.708382782887,0.739788134481,0.793737378182,0.797631593193,0.81893571833,0.836193319037,0.847569361145,0.840981042353,0.838281535117,0.841698515618,0.843247098314,0.838295399283,0.836619289977,0.835971466531,0.835226091277,0.834384260449,0.833740986518,0.833438212675,0.833500729368,0.833915439505,0.834664681733,0.835736675258,0.837108240201,0.838564094986,0.839281596937,0.838520440523,0.8369805294,0.835496414333,0.834290780031,0.833339275301,0.832580644745,0.831963758158,0.831451598961,0.831017985575,0.830644256899,0.830316894629;0.683892745183,0.672081705501,0.66897508467,0.665595878958,0.650769462286,0.616816378899,0.597583948179,0.629235607105,0.643292046025,0.630634439302,0.580106690693,0.662426618689,0.718659394665,0.766154087247,0.773803976176,0.824362216248,0.809653244685,0.82817782754,0.851609680182,0.884593342677,0.849049315372,0.84281819732,0.84233260603,0.842288927267,0.841963425479,0.842584979791,0.842883222006,0.841161162127,0.839081504784,0.837629117076,0.836870418416,0.836715240113,0.837097039871,0.837991655456,0.839434255603,0.841645448512,0.845099081992,0.84773934729,0.844626522488,0.840758990049,0.838170118345,0.836426321029,0.835173276893,0.834221899632,0.833468345354,0.832851499885,0.832333052013,0.831887714307,0.831498091695;0.713809381429,0.702762561262,0.693261795502,0.685388140101,0.675298326427,0.66366062827,0.658445628081,0.663127149839,0.667005570506,0.656263503609,0.595477959668,0.680121181694,0.736335405483,0.768557867034,0.788876442126,0.811471151284,0.8238626135,0.833761359054,0.844197206163,0.855036900965,0.851993081055,0.848851564155,0.848262544115,0.846723075883,0.847041481963,0.851671285286,0.857230139456,0.848786403808,0.843925615049,0.841370692836,0.840136284894,0.83980288085,0.840221971655,0.841373448113,0.843289315982,0.846362979661,0.85411026876,0.883380290316,0.852528220864,0.844129458992,0.840480339517,0.838325158915,0.836852406249,0.835757957234,0.834898855441,0.834197657047,0.8336081743,0.833100894455,0.832655961118;0.778185134314,0.727787202848,0.712174439911,0.703621882472,0.696160039066,0.689028168986,0.68361524939,0.683298926002,0.690013948582,0.694866568443,0.699718114218,0.722624263822,0.752257801504,0.779162691941,0.803361493908,0.867580572611,0.856357575945,0.854070786352,0.846341085065,0.847191144768,0.850650956053,0.866543248912,0.861205387376,0.852951965344,0.85187226097,0.858723920769,0.874645123452,0.856055605014,0.847973169076,0.844582194563,0.84305632505,0.842648420502,0.84320468203,0.84483966436,0.847613837962,0.850789207089,0.855427686693,0.863153939416,0.852479200958,0.845613937806,0.842070249098,0.839866487196,0.838324673171,0.837162236016,0.836239830987,0.83548013316,0.834836429399,0.834278651011,0.833786472793;0.756431493234,0.737991795627,0.726113845235,0.719074546279,0.713149611441,0.706189305667,0.692962851379,0.669492013854,0.704502981113,0.726182777416,0.738493065341,0.752836256095,0.770514406125,0.798731292378,0.834535643604,0.821930327765,0.835536560182,0.839728005003,0.838596457628,0.834656153597,0.846452956094,0.857481414114,0.874044167702,0.858098111273,0.85514656347,0.857699165727,0.870575447372,0.85715304845,0.850090507284,0.846980829805,0.845518217735,0.845148003826,0.845881486676,0.848291743754,0.854083711471,0.860173642092,0.85561915367,0.852830112661,0.849322067942,0.84572439239,0.84302510643,0.841066318526,0.83959150465,0.83843276395,0.837488597269,0.836696247325,0.836015300724,0.835418657392,0.834887477675;0.747129831697,0.742309227493,0.736830240199,0.732369044761,0.728236693393,0.72244345706,0.70672189842,0.63560891287,0.72769724042,0.761162595522,0.767832691059,0.777303367387,0.784053450957,0.78790977611,0.799200226929,0.813910750908,0.829761190177,0.825130211785,0.821304085168,0.813014364293,0.857817661477,0.85738531486,0.862584810738,0.868693010655,0.857819307849,0.856142900192,0.856163664,0.853868832865,0.850844071171,0.848742873476,0.84756999126,0.847253611539,0.847980622693,0.850627039872,0.859853031152,0.896771446242,0.857181197406,0.851263141283,0.848218242342,0.845750779143,0.843702223141,0.842044475211,0.84069979979,0.839589964642,0.838654580616,0.837850351992,0.837146604244,