CD48__poly=[0.0525255013744,0.0521712049776,0.0517571895757,0.0512178994072,0.0504304523356,0.0492438728078,0.0477049179415,0.0456634114576,0.0405784794116,0.0382708342481,0.0410349032364,0.0397740499269,0.032806167627,0.0256722161298,0.0334003887073,0.0318683902134,0.0326027166668,0.0390719400075,0.0437543954303,0.0496227850823,0.0529464295303,0.0581773734964,0.0624045230819,0.0716067016946,0.075664746786,0.0737322437959,0.0709436366354,0.0776098303225,0.0794406712629,0.080438267198,0.0809350044256,0.080806383898,0.0800723635853,0.0790507336441,0.0780106114537,0.077056216896,0.0762028335349,0.0754354881958,0.0747340448216,0.0740814603876,0.0734654540413,0.0728779603434,0.0723140438345,0.0717708699918,0.0712469047102,0.0707413534839,0.0702537972914,0.0697839719821,0.0693316445364;0.0523968425316,0.0520450684497,0.0516943916439,0.0512630111649,0.0505198535705,0.0489017508222,0.0453419772717,0.0459826453683,0.0428479577233,0.0438852237632,0.0427620812173,0.0411786412509,0.0398004152935,0.037616210293,0.0375903208359,0.0345146972282,0.0385833711135,0.0391061894509,0.0422610401865,0.053463309702,0.0621525544879,0.0708095594907,0.0702781453912,0.0761305321582,0.0949266722715,0.0876335704329,0.0844616858657,0.0815712913721,0.0821581800983,0.0860125027571,0.0875368957241,0.0860635739783,0.0836715252558,0.0815220792023,0.0798154641908,0.078468109054,0.0773699603863,0.0764370061559,0.0756128802972,0.074861836943,0.0741620741354,0.0735007569658,0.0728705801902,0.0722674995597,0.0716892951471,0.0711347002753,0.0706028983228,0.0700932484318,0.0696051473633;0.052155565378,0.0517264442373,0.05147289736,0.0513283887442,0.0509223875451,0.0496334008063,0.0460486844771,0.0478424242057,0.0464594376737,0.0490445135547,0.0497107290256,0.0454122132097,0.04321753268,0.0439934953769,0.0411040742148,0.0345709695538,0.0404111866551,0.0424239745727,0.0450403879278,0.054423368147,0.0739628961348,0.297979972678,0.0924210708794,0.101026192057,0.125303430261,0.110343606167,0.106986986117,0.0891050599867,0.0830759560669,0.0965040577477,0.099639945331,0.0931415579949,0.0874616557906,0.0838294008129,0.081444202004,0.0797544948192,0.0784590009471,0.0773934491422,0.0764666841744,0.0756279000978,0.0748490913624,0.074115140409,0.0734180597471,0.0727536526782,0.0721196231598,0.0715145484463,0.0709373511881,0.0703870492325,0.0698626523052;0.0517228197015,0.0507897090395,0.050599606358,0.0512437850858,0.0515353031486,0.0514208472236,0.051044645938,0.0487195422608,0.0517506150014,0.057524786657,0.0608303494533,0.0576262717853,0.0524249331487,0.0498251908713,0.0460928768087,0.0429883199093,0.0434638569945,0.0457262495502,0.0491878874774,0.0590403325539,0.0709383985213,0.0845674596258,0.0835116695224,0.0765375344736,0.108550188012,0.151321561842,0.172649001118,0.0925721354573,0.0953753669917,0.125388189737,0.13531057597,0.100680206864,0.0902230996296,0.0854287674825,0.0826687784122,0.0808213651974,0.0794332353064,0.0782922971486,0.0772923173895,0.0763792607394,0.0755261164098,0.0747198203576,0.0739542163336,0.0732263213539,0.0725344363931,0.0718772610349,0.0712535269519,0.0706618811048,0.0701008773967;0.051265427527,0.0479542289926,0.0467077399403,0.0509636945913,0.051972026598,0.0527045596759,0.0535880439391,0.0544997796948,0.0586513946805,0.067833428069,0.0855223838869,0.0854882077484,0.0648951274612,0.0556682436476,0.0514559087995,0.0497555864984,0.0500432231201,0.0519046895595,0.0552976964598,0.0608060568467,0.0676219768032,0.0738512943694,0.0769466128067,0.0815729684006,0.10271668765,0.159252724263,0.11726817796,0.0994058020487,0.0980160397451,0.121512536352,0.125269829105,0.0991784120936,0.0901074792814,0.085868077392,0.0833712621692,0.0816475614579,0.0803011869024,0.0791488001439,0.078103286784,0.0771250530433,0.0761978227378,0.0753158999981,0.0744776768884,0.0736826145829,0.0729300457683,0.0722188408045,0.0715474281025,0.0709139245673,0.0703162735449;0.0514393453636,0.0496049416198,0.0492464133848,0.0510836355229,0.0517062356274,0.0528966374492,0.0552956740788,0.0582388781129,0.063309503375,0.0745110920951,0.118810282225,0.130504718783,0.0722283161804,0.0572758385482,0.0533563117729,0.0527879431321,0.0529041543417,0.0547431743116,0.0571377315932,0.0605122142104,0.0649691756261,0.0693292868288,0.0712736797161,0.076039579833,0.0853158234065,0.0893143612204,0.0822732967712,0.0873294809147,0.0904536887709,0.0948554927907,0.0921678646125,0.0899701000734,0.0876292654373,0.0853983909717,0.0837007613893,0.0823356701223,0.0811366664242,0.0800143885547,0.0789327724557,0.0778843613278,0.07687327588,0.0759059121481,0.0749870761646,0.0741190766585,0.0733020530148,0.0725346279175,0.0718145093983,0.0711389376436,0.0705049810042;0.0518977999994,0.0513045737032,0.0510168474091,0.0511030307515,0.0494783450431,0.0494180869962,0.0560550949169,0.0596542325218,0.0641988677178,0.0715220562708,0.0824854427703,0.0822996799726,0.0695799210506,0.0604474134163,0.0565001802885,0.0533418006264,0.0525612358839,0.055981939676,0.0567244123044,0.0571808667118,0.0617364477335,0.0660048672861,0.069161154732,0.0718113729852,0.0706955034395,0.074298006198,0.074425776775,0.0779915908252,0.0802453028478,0.0845141380582,0.0810567128583,0.0842785750424,0.0853611630748,0.0848564171897,0.0840380684482,0.083104750753,0.0820784310248,0.0809759738374,0.0798313094904,0.0786830942154,0.0775629391873,0.0764914401608,0.0754793796027,0.0745306018015,0.0736446953883,0.0728189302834,0.0720494864393,0.0713321703041,0.070662803868;0.0521112269873,0.0516496272754,0.0506827753017,0.0496933562712,0.0512503507031,0.0532803028484,0.056910906446,0.0600621065878,0.0634426169952,0.0672310427871,0.0703221302273,0.0699715159041,0.0662134816143,0.062156185678,0.0593185346925,0.057416099133,0.0567959869567,0.0569323505398,0.0555861773425,0.0517584056115,0.0569226083775,0.0627079936716,0.0626719655074,0.0683476909728,0.0676338513813,0.0612909837183,0.0688499854899,0.0752241910234,0.0766755610603,0.0797106007028,0.0810984245322,0.083065884592,0.084441838162,0.0849341384343,0.0848176071851,0.0842463073267,0.0833177770165,0.0821478576704,0.0808584169445,0.0795463823399,0.0782728757794,0.0770692338896,0.0759475159774,0.0749090960953,0.0739501424145,0.073064686732,0.0722461994318,0.0714883324205,0.0707852285815;0.0520784863619,0.0516862180858,0.0501600171743,0.0428669467521,0.0523910099389,0.0551592671958,0.0576062149071,0.0600248047029,0.0626242772057,0.0648477777211,0.0661036100832,0.0660670524281,0.064644456233,0.0626571136013,0.0609087941261,0.0596743429622,0.058912398767,0.0579809291913,0.0518795441072,0.0539218622074,0.0560242253332,0.0621242786204,0.0641437092452,0.0677544714773,0.0680801292268,0.064197625668,0.0708456689746,0.0765114767571,0.0778318695726,0.07185207341,0.0767016657928,0.0822827794626,0.0847302530984,0.0860234228382,0.0864778415579,0.086126080275,0.0850990727823,0.0836601382496,0.0820667588727,0.0804853445373,0.0789959979182,0.0776261840261,0.0763777714335,0.0752422511133,0.0742079918493,0.0732633156093,0.0723976209243,0.0716016647426,0.0708675131217;0.0517086609891,0.0515847093747,0.0514828194174,0.0515586632229,0.0532546856043,0.0557956882912,0.0577399289313,0.0587133941742,0.0621024610574,0.0638114102634,0.0634704714703,0.0646519114965,0.0642430340146,0.0630615890368,0.0619156089422,0.0610667208499,0.0604096474985,0.0596613602162,0.0585221568537,0.0581868103163,0.0595111883916,0.0630483406326,0.0659966200591,0.0684054080606,0.0699144475372,0.0701461903055,0.0746899857649,0.080191077078,0.0808006561122,0.0705541399507,0.0765526354696,0.0832888821855,0.0863995434396,0.0885573865251,0.0896580261783,0.0893126082713,0.0877507729573,0.0856356504982,0.0834718699683,0.0814764407078,0.0797011168306,0.0781343772489,0.0767478991198,0.0755130261341,0.074405299169,0.0734049236641,0.0724960943436,0.0716661538312,0.0709048648271;0.0503544855228,0.0500677329617,0.0517335092418,0.0513299208089,0.0496914174287,0.0560690137451,0.0582410051084,0.0504544682255,0.0633881347236,0.0659106534232,0.0604556798563,0.0623809021622,0.0645516967907,