CD48_OAC1=[0.0515890746668,0.0511774893351,0.0508095676827,0.0503499884813,0.0496552587971,0.0485343247917,0.0464273875054,0.0348527609603,0.0440715911842,0.0453339281649,0.0457451531182,0.0478958418329,0.0486199221431,0.0485602334471,0.0450195451169,0.0560191390763,0.0609057489355,0.0711957624177,0.0790148453435,0.0803047504147,0.0749612701479,0.0690884467611,0.056189931555,0.0676670283629,0.0709541855726,0.0723013342329,0.0730934126332,0.0735134821322,0.0736119050859,0.0734445617718,0.0730755807206,0.0725663277766,0.0719690758214,0.071325564365,0.0706682742259,0.0700223674966,0.0694069489283,0.0688352028387,0.0683139428533,0.0678437125498,0.0674201649995,0.0670363410983,0.066684834292,0.0663591477416,0.066054197733,0.0657662716653,0.0654927589745,0.0652318489313,0.0649822767888;0.0504454319311,0.0500791335141,0.0499121346058,0.0496310210127,0.0490479767007,0.0480202629506,0.0462604044664,0.0435124426837,0.0431442826557,0.0456392483144,0.046741822309,0.0466496067321,0.0456316675881,0.0427362969782,0.0520225236305,0.0571636706734,0.0605854625669,0.0678819453992,0.0696102347318,0.0702946459534,0.0699648116828,0.0686354170782,0.0675475685378,0.0689313898906,0.0709805943503,0.0724794655098,0.0734709970995,0.0740075227131,0.0741377218051,0.0739358874687,0.0734903519523,0.0728839801592,0.0721837945184,0.07144019772,0.0706908820839,0.0699652074926,0.0692865359743,0.0686715684472,0.0681279116658,0.0676530643248,0.0672369579478,0.066866660632,0.0665302931638,0.0662187856885,0.0659259546123,0.0656478642555,0.0653821018931,0.0651272052211,0.0648822734997;0.0483357847996,0.0482620638889,0.0487512609032,0.0488612954595,0.0484668155823,0.0475893139864,0.0461512876836,0.0433469775018,0.0402190628399,0.0448939900973,0.0462239108449,0.0449066810364,0.0415700359425,0.0477203562099,0.0544992046043,0.0594231044391,0.0650402917646,0.0692165334567,0.0638062265806,0.0640499986484,0.0631949814691,0.0656989989724,0.0658007090398,0.0689654554858,0.0712975286011,0.0731383141885,0.0743938960929,0.0750284643161,0.0751054890185,0.0747566756509,0.0741268834261,0.0733348904103,0.072463592671,0.0715675272186,0.0706846436219,0.069846000974,0.069080362663,0.0684112631815,0.0678482956187,0.067382115619,0.0669904302867,0.0666492596237,0.066340123681,0.0660513236186,0.0657763386545,0.0655118591152,0.0652563449509,0.0650091514146,0.0647700472174;0.0406912042649,0.0448361700295,0.0472452483767,0.0480761181273,0.0478476109905,0.0469865408408,0.0457799729001,0.0437994545243,0.0378100376635,0.043626420257,0.0456352034064,0.0434113271435,0.0410103333432,0.0478581615929,0.0548831491269,0.0566402077698,0.0671803607235,0.0797800066425,0.0623659181217,0.0679981522875,0.0665664537517,0.0643446413273,0.0635019212372,0.0684375996379,0.071878915957,0.0745080645058,0.0761608191205,0.0768277567653,0.0766737775386,0.0759812869125,0.0750057385455,0.0739123620646,0.0727896216033,0.0716819910279,0.0706164094202,0.0696203898511,0.0687322422853,0.0679945505375,0.0674256198712,0.0669995086227,0.0666654288761,0.0663791018453,0.0661141874894,0.065858446603,0.0656073986766,0.0653600958773,0.0651169567721,0.0648787891738,0.0646463912154;0.0436064043042,0.0394035001828,0.0454388376025,0.0475300697985,0.0471628682534,0.0456267385114,0.0445711343188,0.0432718543689,0.0354074506563,0.0447554495518,0.0457281532672,0.0429082084299,0.0491920032533,0.0437012319841,0.0588655999414,0.0638308653762,0.0805198552043,0.136772252218,0.0976884083669,0.0742565416339,0.0689464586865,0.0672012333769,0.0649035547207,0.0650663702288,0.0732214453158,0.0771951033253,0.0794000184003,0.0798719470204,0.0790726937191,0.0776730867299,0.0761135429355,0.0745794279021,0.0731221215448,0.0717440481384,0.0704395966125,0.0692197692582,0.0681399906572,0.0673041006647,0.0667701267905,0.066460495219,0.0662485946869,0.0660568422341,0.0658572953192,0.0656451771187,0.0654232164869,0.0651955952394,0.064966075564,0.0647375941254,0.0645123051204;0.0471234439041,0.044367452932,0.0465044801301,0.047742367848,0.0467773028455,0.0405725854891,0.0383644605538,0.044133056478,0.0453275436039,0.045793955202,0.042207661018,0.0485926081109,0.0537326422457,0.0605071925739,0.075745022042,0.0811105253643,0.0860445621321,0.100053801551,0.0877207721176,0.0681973261644,0.0667727221988,0.0674501065267,0.0676268419429,0.0700669426494,0.0767884155517,0.0824846949743,0.0855928051323,0.0850762051574,0.0825723074546,0.0798078959188,0.0773575251047,0.0752512747998,0.0733971477224,0.0717039330177,0.0701019774312,0.0685486580285,0.0670970783582,0.0660572246595,0.0657000576508,0.0657121943906,0.0657426140685,0.0656970477869,0.0655824940469,0.0654208564478,0.0652300309586,0.0650224266961,0.0648063350669,0.0645872646698,0.0643688788253;0.0488535554091,0.0483130016011,0.0485528587413,0.04866576531,0.0477850570126,0.0453724636131,0.0439685776531,0.0463035926416,0.0474342312463,0.0467080230404,0.0429657561659,0.0468299245723,0.0542172852539,0.0599518924304,0.0941888476898,0.229257142216,0.0881057606261,0.075909530382,0.0652074749356,0.0489891300037,0.0630607096722,0.0665325763127,0.0694342813786,0.0742910347966,0.0824008969984,0.0933394308431,0.0994699975688,0.0942286596147,0.0871652635293,0.0820831737399,0.0785061333006,0.0757867255857,0.0735317218161,0.0715107890017,0.0695691772745,0.067530088341,0.065146891158,0.0632510884725,0.0638301405869,0.0647591488876,0.0652016127881,0.0653383435801,0.0653126346157,0.0651986361988,0.0650354898412,0.0648451175046,0.0646404573715,0.0644294533877,0.064217117382;0.0488021395798,0.0491512973468,0.0496893225073,0.0497818836674,0.0493646794282,0.0486402100072,0.0482904788569,0.0486546879522,0.0490291135788,0.0484125030571,0.0439488401661,0.0490719966474,0.0556833810071,0.0629537022713,0.0766925000529,0.0841881238791,0.0740810921427,0.0675353356187,0.0630100186498,0.0587683759359,0.0609263562637,0.0643582573232,0.0683406084008,0.0754997682975,0.0880852554425,0.117860147624,0.149843025247,0.108151043465,0.0913137194312,0.0836847560519,0.0791913699309,0.0760184668281,0.0734450653422,0.0711164681832,0.0688323908864,0.0663205969624,0.0620336120205,0.0489302282054,0.0611376649143,0.0639200189799,0.0647673257397,0.0650410522884,0.0650753421541,0.0649921742137,0.0648467670261,0.0646676007175,0.0644706569552,0.064265421428,0.0640577355871;0.0407073773773,0.0487863403685,0.0505159515817,0.0508500004334,0.0506766989966,0.0502525699744,0.0498026861628,0.0496629260707,0.0500949702777,0.0506087104768,0.0513795966197,0.0537656022051,0.0573459810748,0.0609686199941,0.0640841566181,0.0484912931369,0.0547739458141,0.0557881026196,0.0586816402388,0.0593538043045,0.0602726218839,0.0567857904816,0.0632520006904,0.073896219376,0.0879940715536,0.123714774451,0.178599872653,0.10833241168,0.0912489595258,0.0836364879207,0.0791036394628,0.0758413512013,0.0731023894042,0.0704673928178,0.0677285558379,0.065110891359,0.0620871322471,0.0579435167153,0.0616750142356,0.0638054254796,0.0645849269553,0.0648524845178,0.0648895427815,0.0648100718327,0.0646680768339,0.0644920198307,0.064298028874,0.0640957089909,0.0638909731221;0.0475228678144,0.0502015876162,0.0515710875091,0.0519031564061,0.0517611826682,0.0512313291981,0.0500156743855,0.0478795720255,0.0498431131497,0.0513042792635,0.0529222284493,0.0550073006943,0.0571810412746,0.0563751203367,0.0523200675066,0.062734923838,0.0611359812067,0.0587540177289,0.0568137839218,0.0600669765526,0.0603127046999,0.0604424015256,0.0576686784828,0.071013496734,0.0817060444645,0.0940693595019,0.0929336704895,0.0929357922133,0.0870135125133,0.081991604536,0.0782826259983,0.0753033258365,0.0725799668366,0.0696054978401,0.0654975601872,0.0615915193468,0.0625541800986,0.062830197382,0.0634800220452,0.0642165077208,0.0646222756667,0.0647659966274,0.064753526374,0.0646516521982,0.0644989490791,0.064317944782,0.0641221634973,0.063919934965,0.063716486099;0.0521025230552,0.0524144031677,0.0528512967858,0.0529911800571,0.0528020437597,0.0521805296798,0.0505077057288,0.0444961175008,0.0488722294737,0.0494365996828,0.052334998825,0.0543017810161,