CD4__poly=[0.00448811619739,0.00430685000194,0.00411835437512,0.00391845234285,0.00369979478841,0.00345504366283,0.00319276167596,0.00290938764171,0.00245944642632,0.00220965516365,0.00226578077027,0.00211121840049,0.00168025043216,0.0012683522363,0.00158394619956,0.00143797015865,0.00138360528563,0.00153831230099,0.00157403491581,0.00160629836534,0.00152822532641,0.00152453147354,0.00154974141033,0.00171077146262,0.00179255764946,0.00182474326602,0.00186716312324,0.00217769770103,0.00236731222434,0.00253484892723,0.00270407625696,0.00287999752722,0.00305072928593,0.00320943515577,0.00335611500669,0.00349217503006,0.00361896898384,0.00373760555019,0.00384897611727,0.0039538040958,0.004052685544,0.00414611969351,0.0042345316745,0.0043182894743,0.00439771659092,0.0044731014415,0.00454470432473,0.00461276255456,0.00467749424283;0.00451680493329,0.00432854654602,0.00413686403513,0.00393544508692,0.00370816902309,0.00341918282289,0.00300809156697,0.0028838006738,0.00253438833546,0.00245130023227,0.00227219565357,0.00210703074053,0.00198144931276,0.00182601075027,0.00176847332316,0.00155608066039,0.00164320897644,0.00154611834205,0.00151632372963,0.00168183206493,0.00161523778076,0.00148623870824,0.00146755597329,0.00145063747144,0.00168816474424,0.00180690472134,0.00192692438395,0.00204785630502,0.00222512332686,0.00246223285129,0.00267348662144,0.00286340620378,0.00304048878636,0.00320428860684,0.00335543344839,0.00349530150361,0.00362528801028,0.00374659055462,0.00386019197625,0.00396689252813,0.00406734802975,0.00416210311581,0.00425161769743,0.0043362871714,0.00441645747519,0.00449243611128,0.00456450012675,0.00463290185405,0.00469787304097;0.00454406476001,0.00434247788894,0.00415097968028,0.0039622241604,0.00374707541615,0.00346415883286,0.0030302550259,0.00294772263597,0.00266177429149,0.00260609670864,0.00247698553244,0.00218378876403,0.00205958659163,0.00208746542398,0.00192026494439,0.00156393292209,0.0017381805718,0.00169927009096,0.00163411198917,0.00170511633766,0.00176436051787,0.00131617687546,0.00167837601203,0.0015805024447,0.0013962896105,0.00183358354727,0.00196049967032,0.00197304863731,0.00202627287979,0.00238309626759,0.002623440612,0.00284159588021,0.00303447263956,0.00320648723637,0.00336266383566,0.00350605798898,0.00363871442368,0.00376213084852,0.00387745080806,0.00398556835535,0.00408719707361,0.00418291908398,0.00427322039459,0.00435851624318,0.00443916904111,0.00451550092915,0.00458780249411,0.00465633880868,0.00472135363955;0.00456374217177,0.00431336091645,0.00412199580271,0.00398812899348,0.00381287707081,0.00359385442085,0.0033416287493,0.00295211074655,0.00285436321767,0.00283259629166,0.00268074381159,0.00245339667207,0.00232890827725,0.00229946387247,0.00214489800209,0.00196333713814,0.0019040636924,0.00187899325197,0.00184661379855,0.00194952791679,0.00193809606644,0.00187027314522,0.00179232700132,0.00147753709704,0.00170967708074,0.00183510295541,0.00188776526138,0.00188990032492,0.0021491075953,0.00221608895797,0.00251730989519,0.00282477329651,0.00303750794936,0.00321778654186,0.00337853517464,0.00352480293548,0.00365945042674,0.003784356753,0.00390085031704,0.00400991618615,0.00411231338374,0.00420864784444,0.00429941990588,0.00438505564166,0.00446592751086,0.00454236791152,0.00461467806867,0.00468313389711,0.00474798992948;0.00459109977799,0.00412993398176,0.00385423395599,0.00401175942888,0.00388130528213,0.00370690771898,0.00351247644676,0.00327377976877,0.00313308604226,0.00302913022006,0.00284422925603,0.00269328030153,0.00261437688024,0.00251189178465,0.00240572706169,0.00231365700085,0.00225323743688,0.00221386299821,0.0021867521011,0.00217892017947,0.00215310876189,0.00209613517227,0.00198548853337,0.00185543397193,0.00178607772248,0.00187548691403,0.00205933967241,0.00219024805712,0.00229657653389,0.00237087937595,0.00256588723537,0.0028363923744,0.00305412990779,0.00323992430265,0.00340377984569,0.00355180852169,0.0036875691723,0.0038132680377,0.00393037508961,0.00403992997821,0.00414270792379,0.00423931686074,0.00433025632455,0.00441595338057,0.00449678448321,0.00457308875495,0.00464517609467,0.00471333220885,0.00477782183547;0.0046866208874,0.00434364897228,0.0041287316908,0.00408187115841,0.00391550650328,0.00376757270967,0.00366399814964,0.00352629993475,0.00338374768909,0.00322796628898,0.00295342539164,0.00278560929683,0.00282071845696,0.00260753777081,0.00254707790195,0.00252524382036,0.00246902227391,0.00244350974165,0.00239850092533,0.00235455407249,0.00232049858112,0.00226779473775,0.00213273421044,0.00205222566383,0.00202930095624,0.00197503922635,0.00193099036997,0.00222834053784,0.00240882735231,0.00253179791891,0.00258737511105,0.00283923971012,0.00308303043329,0.00327367273494,0.00343866371296,0.00358700980361,0.0037228854117,0.00384866870576,0.00396586586303,0.00407550103061,0.004178319617,0.00427490298424,0.00436573341509,0.00445123031486,0.00453177012495,0.00460769724153,0.00467933006183,0.00474696444094,0.00481087580737;0.0048221582087,0.00458007316472,0.00435895441425,0.00416009908113,0.00381661949974,0.00358699505759,0.00379249855123,0.00370911690426,0.00358319890062,0.00343937725892,0.00327921300099,0.00315418758267,0.00305567964219,0.00289845712605,0.00280424165155,0.00265166206178,0.00256004001475,0.00262771114673,0.00253206544144,0.00240209042033,0.00242353852445,0.00241267988384,0.00234917848981,0.00226270789638,0.00207906687961,0.00210154742633,0.00211471166174,0.00227657145816,0.00240623235983,0.00260159477027,0.0026041394719,0.0028852628915,0.00313146491176,0.00331951437042,0.00348268215288,0.00362977999166,0.00376483008174,0.00389010510304,0.00400699568401,0.00411641476464,0.0042190214637,0.00431534146079,0.00440582735247,0.00449088736901,0.00457089861644,0.00464621305737,0.00471716019929,0.00478404838528,0.00484716557981;0.0049502111406,0.00471349165991,0.0044264205462,0.00413519242337,0.00404279000116,0.00396032887143,0.00395762164038,0.00387423166682,0.00375886798758,0.00363249326315,0.00350752068033,0.00339717414238,0.00329634411932,0.0031930381602,0.00309441777019,0.00298680192789,0.00290045785192,0.00281726438798,0.00263708601661,0.00233461525365,0.00242701877028,0.00251894525647,0.00236921201629,0.00243609089903,0.00229041475125,0.00200391281779,0.00221726267537,0.00242498630346,0.00250164200633,0.00265904808957,0.00279867085804,0.0029953504577,0.00319625433557,0.0033749093185,0.00353405089461,0.00367874291669,0.0038123503883,0.00393682467365,0.00405326727503,0.00416236644656,0.00426464107736,0.00436054476404,0.0044505016842,0.00453491649532,0.00461417571977,0.00468864674568,0.00475867652193,0.00482459064116,0.00488669298501;0.00507021982491,0.00483464736709,0.00449059966727,0.00365719353454,0.00423893338375,0.00421008134105,0.00412522737095,0.0040138506881,0.00390249798286,0.00378282913059,0.00366767532298,0.0035805286858,0.0035042594886,0.00342642999216,0.00334514629612,0.00325823596942,0.0031621904433,0.00302783321291,0.00261238531444,0.00259957482353,0.00257244625548,0.00270802255534,0.00265109955112,0.00265815343785,0.00254587542404,0.00230504650676,0.00246596029486,0.0026136836259,0.00265425804137,0.0024926824004,0.00274302153855,0.0030507025011,0.00326012757135,0.00343487854255,0.00358983636779,0.00373166261731,0.00386381791817,0.00398776452888,0.00410404931079,0.00421300844093,0.00431500170344,0.00441043327966,0.00449972865873,0.0045833148071,0.0046616077529,0.00473500513002,0.00480388188575,0.00486858813801,0.00492944851566;0.00517235026619,0.0049587311418,0.0047375098189,0.0045218952576,0.00442963908438,0.00437799388306,0.00425098647512,0.00403920981343,0.00399128796968,0.00386158635982,0.00368439652905,0.00368753978243,0.00366609720732,0.00362258256724,0.00356768965861,0.00350025399154,0.00341123336354,0.00328849668238,0.00312331958166,0.00298693898235,0.0029232905336,0.00295270456566,0.00293987873182,0.00289496794475,0.00280949314561,0.00267419323311,0.00269787716517,0.00275941963703,0.00272876088538,0.00244016048523,0.00275784674503,0.0031139311009,