CDH1_OAC1=[0.813929390303,0.819116032713,0.824338830905,0.830086019479,0.836827086638,0.845124590357,0.856589150126,0.896162204033,0.873866116763,0.875916654878,0.880831025103,0.88184419973,0.886999837865,0.89422373014,0.908607285068,0.894753000362,0.89518377179,0.88943158331,0.889397707378,0.889311992211,0.886356144135,0.883978742607,0.897827050282,0.869088782583,0.855546016793,0.846138423548,0.838071008526,0.830872073505,0.82439750916,0.818545644891,0.813230517672,0.808381489644,0.803939048519,0.799849204496,0.796059167555,0.792515566072,0.789165998846,0.785963904377,0.78287478674,0.779880100345,0.776976108134,0.774168553475,0.771466442495,0.768877619417,0.766406783001,0.764055256737,0.761821593933,0.759702392696,0.757693025882;0.81587656175,0.820809382392,0.82524437365,0.830329111355,0.836691726769,0.844739374509,0.855257363171,0.868777241014,0.875167551236,0.873963366529,0.877495788909,0.884653599134,0.894164459078,0.907489852839,0.895296373276,0.89325655546,0.894886499654,0.889388272904,0.890452216386,0.888233368678,0.88300626736,0.877653409118,0.872257376403,0.86296384541,0.852802499764,0.843978856962,0.836217673784,0.829257539425,0.822955163292,0.817221269659,0.811992709081,0.807219629721,0.802856694755,0.798856457279,0.79516473311,0.791718723039,0.788450133041,0.785295399782,0.782210206662,0.779178818561,0.776210656847,0.773327554015,0.77055136812,0.767897506643,0.765373774746,0.762981812444,0.760719095804,0.758580627754,0.756560127999;0.821209762033,0.824889666848,0.826810475283,0.830416706564,0.836085986198,0.84365515821,0.853262508458,0.867210689135,0.881917355402,0.874453069832,0.87773920627,0.888518221864,0.903875966305,0.897870340338,0.892452928125,0.89200785171,0.890892394599,0.890533212532,0.899443506355,0.894334823426,0.889185939082,0.877883423127,0.871489182325,0.859787412862,0.850162120128,0.841677182457,0.834146298839,0.827380422102,0.821231104635,0.815613353428,0.810482601088,0.805809464678,0.801563667831,0.797704866252,0.794176106601,0.790898781419,0.78777433168,0.784703154314,0.781620161429,0.778519386861,0.775441799437,0.772441302625,0.769559955603,0.766821375873,0.764234218821,0.761797705999,0.75950597154,0.757350801829,0.755323183025;0.847251202399,0.834768046782,0.82937723578,0.830218634699,0.83519510163,0.842658718921,0.851547404093,0.863132690347,0.886829556956,0.875848711804,0.877628823848,0.891466727511,0.905516379865,0.899481687953,0.895517484744,0.902431501464,0.897049110102,0.892706512034,0.912847423511,0.89026934364,0.880840337078,0.876736108643,0.872684043436,0.858474510063,0.848010232494,0.839310221991,0.831909523136,0.825317556207,0.819297558399,0.813772078224,0.808729278442,0.804168107004,0.800076412646,0.796423015352,0.793149707873,0.790156498316,0.787287827809,0.784358875033,0.781252202402,0.777995592987,0.774712200054,0.771519547438,0.768485836468,0.765637050931,0.762975186918,0.760491299191,0.758172463038,0.756005015007,0.753975912527;0.833650279019,0.852274570372,0.83286173784,0.828814927961,0.834097058119,0.843738579458,0.851985327228,0.861384961879,0.891325455314,0.869525435604,0.874797301452,0.891270269923,0.88680815967,0.91073670119,0.894877972588,0.898737689791,0.889598797855,0.896947087818,0.898252616105,0.882772059886,0.873512467537,0.867181190381,0.866599498281,0.863812720424,0.84580512958,0.836721440016,0.829592328938,0.823203302134,0.817252718575,0.811747118817,0.806750063969,0.80229926129,0.798400787623,0.795035778152,0.792156609304,0.789654639572,0.787280936076,0.784621297917,0.781389984315,0.777749343457,0.774060309204,0.770553132913,0.767305496221,0.764320530967,0.761576482256,0.759046774459,0.756706547768,0.75453424222,0.752511575545;0.8170828924,0.83052968706,0.82545643292,0.824243394709,0.831480376274,0.857384274482,0.86893880136,0.854246465728,0.856315828029,0.862023213883,0.880730751127,0.87362933874,0.875021534377,0.880077189474,0.881964143914,0.894455372194,0.882765782606,0.88271110165,0.883878956699,0.883564289173,0.8705275028,0.860837001913,0.857006680008,0.852153205602,0.841386442639,0.833865295474,0.827558907167,0.821351535809,0.815243842212,0.809574756716,0.804534410988,0.800181209784,0.796522448169,0.79355206133,0.791264712771,0.789635406961,0.788382595785,0.786399858858,0.782635567006,0.777958035685,0.773472579662,0.769485061038,0.765966185778,0.762832155462,0.760010030821,0.75744456838,0.755094592114,0.752928936687,0.750923456494;0.806826761971,0.811728505084,0.813748789853,0.816497163746,0.823219538856,0.835726617141,0.844748956679,0.841340703801,0.843398558561,0.85293966149,0.872859837118,0.872488143903,0.868627165047,0.87904076503,0.872611272915,0.891863384201,0.871983853239,0.874732324369,0.883934061754,0.903898979874,0.867017273781,0.854551043169,0.847829136915,0.842072120928,0.836359181954,0.831850847708,0.82720345173,0.820472030858,0.813423497144,0.807220558374,0.802013256734,0.797752744099,0.79439982479,0.791954215055,0.790483496868,0.790297666077,0.792057848539,0.793013231668,0.78630838834,0.778616143413,0.772758835579,0.768172605405,0.764379071502,0.761117870429,0.758242412281,0.755663524447,0.753322913573,0.751180110624,0.749205604489;0.803244938687,0.804374062372,0.804918863052,0.807395955464,0.812020968365,0.8180160485,0.822939104691,0.825875405782,0.829828862858,0.838654971991,0.861430593849,0.856661469881,0.853639771647,0.857364298993,0.859184705648,0.864291481414,0.863756060639,0.863628840088,0.865667001394,0.868343660692,0.858272408951,0.848699325916,0.842855807307,0.836634469835,0.832527474981,0.833318795341,0.835496544025,0.821557646225,0.811624278371,0.804457590559,0.799026136191,0.794904623103,0.791965679425,0.790226527773,0.789762993106,0.791136844628,0.799227068911,0.837683241094,0.792583923687,0.77863837794,0.771414555728,0.766390826192,0.762435572234,0.75912073548,0.756241721612,0.753684888578,0.751380141173,0.749280766405,0.747353726154;0.832546550794,0.801525099343,0.796825037682,0.797879932313,0.801014739941,0.805192703959,0.809597447154,0.813152367152,0.815354831124,0.818828877618,0.823972057103,0.827429727498,0.831839704007,0.839768273441,0.84811084835,0.889786055206,0.870969654839,0.864668299218,0.855704071921,0.849581877067,0.842647057268,0.853397547008,0.84479633477,0.832855593477,0.82835239136,0.832841050074,0.848511907109,0.822423824223,0.808725964331,0.80080261675,0.795337935042,0.791486220576,0.789116395807,0.788436379005,0.789575948187,0.791543666184,0.795837397326,0.804815923024,0.78764524316,0.775861250333,0.768899251745,0.763952747251,0.760055625056,0.756801532185,0.75398711395,0.751497083142,0.749259767849,0.747227339956,0.745366041106;0.800457180163,0.791153717833,0.787409042558,0.78792136716,0.790241708993,0.793913985058,0.800045150658,0.809554555999,0.802820870218,0.799194120214,0.797980746456,0.800331079367,0.809583963502,0.831322658569,0.856474668983,0.830692932962,0.809443605486,0.826001275764,0.844181285516,0.828697087573,0.808953642134,0.820541378548,0.847183864227,0.82811486035,0.822436494563,0.822671188354,0.835831590466,0.81557641289,0.803141861191,0.795811860347,0.790756320052,0.787331881,0.785619306997,0.786475253,0.792390236657,0.799058327687,0.790592148432,0.784721465254,0.777846577035,0.770876625492,0.765285778614,0.760861679271,0.757233844071,0.754155795943,0.751476097519,0.749099199372,0.746961970766,0.745020713491,0.74324387503;0.776663292153,0.777013696633,0.776715180475,0.777460583449,0.779227182752,0.782226133026,0.788738474196,0.812305661588,0.790371902229,0.783241220277,0.768345678136,0.762646574051,0.776725780981,0.806003553507,0.820655601285,0.811386875439,0.777146146434,0.806955166397,0.872135373326,0.819249177907,0.714978941618,0.794378051587,0.822060097733,0.831531675337,0.815968468649,0.811215386183,0.808367275545,0.802347140681,0.795312169976,0.789588632006,0.785271802054,0.782321776565,0.781047095339,0.78275580217,0.794345133468,0.847269703729,0.78708603324,0.776703529015,0.770648383871,0.765513202156,0.761069044103,0.757280783205,0.754034813348,0.751213698204,0.748725102534,0.746501517638,