CDKN1A_OAC1=[0.572677174657,0.567541703607,0.563150095655,0.558177023708,0.551256881588,0.540531067219,0.520011552376,0.394038034379,0.506781398259,0.543427453262,0.557722101828,0.541761969191,0.52783158624,0.515548853015,0.593273830804,0.529088119415,0.508906638095,0.54090466089,0.554518632023,0.569009991073,0.59532199883,0.628545506367,0.702757675224,0.649191353001,0.639564555373,0.639583447087,0.641508508443,0.644120094002,0.647104145112,0.65028918439,0.653553523602,0.656811015209,0.659999431554,0.663069841873,0.665978990193,0.668685888389,0.67115350462,0.673355102393,0.675281915302,0.676946774567,0.678380460839,0.679622825541,0.680713730138,0.681687333715,0.682570140725,0.683381473123,0.684134927941,0.684839937354,0.685503064165;0.564164506591,0.559738282054,0.557833726178,0.555199616123,0.550069515887,0.541249588375,0.525878650765,0.500801384685,0.502758600727,0.533971364917,0.542533315519,0.542132202221,0.536254586854,0.454946180913,0.531848590949,0.523541950962,0.507152423946,0.54017294517,0.545091403859,0.558673109612,0.584218289851,0.613127325666,0.63351687844,0.637159333652,0.636800619387,0.638699429435,0.64172859863,0.645134086985,0.648659517057,0.652212748426,0.655741938944,0.659206986535,0.662572551473,0.665802537824,0.668854500804,0.671676948946,0.674213899248,0.676419428325,0.678277018529,0.679809683828,0.681071501457,0.682127532717,0.683036460726,0.683842839973,0.684577003603,0.685258236092,0.685898306507,0.68650425462,0.687080289938;0.544942278811,0.543930348544,0.549540417688,0.551513949014,0.548923144731,0.542701933461,0.533150614696,0.512937480292,0.491797815095,0.539916214855,0.539374305299,0.528840252325,0.525244498999,0.501910692972,0.520976749164,0.517652586508,0.525410865698,0.547278699853,0.536632902627,0.5413765495,0.549140883238,0.615933798951,0.635475659306,0.631639381405,0.633775740781,0.63787997489,0.642210327953,0.646393259787,0.65042737621,0.654344263618,0.658154012718,0.661853885966,0.665433911814,0.668872758773,0.672128970685,0.675133125662,0.677791057491,0.680012447309,0.681760580329,0.683081588676,0.684080091957,0.684868187098,0.685532214185,0.686126708541,0.686681829641,0.687212558,0.687725470651,0.688222870572,0.688705074389;0.462929312603,0.509921163875,0.53732293535,0.547448849563,0.546837064009,0.54124227573,0.535937500283,0.533369252646,0.590376328052,0.561281315754,0.539943628307,0.49755187605,0.45721040828,0.513883853057,0.518473552544,0.467193717439,0.495318013288,0.549133892111,0.648212680396,0.589219862441,0.589314573352,0.627674927029,0.639377634603,0.622691829261,0.629803172724,0.637337950993,0.643096345347,0.647968700298,0.65245679056,0.65672779489,0.660829751146,0.664788387171,0.668622991409,0.672335675645,0.675893412671,0.679203766669,0.682097310528,0.684371547726,0.685930497954,0.686883102483,0.687456838493,0.687852293233,0.688188623381,0.688520262462,0.688865902066,0.689227978491,0.689602704081,0.689984600575,0.69036834808;0.501521839026,0.452852406936,0.521752593545,0.545956230521,0.54335917893,0.529497841334,0.52481837921,0.524333491894,0.449497921383,0.563379030602,0.55870072116,0.49864183281,0.549851503116,0.648859522834,0.552426803911,0.48547652275,0.526931473355,0.512039330576,0.54380123666,0.608941068558,0.618988977452,0.623095155147,0.599525660716,0.579329848957,0.626008492712,0.638058195362,0.644582156953,0.649827957799,0.654727970094,0.65938166093,0.663800157678,0.668040466018,0.672171782824,0.676242450845,0.680255518078,0.684118060281,0.687532955393,0.689982113866,0.691158986227,0.691389632343,0.691239858392,0.691058506955,0.690968844899,0.690988343366,0.691100375983,0.691282047462,0.691512795803,0.691776221937,0.692059843713;0.549934128492,0.516715299579,0.539852351965,0.553261677382,0.542860054905,0.473517669379,0.452724500048,0.530311965098,0.558878604522,0.589601932125,0.638283465845,0.599180307377,0.595000809348,0.600916195238,0.581672389922,0.508272807682,0.555059533546,0.574853389282,0.609463845065,0.655795600681,0.647544829339,0.637331457788,0.620200569033,0.613194523652,0.632806533308,0.641106527294,0.646176307619,0.651543486976,0.65712796108,0.662326920241,0.667102684293,0.671634390048,0.67609696388,0.680622142596,0.685308667678,0.690198869963,0.69494842817,0.698064334769,0.698226774773,0.696807286124,0.695390428859,0.694400072249,0.693797440838,0.693475524909,0.693346217779,0.693347289327,0.693436091838,0.693583350186,0.693768763497;0.58360762029,0.573608623827,0.571102101429,0.569139086339,0.55844002133,0.532435820432,0.520503705416,0.556075345972,0.584734309148,0.614548422583,0.663104236693,0.653746678416,0.63267740272,0.649101739703,0.611445643314,0.652483908064,0.597019294569,0.625983744824,0.674185184609,0.74884092675,0.673149705997,0.657073545584,0.649332854707,0.645119350931,0.64483175228,0.643564694366,0.644485347034,0.65192992711,0.659646562909,0.665694335404,0.670806419945,0.675586430573,0.680391861418,0.685464258143,0.691046381905,0.697668407151,0.706291906741,0.713068663752,0.70882201217,0.703073964242,0.699633788666,0.697680654792,0.69655472558,0.695909409306,0.695558247364,0.695394312048,0.695352632296,0.695391860519,0.695484720536;0.614076523731,0.603031305593,0.593585739082,0.58731790543,0.580766998558,0.574455436161,0.57519603725,0.586169214204,0.601467414896,0.623516217854,0.673927295004,0.655725924432,0.636712806338,0.629048644992,0.610051155223,0.601398052355,0.609506716343,0.633322287411,0.663385381229,0.690733618375,0.685439998306,0.677108601262,0.672023637846,0.663542956858,0.655058972111,0.63750861043,0.61884788396,0.650735523555,0.663254035241,0.669845949458,0.674996438232,0.679880963928,0.685017398335,0.690755076827,0.697364112836,0.705718397154,0.722562955765,0.779643524154,0.722950884299,0.708700690092,0.703301638736,0.700608973933,0.699101682449,0.698216756487,0.697694334699,0.697396982485,0.697245119469,0.697189639483,0.697198804751;0.695230870145,0.628997587922,0.610969176052,0.603574273244,0.599523848488,0.598328547676,0.6013807199,0.607141389517,0.612000040462,0.619510049253,0.628747963796,0.629586151217,0.624580352684,0.616959912068,0.59904949059,0.456884111294,0.558573095894,0.654940425234,0.666723511808,0.678146688467,0.687531749915,0.719152307872,0.704282816475,0.680875312936,0.667079531379,0.645481610279,0.619360166187,0.662767729184,0.670012378094,0.675045281149,0.679643913311,0.684412939717,0.689858589892,0.696579301559,0.70488046255,0.713448979228,0.724403744485,0.740846137139,0.722282158762,0.710915735157,0.705727046837,0.702960636217,0.701342782349,0.700349499917,0.699727098835,0.699338111509,0.69910187385,0.698968213327,0.698904525169;0.65973023167,0.636308881898,0.622531843014,0.616449190604,0.613964843958,0.614881242867,0.621896039418,0.636382250211,0.620015358301,0.613586773696,0.616145955745,0.618279838762,0.619346268468,0.621800600364,0.561548581033,0.596995257452,0.586120749701,0.61798685282,0.650446722423,0.66038138198,0.684919141751,0.703627413042,0.733772769588,0.694482080611,0.680362274122,0.674498008031,0.699105129336,0.680405235688,0.677959535283,0.680718695006,0.68448952848,0.688947722729,0.694572753656,0.702732335359,0.716842425594,0.730947003601,0.724253691883,0.720798794219,0.715859275008,0.710660122456,0.707062886254,0.704763003817,0.703279772995,0.702303782788,0.701651729535,0.701213054647,0.700918643721,0.700723722903,0.700598365826;0.641176026795,0.635937409232,0.630052353824,0.626337578498,0.624879104209,0.626149850225,0.633738121257,0.669459287985,0.614034863317,0.589277639174,0.603694849128,0.605254427415,0.61251085571,0.625325136932,0.61993282173,0.616467802118,0.588198086231,0.589719941448,0.497567174378,0.647368951631,0.715512234656,0.705527621365,0.709604335513,0.717370595952,0.689597782147,0.682922412807,0.683337202374,0.683343586998,0.683862835128,0.686054257254,0.689222508538,0.693216873043,0.69853622698,0.707003865423,0.727703966501,0.80110789618,0.726872916759,0.717451962703,0.713406150699,0.710344913704,0.707971270666,0.706235943906,0.70499777275,0.704116229832,0.70348490841,0.703029394965,