CDKN1A__poly=[0.597820847285,0.589948590238,0.581242777987,0.57106468289,0.558257850825,0.541539961162,0.522044006134,0.499059935111,0.446046039453,0.428558896094,0.478427722131,0.497614048809,0.451261454939,0.492781932712,0.535705144789,0.560828999386,0.562526677531,0.574202294917,0.581442952444,0.591831921914,0.599323275473,0.616262406928,0.658392160859,0.654253455973,0.666364776001,0.689493867892,0.705492723827,0.676838726077,0.666498840833,0.659889655909,0.657925244319,0.661937058451,0.66776413748,0.673239691912,0.678091611926,0.682409522816,0.686292125805,0.689810374185,0.693014716941,0.695943285105,0.69862682073,0.701091292231,0.703359244176,0.705450517266,0.707382671717,0.709171275943,0.710830134133,0.712371483499,0.713806172576;0.595699581023,0.587216533739,0.578290799398,0.567985933268,0.553841305706,0.530029128728,0.485795020054,0.487573499435,0.451508058171,0.46412436246,0.462391096222,0.467357674157,0.489712908274,0.514635372292,0.520302630387,0.48719397515,0.554522436475,0.525755599686,0.520099237748,0.600607652228,0.642185237757,0.683662212411,0.691135153015,0.566754294038,0.645364653206,0.677044394096,0.685719394498,0.685629793802,0.678153777765,0.667401886995,0.665210284195,0.668110337699,0.672487881775,0.677100971769,0.681508903459,0.685588618316,0.689325659876,0.692737776257,0.695851187768,0.698693485187,0.701291337821,0.703669634608,0.705851134428,0.707856357881,0.70970362111,0.711409157099,0.712987286503,0.714450610617,0.715810207751;0.592938339511,0.58305928459,0.574364766562,0.56587443949,0.553375941553,0.530282101081,0.482312894854,0.48981226752,0.46410338066,0.479783353462,0.485056680148,0.458634194326,0.467592740977,0.513015036687,0.509760498251,0.47926667849,0.537241136279,0.548297047842,0.549540434749,0.614712415358,0.639841532867,0.74056495107,0.665031928158,0.662684450036,0.677840925411,0.661175725215,0.666608663889,0.671673475704,0.684937126969,0.66315173196,0.667827906484,0.672506279288,0.676808977796,0.681106981371,0.685248544391,0.689132944367,0.692719973881,0.696004492535,0.698999621099,0.701726994847,0.704211316318,0.706477404225,0.708548678136,0.710446468703,0.712189796867,0.713795409723,0.715277946114,0.71665015735,0.717923140686;0.588911220912,0.573099046446,0.564572400101,0.563639102629,0.556652982921,0.542896956314,0.523611272744,0.481378168838,0.486271867707,0.506463073077,0.505567085212,0.490502722834,0.495727700697,0.522669235129,0.523736093622,0.525458651292,0.532994458254,0.571055660673,0.561175140302,0.600842553194,0.634189413157,0.653680988455,0.656055566973,0.653644683374,0.65206962351,0.643282103346,0.666403593311,0.574372543633,0.619703567663,0.6326072053,0.677272685541,0.677366308189,0.681273455155,0.685368657319,0.689325240785,0.693046231,0.696482369521,0.699620330139,0.702469678853,0.705051723973,0.707392336119,0.7095178899,0.711453198606,0.713220621148,0.714839818549,0.716327844933,0.717699390951,0.71896707932,0.720141760441;0.585782072984,0.543269291559,0.523151947092,0.561850493887,0.560748541409,0.552858687413,0.541822282709,0.523739184882,0.521471269977,0.526319648122,0.51774347852,0.515461996639,0.527875792661,0.536904171454,0.546395583445,0.558430996791,0.571026577427,0.583682698441,0.594321039113,0.610019420927,0.626242087977,0.634818018069,0.628940967375,0.625480928392,0.645498890326,0.600203567922,0.634026130275,0.635294915767,0.635911310336,0.654125481747,0.679906217251,0.682873126282,0.686309587985,0.690041515985,0.693801113945,0.697364177466,0.700638621982,0.703604518723,0.706274891033,0.708676209992,0.710838821981,0.712792340571,0.714563632746,0.716176162804,0.717650010109,0.719002184759,0.720247043472,0.721396708724,0.722461448678;0.591287158173,0.566548727718,0.557223527126,0.568849796678,0.561584201012,0.555769242258,0.557006607393,0.554003749263,0.550908749059,0.546064816584,0.520486824269,0.512825021063,0.544204932598,0.529488863572,0.548281234678,0.582990286213,0.59632940464,0.600662068773,0.606743949021,0.615693275995,0.626703712668,0.631842150324,0.614402440065,0.612545130206,0.617031056996,0.593922337536,0.595088087362,0.64208841704,0.647368639465,0.664492421929,0.69148544143,0.692211307893,0.692010630063,0.695143447874,0.698730687238,0.702140803046,0.705229982468,0.707984875305,0.710431961986,0.712608776132,0.714553151338,0.716299140783,0.717875838,0.719307471746,0.720613990252,0.721811766021,0.72291426358,0.723932614372,0.724876088668;0.60149513655,0.593871261261,0.589859317455,0.583774162477,0.547373196625,0.525022077313,0.569360934946,0.573509738883,0.572160032324,0.568285569419,0.561630659819,0.561066490385,0.566205395341,0.562326653557,0.576303490416,0.614635247079,0.629783971952,0.614766361583,0.611476380952,0.60759156916,0.631467487681,0.64016707761,0.642241300654,0.64479608217,0.653595227649,0.624731651636,0.635100644303,0.634802538625,0.629010649802,0.665714159235,0.699996856091,0.697298461234,0.697153301899,0.700588603428,0.704193558887,0.707456330949,0.710313059581,0.712795743807,0.714958412086,0.716855381567,0.718533891837,0.720032464837,0.721381616713,0.722605277514,0.723722216418,0.724747245011,0.725692165575,0.726566495109,0.727378009579;0.609450561292,0.608395712718,0.612921983649,0.615862008823,0.587594514861,0.576911607697,0.588414129835,0.591942918102,0.591456757078,0.589363767253,0.587132765164,0.586873724145,0.589133575098,0.593259039658,0.602466503803,0.616618855097,0.625160359113,0.62682643095,0.623634241223,0.607255594337,0.647224540566,0.653998691863,0.677276396994,0.661072983377,0.662550690568,0.615948623238,0.646051998522,0.640161800995,0.637472345658,0.6648220666,0.682564838405,0.695528753163,0.702113050345,0.706703787739,0.710389943095,0.713432293131,0.715959009864,0.718073995893,0.719868351091,0.721416088653,0.722773179132,0.723980470409,0.725067534801,0.726055921228,0.72696154229,0.727796349083,0.728569493038,0.729288130855,0.729957982942;0.613251215211,0.615899750739,0.629482197213,0.685770965338,0.619486439955,0.609663044044,0.610031956409,0.61159125221,0.610489462572,0.608700814976,0.606862423807,0.6052425503,0.607067178264,0.612001486712,0.618852473679,0.626553367963,0.63332957233,0.640110667209,0.673303910805,0.628155905284,0.614745153958,0.658834515463,0.673350647109,0.667513600114,0.663625327567,0.643283359881,0.644635005473,0.663800667911,0.671045653054,0.639902939816,0.678124947351,0.701712537041,0.709518633497,0.714202479561,0.717606646796,0.72021785883,0.722245790137,0.723851634958,0.725165831148,0.726280042607,0.727253363124,0.728123224353,0.728913709847,0.729640689356,0.730314884629,0.730943740652,0.731532595312,0.732085419806,0.732605289607;0.610792994623,0.614291393279,0.62556570517,0.635841375474,0.634152430907,0.628788027884,0.630213845014,0.638631884921,0.630897133773,0.628663744953,0.629596539204,0.616447198568,0.619230101661,0.62690976288,0.633198548146,0.63863650805,0.644064289072,0.650038008261,0.656390149944,0.653883148326,0.657607406251,0.667707056418,0.67319973177,0.674492356066,0.671417401618,0.654309948318,0.665170217113,0.685357062194,0.69923037724,0.727419774083,0.716524207044,0.715810598553,0.720009560838,0.7234262762,0.726074483546,0.727972147261,0.729250976711,0.730144710977,0.730835002852,0.731419009692,0.731943319684,0.732430751512,0.732892855978,0.733335412348,0.733761121676,0.734171070106,0.734565552505,0.734944529915,0.73530787355;0.595290571453,0.594106955803,0.621631397151,0.646234662116,0.671274059925,0.643087403671,0.644391658423,0.705493070552,0.645764106554,0.641365598679,0.659839982841,0.585113504636,0.624623591324,0.644110259046,0.648571233131,0.651003520671,0.654913752606,0.65967315605,0.665145133931,0.675225784746,0.754864017448,0.681981475184,0.682362873616,0.685155946645,0.687540308412,0.690777405343,0.697772722343,0.709253976701,0.724004921005,0.737613585174,0.73347139119,0.731727409369,0.732402464565,0.734242872998,0.736065184307,0.736952848944,0.737055400354,0.736932467718,0.736825451711,0.736780279538,0.736795406687,0.736861855974,0.736969965647,0.737110547179,0.737275349672,0.737457289945,