COL3A1_OAC1=[0.520783406041,0.514924453835,0.509807763572,0.50428941905,0.497323415115,0.487667325778,0.470571133729,0.358330390306,0.457464667617,0.480049212599,0.48111365482,0.449375094421,0.424553732524,0.398545472082,0.346386171447,0.402887758195,0.407382070386,0.438432723004,0.44712354827,0.447290663843,0.449123530425,0.44792274008,0.385482050023,0.481556548689,0.517862520141,0.538411114307,0.554324685883,0.567609220763,0.578892374677,0.588580092055,0.596997037677,0.604395472502,0.610962197072,0.61682861073,0.62208121422,0.626772544354,0.630933823137,0.634589578319,0.637771327444,0.640525051701,0.642909489275,0.644987979538,0.646819719652,0.648454452936,0.64993108581,0.65127878874,0.652519030055,0.65366760681,0.654736300662;0.513194094046,0.508141618615,0.505475477761,0.502287107509,0.497233351668,0.490102152911,0.481187030839,0.477662750387,0.489262006441,0.473933856486,0.460744588297,0.43779311874,0.410599517834,0.362602926323,0.408980414988,0.41856141632,0.416275687846,0.444946198193,0.44653061847,0.453706408067,0.469865289104,0.488053976887,0.500738645582,0.519441541765,0.539425631356,0.555128919536,0.56807040279,0.579181935533,0.588865813444,0.597370631327,0.60490281696,0.611636034802,0.617704294018,0.623198908757,0.628169962688,0.632631894678,0.636575857574,0.639991272199,0.642890908388,0.645324382269,0.647370269957,0.649115051701,0.650634923779,0.651988077302,0.653215239035,0.654343631893,0.655391191067,0.656369858389,0.657287834482;0.495551062204,0.493800732673,0.498164332325,0.499268547594,0.496382551242,0.491000602952,0.486273120087,0.49475364134,0.513577454327,0.466550596065,0.453137851329,0.427077848586,0.409453555416,0.441924530102,0.43737970892,0.439700242398,0.445246572558,0.457221614052,0.442718189407,0.446207785788,0.45908457385,0.525769779428,0.551450392817,0.553614796427,0.56288463447,0.573091142727,0.58280944878,0.59171665765,0.599753270487,0.606986579569,0.613537223714,0.619526401009,0.625047835781,0.630156270314,0.634862216238,0.63912971805,0.642885192965,0.646052622151,0.648610523972,0.650625055305,0.652223507836,0.653538593974,0.654672537618,0.655691064174,0.656632039808,0.657515881566,0.658353189621,0.659149404596,0.659907403949;0.420405846384,0.462538835917,0.486992274121,0.495658579258,0.494234399495,0.487723356265,0.480219217654,0.467418317768,0.402081915957,0.445439444173,0.448154700133,0.414101016646,0.394024549374,0.429820587035,0.442334146142,0.445241976461,0.435699726381,0.461133773049,0.486172474432,0.477577285975,0.50293946952,0.559125572568,0.591343379465,0.583608319741,0.585835754625,0.591277745011,0.598108938256,0.604958330464,0.61135288808,0.617250119081,0.622744972952,0.627938769593,0.632899138776,0.637651341481,0.642169811603,0.646358855793,0.650037002299,0.652986932242,0.655109106147,0.656528875938,0.657500559618,0.658247694166,0.658903668098,0.659530470076,0.660150673116,0.660768867613,0.661382674171,0.661987715928,0.662579648387;0.453999825036,0.409838441973,0.472438650867,0.494381464904,0.491225080142,0.476374114309,0.466778366193,0.453613241901,0.368415747547,0.457300909343,0.455162178662,0.411318276202,0.445398368231,0.361484021099,0.443575437671,0.472407951256,0.469937709796,0.437901092344,0.440260413786,0.500936696264,0.533039510173,0.565958748615,0.605250003569,0.628323141195,0.607305307296,0.608885711619,0.613728305398,0.618822803146,0.623555722437,0.628010657374,0.63236474771,0.636727510178,0.641145008301,0.645620965239,0.650114618436,0.654491264132,0.658403372425,0.66127049407,0.662749961647,0.663193914955,0.66321747629,0.663199332425,0.663272545885,0.663455352727,0.663729284866,0.664069383056,0.664453458682,0.664864001736,0.665287852669;0.494384169384,0.465275853934,0.487797383649,0.50124319606,0.491865066328,0.427385203595,0.404608284052,0.465124541196,0.476206272993,0.479323066733,0.438818007217,0.488250379883,0.497346480947,0.488273786693,0.485630437472,0.439219468087,0.491916711569,0.504380761672,0.511105720039,0.509499789181,0.550592660855,0.583047598598,0.610953823629,0.626269005281,0.622908416806,0.625805211413,0.630151513383,0.633626663037,0.636375031528,0.63912034358,0.642208789308,0.645719052555,0.649645942781,0.653974123561,0.658699841808,0.663794509327,0.668834593141,0.672165531549,0.672331756518,0.670808309471,0.669306549692,0.668280171164,0.667682328279,0.667393440778,0.66731544671,0.667379098375,0.66753692693,0.667756355318,0.668014819048;0.516426187816,0.510832356924,0.513908712287,0.516111660453,0.508186675679,0.484076467987,0.470366807027,0.496048660847,0.509268435373,0.509055647386,0.506597798087,0.552257274081,0.558142773964,0.585934152388,0.531600567084,0.447927867208,0.540460687593,0.570125425979,0.586603653713,0.530751690363,0.581784526185,0.607035975673,0.622325791156,0.631484472863,0.637354600886,0.644277143484,0.649809969484,0.650386672024,0.649835698546,0.650335753949,0.652022224724,0.654700483238,0.658234906972,0.66258304579,0.667826228764,0.674424615241,0.683345257909,0.690391632222,0.685617105563,0.679268133567,0.675447336222,0.673261115502,0.67199037795,0.671255519334,0.670851034223,0.670658257979,0.670604578367,0.670643464643,0.67074401846;0.519694409352,0.523905776678,0.530739879625,0.533592559151,0.531870969372,0.527636827919,0.527619513327,0.534170681356,0.539790585131,0.540500338341,0.529283954985,0.575682943448,0.585421531075,0.592688923476,0.583788825344,0.586271174407,0.591103779072,0.605244587978,0.618237035559,0.632264304803,0.635809556856,0.641433879365,0.647490386207,0.648761891127,0.653918714335,0.668742763819,0.685163373009,0.67041190328,0.663394326258,0.661138186073,0.661451298117,0.66342094035,0.666730533326,0.671337713007,0.677307565831,0.685443167287,0.702889599755,0.763672347201,0.702528391753,0.686941128039,0.6809041053,0.677816195964,0.676036475234,0.674953476193,0.674282514379,0.673871502796,0.673631403605,0.673506636151,0.673460848025;0.436533592013,0.524006883357,0.544280909794,0.550791136659,0.553598985207,0.556236205284,0.561377699447,0.567585187915,0.570209066968,0.57165105526,0.576410735789,0.588073789675,0.600337133858,0.614154873977,0.627799101862,0.72470109165,0.579712495182,0.660427504124,0.659688509094,0.661039439174,0.666592051892,0.700242455261,0.686010515697,0.666826223951,0.667417844445,0.687185777431,0.726141545609,0.689180420091,0.675024492891,0.67070945844,0.670104062682,0.671617989749,0.674928811492,0.680269001273,0.687751466725,0.695858322955,0.706752711331,0.723692823101,0.703414746046,0.690859790944,0.684958605676,0.681698403998,0.679710837846,0.67842845661,0.677573642499,0.67699408465,0.676599156066,0.676331630669,0.676153720518;0.512906113232,0.542934110736,0.55993300591,0.567377470446,0.572461201524,0.578761324023,0.591058608955,0.612226221559,0.602191399526,0.599756256673,0.602398450731,0.609526821764,0.620893658626,0.651747789634,0.698101480789,0.652370032582,0.653040362284,0.66743623813,0.678236176602,0.673406312023,0.684784251434,0.69392000641,0.7160468727,0.671860604101,0.672576689487,0.686333658749,0.719620564572,0.694392691009,0.682421972987,0.678495027435,0.677753486108,0.679067654989,0.682474896502,0.689147958557,0.702536098795,0.716306401875,0.708372307118,0.703985143822,0.6981255542,0.692068295299,0.687781524066,0.684935313521,0.683010716739,0.681670830461,0.680713679599,0.680015681052,0.679498302228,0.679109743062,0.678814703929;0.565552501339,0.570185897573,0.577342273795,0.583113304123,0.588485785572,0.595678627733,0.610433602053,0.658602521411,0.62854913138,0.632030520393,0.625376890401,0.631964767523,0.637719476682,0.64324217046,0.654254269153,0.659900759119,0.680012886372,0.675961487961,0.578077191965,0.691733157441,0.731233065125,0.704234542395,0.672342662832,0.627708630646,0.671989999319,0.68449102579,0.691335708539,0.690452061266,0.686972327843,0.684926985255,0.684516044225,0.685670116234,0.688804310924,0.695707570039,0.715800251162,0.791561122349,0.712783967954,0.702023208183,0.697020933414,0.693148959195,0.690082693682,0.687760324156,0.686023552514,0.684715399678,0.683715893381,