DNMT3B_OAC1=[0.779451537385,0.785663807655,0.791849364379,0.798574198367,0.806383554079,0.815939252019,0.829165119013,0.875906290741,0.848625772378,0.850305737495,0.855338759539,0.855559922845,0.860830680825,0.868770489572,0.885872266268,0.867892007272,0.867971101977,0.86045347862,0.860303832187,0.860194246925,0.856515488225,0.853588257271,0.871124323878,0.834931042249,0.817886027151,0.806027834881,0.795831205916,0.786704323396,0.778470045601,0.77100506296,0.764205451252,0.757985891758,0.752274339354,0.747005036736,0.742113176266,0.737532764009,0.733198678726,0.729052911882,0.725052517238,0.721174592204,0.717414883877,0.713781074632,0.710284920881,0.706936649627,0.703742442565,0.700704142883,0.697820022769,0.695085819674,0.692495666763;0.782526422,0.788489156676,0.793792512764,0.799773802815,0.807156157436,0.816406679471,0.828452958197,0.843949879245,0.850855684036,0.848498945603,0.851631906469,0.859060963069,0.869421340362,0.884745586386,0.868428081148,0.86501240658,0.866596394714,0.859450779421,0.860855422554,0.858203483768,0.851783387797,0.845211365073,0.83856244013,0.826952673389,0.814206807508,0.803106284193,0.793306280211,0.784483716344,0.776465599858,0.769146439334,0.762452429406,0.756325208817,0.750710964797,0.74555231492,0.740782680859,0.736324080726,0.732091194543,0.72800439764,0.724008226072,0.720083284923,0.71624197814,0.712512393447,0.70892260835,0.705492468967,0.702232117416,0.699143807702,0.69622444349,0.693467727002,0.69086567532;0.789625848966,0.794178338126,0.79659723769,0.800907180049,0.807522550107,0.816226227768,0.827164803583,0.843062630723,0.859739031784,0.849828783775,0.852418486967,0.863901300997,0.881106839415,0.871937891777,0.863495467308,0.86180927578,0.859945360588,0.859583363362,0.871346100494,0.865230482626,0.859082282908,0.845097497267,0.837296065584,0.822709159793,0.810680588884,0.800026150914,0.790521101965,0.78194026217,0.774108645894,0.76692879612,0.760351656357,0.754345201066,0.748874711565,0.743891665019,0.739325800032,0.735078936814,0.731027243375,0.727045258919,0.723051045775,0.719037504046,0.71505702611,0.711178415052,0.707455432419,0.703918390349,0.70057853972,0.697435074877,0.694480650843,0.691704867971,0.689096246331;0.820994753513,0.806679338788,0.800648894853,0.801832722958,0.807726451881,0.8163632216,0.826468597745,0.839509551921,0.866605364206,0.852517827204,0.85303755938,0.867757636253,0.882776767102,0.87269421263,0.865096554861,0.872574966404,0.865445087877,0.860532414126,0.887473747924,0.859188953212,0.847872161614,0.843262305582,0.838571624467,0.820878988001,0.80782257683,0.796901409149,0.787550949973,0.779174558626,0.771491037175,0.764414759367,0.757938629148,0.752066248743,0.746785365889,0.742058580759,0.737813648833,0.733924983137,0.730196223657,0.726393567777,0.722368417138,0.718156348392,0.713914063211,0.70979122403,0.705874893734,0.702198467025,0.698764775511,0.695562646628,0.692575752875,0.689786741539,0.687178976605;0.805886880125,0.828010789121,0.805824475995,0.801491571282,0.807878874792,0.819146882171,0.828580415302,0.839076499428,0.87321405123,0.846518746058,0.850853371524,0.868109974359,0.859216539367,0.885247585646,0.859787473229,0.862227549582,0.851267996149,0.863621031624,0.867207692711,0.848575273148,0.83791661856,0.830810691589,0.830735313061,0.827583714114,0.804984360693,0.793552459798,0.784510033126,0.776357224289,0.768735090544,0.7616645626,0.75523282119,0.749491115711,0.74444903623,0.740083867771,0.736336181426,0.733069044976,0.729967319316,0.726505657874,0.72232129843,0.717620443801,0.712861928339,0.708338884766,0.704150628809,0.700301624668,0.696764553794,0.693505825327,0.690493906191,0.687701357941,0.68510482988;0.787496599523,0.803715337706,0.798454129796,0.797646932144,0.806484095073,0.836550859562,0.849916132194,0.832917679372,0.834649982899,0.839946817896,0.859748390904,0.848186371629,0.844867130965,0.843146932956,0.831154372453,0.838897349381,0.833909181013,0.841598750598,0.84670715998,0.848585963116,0.833614627998,0.822669822006,0.818693114128,0.812965174595,0.799474998129,0.78993509636,0.781858701814,0.773880281593,0.766021295905,0.758719053933,0.752217074078,0.746589762083,0.741846102746,0.73797827742,0.734979818701,0.732819727388,0.731141334245,0.728539374312,0.723676680564,0.717656161392,0.711883471245,0.706748522845,0.702214929224,0.698176708402,0.6945414439,0.691239035429,0.688217129876,0.685435997034,0.682864753243;0.776584924685,0.783102011458,0.786310260103,0.790355398704,0.798885263712,0.813839501452,0.824598305918,0.820988198277,0.823019942945,0.832738475223,0.853455357325,0.849605962956,0.839173272164,0.841990352069,0.803021733072,0.684537194069,0.812110896603,0.828597836504,0.844838451235,0.874079922501,0.82894877212,0.815180795587,0.807699621899,0.800681347382,0.793361167402,0.787446619958,0.781345837999,0.772628144811,0.763531845117,0.755526834133,0.748798927952,0.743281839697,0.738922650238,0.735719333474,0.73375748305,0.73343197073,0.735585255667,0.736721147747,0.728116990956,0.718257872573,0.710736625766,0.704837817827,0.699953843483,0.695753993955,0.69205202263,0.68873453498,0.685727279635,0.682978577783,0.680450616883;0.773444139069,0.775831952706,0.777640217884,0.781730023242,0.788288788773,0.796355842231,0.803095610702,0.807352151331,0.812185085276,0.821446015784,0.844961215403,0.83597384608,0.826183709991,0.820829555697,0.807586436112,0.803377705369,0.810864922203,0.812168390021,0.815271296794,0.825389456314,0.818578082377,0.809692974886,0.802997154589,0.794720868295,0.788904450242,0.789375931023,0.791757846398,0.773834746127,0.761038569857,0.751790411065,0.744769715444,0.7394266408,0.735593072888,0.733287944355,0.73260729661,0.734267171234,0.744479767259,0.793360892964,0.735873912802,0.718044639819,0.708777962975,0.702318974172,0.697227764698,0.692959747775,0.689254571231,0.685967486541,0.683009048082,0.680319481178,0.677856354638;0.807990019,0.773736849184,0.769897501859,0.772798292917,0.778217441432,0.784949226576,0.792018750886,0.798103072229,0.802347530338,0.806942016575,0.81142113822,0.811312010279,0.809020257539,0.808663188955,0.809795688963,0.85884601724,0.833383176855,0.80717548662,0.770474453255,0.797316200393,0.803860050289,0.820836048403,0.808364575532,0.79120987894,0.784000671282,0.788751327457,0.808082156678,0.774701002751,0.757101205463,0.746886870395,0.739827581017,0.73483293595,0.731727421061,0.730772350678,0.732133655725,0.734551788082,0.739937244186,0.751299783768,0.729346451431,0.714256097022,0.705315793553,0.698951444644,0.693932824236,0.689742459238,0.686121234116,0.682922045024,0.680053224984,0.677453398781,0.675079063938;0.772062113869,0.763036184416,0.760667845972,0.763432347031,0.76857328386,0.775611994172,0.785743565615,0.799773007775,0.796979148729,0.79700927733,0.797248155714,0.796662533187,0.796717686301,0.807465955395,0.827359909123,0.795891246993,0.795004725841,0.775710815183,0.744389381583,0.776353237264,0.788582381642,0.796859348071,0.81500107906,0.786129028557,0.776508327369,0.775607725308,0.791703803903,0.765675664862,0.749685457129,0.740247147925,0.733729895861,0.729294606064,0.727034603777,0.728039426924,0.735486351808,0.743896783937,0.733019478982,0.725450140024,0.716602383189,0.70763743989,0.700438409182,0.694736444826,0.690059898906,0.686094636505,0.68264736382,0.679595841537,0.676859041658,0.674380643367,0.67211977877;0.745706355923,0.748016496045,0.749924356149,0.753429132205,0.758614508585,0.765872749375,0.777827066024,0.808362030212,0.794222633964,0.796847536576,0.79049047803,0.788617243826,0.786178408456,0.786774996743,0.783751632181,0.767239895186,0.770079480359,0.769327571891,0.822552754584,0.768172589142,0.795790160611,0.782791808022,0.784315521596,0.789370564933,0.767455485378,0.760382831291,0.756275314233,0.748393104473,0.739341399177,0.732009404617,0.726476632436,0.722671068748,0.720979691479,0.723073383075,0.737756983405,0.805174836207,0.728308346955,0.714965886307,0.707149728443,0.700515429725,0.694773024349,0.689879027348,0.685688945981,0.682052809735,0.678852328965,0.676000698656,