DNMT3L__poly=[0.302973066367,0.303154301433,0.303082266597,0.302413937804,0.300478932732,0.296454868035,0.290757948922,0.282723045386,0.256675532762,0.249658260882,0.280201401916,0.290819348726,0.267736962687,0.298028121179,0.354246561036,0.405508306665,0.365626633452,0.411181775561,0.442679014311,0.48425675303,0.532983110164,0.546443403191,0.558624524367,0.521872909628,0.517851772334,0.519514381533,0.442204565949,0.448287511622,0.441895452007,0.436470912434,0.42956340755,0.418694443468,0.407006061036,0.396233271305,0.386560805946,0.377880358345,0.370070850179,0.363026631584,0.3566556421,0.350877147995,0.34562045282,0.340823905119,0.336433938845,0.332404121697,0.328694244194,0.32526947915,0.322099627337,0.319158453828,0.316423112292;0.300288506807,0.30009895616,0.299892617748,0.299206841399,0.29670065867,0.289059375785,0.269935001953,0.27616025132,0.260616939891,0.272662630114,0.27585732622,0.282858588743,0.300630809286,0.321608835177,0.368212586987,0.445386305513,0.410873673887,0.402344624745,0.479728523355,0.462136863608,0.505563435758,0.474263432931,0.585348496444,0.605057108149,0.557201872732,0.531041596007,0.473543933743,0.438411657903,0.428490721318,0.429989583746,0.424440573379,0.414660498355,0.404077873302,0.393767433591,0.384174691493,0.375440770229,0.367559974883,0.36046678554,0.354077610807,0.348308877987,0.343083984407,0.338335333253,0.334004324452,0.330040569689,0.326400877428,0.323048235873,0.31995088301,0.31708149222,0.314416475489;0.297059179603,0.296029314,0.295850722256,0.296123817953,0.294660921444,0.287769195297,0.267148674223,0.277300330184,0.268880374825,0.284601368651,0.294227228577,0.283738628537,0.295411731667,0.335504525208,0.355905893781,0.423139539159,0.391984879594,0.410002974436,0.399668640853,0.424099721978,0.490217339538,0.629861463098,0.518058396443,0.539077445799,0.636700179397,0.538507498232,0.496154668421,0.450852502624,0.414199176973,0.433227141014,0.422405374695,0.41172262341,0.40116272318,0.390752120813,0.381022695647,0.372195373041,0.364281415737,0.357206635219,0.350873512701,0.345186029977,0.340057995367,0.335414853213,0.331193120383,0.327339075399,0.323807320075,0.320559439973,0.317562835092,0.314789730783,0.312216355213;0.292982435826,0.288707341013,0.288365324637,0.292445460566,0.294053735939,0.29264651329,0.288660480417,0.272089285183,0.282753955571,0.304236453807,0.313979696703,0.311023295715,0.318104366299,0.342693471504,0.35527655197,0.365683909169,0.377028889515,0.420459511836,0.409547736144,0.439543337037,0.481300226116,0.509421930842,0.504581029352,0.541426358865,0.566825065491,0.55302187215,0.543163281261,0.543116299053,0.485044035677,0.457995674912,0.411658747108,0.408835343726,0.398191202708,0.387124520609,0.377014970037,0.368060118196,0.360169309214,0.353198625848,0.347010654812,0.341487087113,0.336529092308,0.332054856453,0.327996765843,0.324298856617,0.320914652623,0.317805381222,0.314938521878,0.312286635502,0.309826424944;0.289170870318,0.271126362687,0.264326654266,0.288205105803,0.293047537089,0.295296434363,0.296606013718,0.294830855212,0.30368159199,0.321400173027,0.341787417957,0.348389268233,0.34340780751,0.34994246618,0.363208713018,0.379915383429,0.396787002921,0.413870621959,0.428042518467,0.446529225459,0.468610250986,0.489016415589,0.512820297327,0.544696989383,0.572477058424,0.555093466928,0.512278666582,0.49104012847,0.47311464006,0.444161595462,0.417164977564,0.40928103924,0.39525749042,0.382545752728,0.371888325385,0.362876017209,0.355132894551,0.348391981397,0.342461656682,0.337198695462,0.332492498477,0.328255828286,0.324418917011,0.320925394428,0.317729310322,0.314792889752,0.312084815732,0.30957890564,0.307253086272;0.289514298537,0.279560980122,0.277384893212,0.287004486806,0.289075239795,0.293204646467,0.301921863829,0.309411407557,0.319047737103,0.334187683486,0.372700864659,0.387689399509,0.353730600073,0.340925855632,0.359127121106,0.393553288198,0.411643192929,0.421141223439,0.436478729982,0.453406477758,0.467609251696,0.483112793968,0.514403658915,0.532759015443,0.536712090167,0.533399870653,0.479836497879,0.488488274655,0.462557515835,0.443077114122,0.445642126376,0.41607060122,0.390979351067,0.376122935813,0.365217240918,0.356446713197,0.349081782219,0.342747006536,0.337212462312,0.332320345942,0.327954932356,0.32402818583,0.320471643578,0.317231215082,0.314263589745,0.311533657883,0.309012620922,0.306676588898,0.304505529606;0.292361845188,0.289158267455,0.286923815254,0.286184828431,0.275382806098,0.272617633801,0.304899088871,0.31671939453,0.326724651352,0.338223650657,0.352174292292,0.358395590643,0.355991375919,0.35430219088,0.370681168382,0.418744615906,0.442062630953,0.428478338171,0.450490838969,0.480276590643,0.47712866796,0.480057749512,0.493038525626,0.509612315662,0.544742396514,0.526542669532,0.507855841929,0.489984389455,0.469663070236,0.433022456165,0.445447090275,0.407066669679,0.380717642895,0.366650069178,0.356619798655,0.348637291802,0.34196987011,0.336255038372,0.331272069254,0.32686954487,0.322937548751,0.319394010812,0.316176454086,0.313236483061,0.310535973436,0.308044398375,0.305736930289,0.303593077905,0.301595696792;0.295330832896,0.292640692161,0.28588091143,0.278424445059,0.285110135758,0.294270534466,0.311402618916,0.323373947676,0.33261523255,0.340946997001,0.348307941633,0.353276100166,0.357057658706,0.363283978875,0.376165310514,0.396884614525,0.413386324745,0.42849516525,0.462985392203,0.522619640957,0.501856803532,0.481168066502,0.509674343035,0.491913185521,0.516456410206,0.569800641969,0.516929310241,0.467416069937,0.443883286696,0.400715526095,0.385090915612,0.375233038214,0.363749924248,0.354060715075,0.346121529773,0.339480777154,0.333830581805,0.32895218421,0.324679115766,0.32088547083,0.317478053977,0.314388234496,0.311564903927,0.308969257882,0.306571180583,0.304346780537,0.302276703327,0.300344964233,0.298538130719;0.299717550254,0.297232077063,0.285664782651,0.241213583082,0.292166124148,0.306510401151,0.320673981897,0.333153755565,0.340710786232,0.346939951085,0.35173864098,0.353480126179,0.356909667783,0.363589702481,0.373313429067,0.38571430395,0.399989298709,0.420830430022,0.495006541213,0.491090259156,0.490947797097,0.460955740932,0.468984197218,0.461893425282,0.476562003091,0.516807544111,0.471882450581,0.425713305248,0.390155557341,0.333323609455,0.337588986337,0.347576645681,0.344977350413,0.339681296587,0.334181020146,0.329165568686,0.324766181446,0.32091571323,0.317502041823,0.314430009604,0.311631479026,0.309058966343,0.306678587714,0.304465287479,0.302399863626,0.300467094842,0.298654536118,0.29695173297,0.295349702799;0.308581109012,0.308004451275,0.29936117165,0.29227980536,0.2976886907,0.312133235426,0.332521636779,0.359156212647,0.354899957802,0.360102558614,0.370877588741,0.354308188592,0.355044591761,0.36233343812,0.369481135381,0.377364049558,0.387740172659,0.402342429166,0.421741789405,0.430533684163,0.426777320095,0.424131253487,0.425769206454,0.427015052905,0.431763494935,0.443722439121,0.420811995845,0.384990123879,0.350658448449,0.291397502763,0.307585437682,0.325590476515,0.327126541876,0.324723159449,0.321257074946,0.317868524208,0.314885912082,0.312246385002,0.309835484617,0.307587122447,0.305469739494,0.30346686711,0.30156840104,0.299767254346,0.298057898145,0.296435616106,0.294896108106,0.29343529203,0.292049217803;0.330482474841,0.33717811495,0.311890860558,0.29299535106,0.277089714401,0.312093013945,0.339114769435,0.462764199427,0.363107124883,0.365487188174,0.414632336861,0.329191084675,0.350634261735,0.367551507687,0.368448409729,0.369262435847,0.374614633523,0.382313599453,0.389088545057,0.385982036126,0.295837561907,0.389902081557,0.394980661706,0.394824322117,0.391752757709,0.382794292606,0.365699088007,0.343074239607,0.318710054109,0.29760356857,0.302227457624,0.30822970291,0.310477903854,0.309513917638,0.307312314983,0.305499389367,0.304236884004,0.303062172588,0.301801693686,0.300462542794,0.299080224175,0.297683513956,0.29629301089,0.294923437813,0.293585249192,0.292285661768,