DNMT3L_OAC1=[0.417907307737,0.421891758576,0.425928255051,0.43108344442,0.438153859919,0.44832355953,0.467054402651,0.594440800934,0.486041949433,0.470857509616,0.479912245839,0.518875210805,0.548660831365,0.575560676809,0.637644197382,0.599027421347,0.613184478218,0.601076858008,0.608230261965,0.614590095741,0.610868682278,0.609097502322,0.660947260793,0.571613396811,0.533274678986,0.508609686726,0.488328858487,0.470854314807,0.455680065564,0.442426653562,0.430759521059,0.420403098643,0.411143927844,0.402824704873,0.395335130224,0.388601117927,0.382571801214,0.37720446677,0.372450602526,0.368248474276,0.364525110755,0.361204715488,0.358217457544,0.355504616999,0.353019693772,0.35072702659,0.348599525104,0.346616461609,0.344761685858;0.420311302651,0.422637837466,0.424322839783,0.428085099934,0.434598836877,0.444226452593,0.457612317996,0.46831301927,0.462722904202,0.483089133188,0.504186277107,0.536762139906,0.575255603068,0.631025309517,0.590345588743,0.592573020877,0.607308571061,0.593655027395,0.603998002355,0.603260611184,0.592706551303,0.582117235303,0.571319120029,0.547328824803,0.52048168528,0.497984403681,0.478897576839,0.462391133477,0.447989616327,0.435337488812,0.424133123703,0.414127018703,0.405126099655,0.396992713303,0.389639722924,0.383022257769,0.377123217845,0.371930002221,0.367408365168,0.363488796309,0.36007497571,0.357065366126,0.354371429544,0.351924946027,0.349676939017,0.347593251219,0.345649992007,0.343830016457,0.342120522372;0.430889255309,0.42705388012,0.421687536107,0.422992153787,0.428420315661,0.437054108132,0.447940866025,0.449807821352,0.442188238095,0.492349182189,0.512951191323,0.549020309216,0.595053082948,0.573642498039,0.570370310748,0.581775410141,0.584618952538,0.586535287588,0.624790707483,0.614663294146,0.60612995783,0.576330710727,0.563562151272,0.532344238683,0.507735214023,0.486548782995,0.468345501106,0.452669851405,0.439058748097,0.427110111693,0.416490666556,0.406940242715,0.398270381431,0.39035884217,0.383145048182,0.376626405038,0.37084530189,0.365850395825,0.361637121835,0.358114356321,0.355132625736,0.352541245362,0.350224157246,0.348104963844,0.346137274239,0.344293579534,0.342557189085,0.340917322814,0.339366364641;0.503441074385,0.437152029285,0.413891378626,0.414811393273,0.419106233181,0.426468943737,0.440984993853,0.468504202711,0.552949903078,0.511951966707,0.515124039967,0.555371121575,0.531261031772,0.531644389802,0.565485760668,0.614647030585,0.598399549595,0.572498432661,0.652129886131,0.583463941038,0.565080329221,0.564703794614,0.56232699185,0.523482162693,0.496340187072,0.474342940492,0.456489589956,0.441588294672,0.428878198864,0.417791864091,0.407902524274,0.398912340982,0.390628381894,0.382940252337,0.3758128606,0.369297449924,0.363541857748,0.358734591151,0.354944880762,0.352014911415,0.349661515664,0.3476399064,0.345802117712,0.344075712705,0.342429945714,0.34085336724,0.339342367187,0.337895994817,0.336513818887;0.443445113545,0.367468517704,0.392336240787,0.404302208619,0.406091293001,0.405734586195,0.420316989697,0.465668603545,0.583853324802,0.491922956934,0.498158475018,0.556462529258,0.514336493483,0.492295406664,0.549748506853,0.594356842235,0.561615788524,0.556586672484,0.524195950821,0.531101148882,0.521719506562,0.521902679178,0.536376414373,0.537615663244,0.484511695904,0.460307744536,0.442770455362,0.428855300864,0.417359481058,0.407419320081,0.398458623268,0.390141070506,0.382279227588,0.374774124936,0.367599045577,0.360840897499,0.354816123787,0.35008340256,0.346953176633,0.345025173727,0.343642711336,0.342403059857,0.341160193391,0.339887353413,0.338596091885,0.337305190182,0.3360311814,0.334786395612,0.333579270277;0.40271857891,0.377785571784,0.388609434407,0.396798779404,0.392979475911,0.349854244969,0.345501979742,0.42437796463,0.458471420192,0.457948750025,0.422610289604,0.479321569459,0.489934056765,0.495919710435,0.508896265432,0.567250335301,0.533730075468,0.524857171473,0.506005322451,0.470613275291,0.482656931321,0.491003558364,0.499907397893,0.495174526811,0.464765102775,0.442771235089,0.42619248358,0.413921408926,0.404368843917,0.396071622339,0.38830297787,0.380769999752,0.373341019313,0.365935514539,0.358486218524,0.350969081589,0.343781513622,0.338592228062,0.336841175169,0.336952720839,0.337145074021,0.336945476924,0.336396044222,0.335612514858,0.334688272938,0.333687431328,0.332652296935,0.331610507516,0.330580027946;0.401748675303,0.396958416331,0.394611311109,0.393978339733,0.389948052634,0.377493711508,0.376422685185,0.40978233372,0.432411335706,0.441756805804,0.443267095852,0.479011376701,0.477123805444,0.42548141884,0.465335238296,0.417080898705,0.496935798938,0.507322204955,0.509198286318,0.450867954498,0.459666670563,0.46873055605,0.469679576058,0.460291885659,0.441917404551,0.421064378224,0.404412911182,0.395724640889,0.389869149636,0.383984965935,0.377681479817,0.371003429157,0.363974309844,0.356548658329,0.348573665307,0.339520260764,0.328356045661,0.31940285661,0.322807662729,0.327908532768,0.330497185882,0.331500762378,0.331654649813,0.331341745671,0.330765506215,0.330040549917,0.329234836094,0.328390226383,0.327533183288;0.41423471372,0.405333105048,0.396370854625,0.392376176552,0.390644028118,0.390841411542,0.396608090953,0.408465826305,0.420149152802,0.432355362058,0.462641230971,0.460105611244,0.456814345906,0.43981546329,0.460264966552,0.484786491161,0.48985606045,0.474152524839,0.46289362719,0.440995564441,0.440103442585,0.461684050486,0.461790397349,0.445354954788,0.423100013192,0.392523981984,0.363698435915,0.37296436508,0.374508538316,0.371730890147,0.366970043497,0.36110314076,0.354367974933,0.346729944796,0.33806160228,0.327483811583,0.307581100817,0.243407967323,0.304957613831,0.31956768342,0.324450663341,0.326401163491,0.327099335497,0.327165133056,0.32688284587,0.326401211817,0.325804990398,0.325145338493,0.324454357287;0.516606212919,0.418109940464,0.39535273664,0.389080822505,0.388321435865,0.391451651545,0.39865154395,0.406538905029,0.409910589699,0.414240609104,0.421686250954,0.427515849392,0.43025829478,0.434804557831,0.458271605022,0.616051607299,0.54877687923,0.411329191304,0.407937845608,0.413207256161,0.431595618448,0.508672758286,0.485546603668,0.44134673032,0.410320181978,0.370827134113,0.315758607521,0.350817942374,0.360563878751,0.360215643785,0.356598793879,0.35135628596,0.344746609433,0.336458194865,0.326329519008,0.315907423486,0.302909326205,0.283982588939,0.303433616516,0.314957250732,0.319736016228,0.32189823835,0.322842715461,0.323143834639,0.323078592751,0.322796050667,0.322382745236,0.321891686138,0.321356612816;0.439038449501,0.405893295215,0.388181691933,0.382610633279,0.382495110284,0.387192588713,0.400670422426,0.425488362841,0.402007782744,0.393076454416,0.397311941219,0.404168253049,0.408373038185,0.407903252057,0.469878182304,0.449940846889,0.460500303102,0.4153394608,0.380477366584,0.40532778785,0.434867491951,0.462601044398,0.513701598511,0.436874416607,0.402239809637,0.369800830459,0.321441579131,0.343053087224,0.350565626294,0.350050981844,0.346827585852,0.342019028706,0.335503939532,0.325996671389,0.309888698181,0.293792420645,0.300397931507,0.303442900295,0.308085928881,0.312999237325,0.316177783727,0.317965257722,0.318889815369,0.319290104774,0.319366104704,0.319237874169,0.318979940413,0.318640091037,0.318249813186;0.386999389387,0.38244646979,0.376229092725,0.373146136378,0.373334415742,0.377624865599,0.392500298202,0.45595775305,0.379561449033,0.356707994236,0.371450279555,0.388271430458,0.39219797206,0.385583594877,0.394802396666,0.400892086407,0.424338856303,0.399950772102,0.313262447119,0.383670140827,0.475040861515,0.441300093587,0.442983702332,0.454099927276,0.393487740134,0.366989596644,0.350214761539,0.344458463534,0.34294450034,0.340782777166,0.337559425716,0.333224997937,0.32725893129,0.31774405702,0.29490549531,0.215078097882,0.294865502908,0.304508162413,0.30832219109,0.31106161624,0.313056760202,0.314368927402,0.315155842539,0.315572429821,0.315735432749,0.315726201127,