DPPA2_OAC1=[0.201396503188,0.208858663672,0.218497447042,0.230628463136,0.24612553948,0.267356048513,0.302644665316,0.478861116462,0.344068929758,0.328317901823,0.323212907462,0.287443846809,0.265674311412,0.244393953189,0.20701736821,0.234478271687,0.232445727673,0.250242995312,0.263564729974,0.27218233106,0.275617916467,0.290510056147,0.405601628141,0.274666871053,0.233908618292,0.216279569651,0.205506636676,0.197927937503,0.192176965637,0.187645333276,0.184017517571,0.181100790417,0.178756786816,0.176868551032,0.175321665349,0.173995202601,0.172764638631,0.171517738223,0.170176667052,0.168712407888,0.167141365645,0.165507351983,0.163860953875,0.162245591564,0.160692064284,0.159218813736,0.157834612179,0.156541598489,0.155337787356;0.193298499744,0.200386011504,0.210201662793,0.222347371461,0.237375201988,0.257295298481,0.286872910469,0.330308088457,0.337539789768,0.304073016293,0.290204287201,0.278190611266,0.262229329228,0.223116856602,0.235922785027,0.227276458476,0.215054875265,0.22180043326,0.218803896948,0.222244977202,0.229774642884,0.238202799872,0.245266378959,0.233520114703,0.2164979582,0.204692875865,0.196418304275,0.190288770537,0.185581882586,0.181906063238,0.179031128336,0.176808296154,0.175127846732,0.173890154859,0.172981616447,0.172258113542,0.171547660464,0.170683140357,0.16955481186,0.168145348286,0.166518344381,0.164773722765,0.163005777897,0.161282976133,0.159646174826,0.158114985989,0.156695244911,0.155384859522,0.154177678944;0.180904114529,0.188199412884,0.199533102215,0.211956606643,0.225868147039,0.242995618862,0.266327802978,0.306812288964,0.347771717215,0.284806844842,0.277960507724,0.289420150742,0.304223905614,0.298676281032,0.252533200249,0.228451858975,0.210798173827,0.199015973504,0.176632406433,0.181129058742,0.1851121264,0.197632892569,0.198585386883,0.201292856403,0.196791725705,0.191078949313,0.185941393129,0.18169401178,0.178302577905,0.1756614626,0.17367031628,0.172253044912,0.171351852544,0.170905499797,0.170814692941,0.17090335271,0.170906488975,0.170532463108,0.169596927016,0.168117231663,0.166268536896,0.1642616813,0.162258334708,0.160352587629,0.158586716549,0.156971975556,0.155503797855,0.154170771292,0.1529593468;0.148058117708,0.169425337767,0.186610202413,0.20017033162,0.212418268309,0.226082327434,0.244827446746,0.269510200532,0.249399250071,0.258353730705,0.261738052818,0.296620393125,0.380667189432,0.3150082445,0.263897232233,0.232562833007,0.19051072743,0.178637638484,0.138056221174,0.168246025277,0.176035438919,0.173916803821,0.170346279756,0.178169696358,0.179162691136,0.177571068137,0.175055684084,0.172606730628,0.17058019351,0.169054615562,0.168027870076,0.167497932403,0.167479686491,0.167985314938,0.168969021034,0.170230214302,0.171322990768,0.171643489473,0.170807455247,0.168951245713,0.166543302595,0.164014656753,0.161611248191,0.15942981322,0.157487311762,0.155767275944,0.154242857321,0.15288657058,0.151673777965;0.153609951409,0.143564735769,0.172157672628,0.188561431226,0.197744342358,0.204997578383,0.220314619217,0.258989584345,0.393189982259,0.24853285376,0.23768274822,0.227445416563,0.268403183215,0.287964656906,0.257371958591,0.224309687367,0.18511249073,0.155443796846,0.148284911045,0.168549766029,0.172378777982,0.168456583535,0.158787166736,0.153082217597,0.164157941796,0.165104216393,0.164307180721,0.163327516697,0.16260412335,0.162218023355,0.162192666268,0.162590860033,0.163527001762,0.165150078048,0.167576378071,0.170687152345,0.173737875255,0.175245571419,0.174168895075,0.171136398215,0.167478147721,0.164012608128,0.161001903281,0.158453505225,0.156300043225,0.15446644841,0.152888698353,0.151516329893,0.150310512285;0.160139314511,0.155214522648,0.168186414572,0.179425719001,0.183918039709,0.168486758436,0.170911578447,0.216266336129,0.235129179946,0.224579776084,0.200472783702,0.21914718932,0.223597251786,0.227097987538,0.208282677459,0.165661625044,0.16559209436,0.156573221162,0.159681053436,0.191314278664,0.173835271991,0.160728944289,0.152610263254,0.149279703794,0.152929161973,0.153691897335,0.153631577033,0.153860722798,0.154462698985,0.155261287752,0.156245173398,0.157554720642,0.159442018558,0.162285315485,0.166602093527,0.172842524275,0.180237202945,0.184565589597,0.181816488322,0.175286551938,0.169028547022,0.1640766985,0.160275435733,0.157315936439,0.154955054667,0.153025319986,0.151413678565,0.150042901829,0.148859073929;0.159701606914,0.161766005777,0.167008131497,0.172562240837,0.175377101195,0.173172252925,0.175335449259,0.192914054209,0.20372383215,0.207613742766,0.223396243328,0.205294456746,0.188643719392,0.167851334334,0.168772717423,0.134284331236,0.149949044161,0.143180140074,0.140782367181,0.160622368263,0.161398025047,0.148931667705,0.144415959095,0.142944642117,0.142815752481,0.142198353157,0.142034069936,0.143844803922,0.146198038102,0.14831186262,0.150276221754,0.152394891297,0.155089472804,0.159027585096,0.16543689184,0.176667311522,0.195818054762,0.21184262296,0.198532128547,0.181357665555,0.170540209343,0.163748830422,0.15916862296,0.155870860772,0.153370575662,0.151397523379,0.14979125538,0.148451130086,0.147311008133;0.153137333839,0.157155660336,0.1621827016,0.166181426077,0.168845939489,0.170704983127,0.173928647429,0.179478694214,0.185082403353,0.191573778382,0.208464186094,0.193203678366,0.170090877312,0.156929803343,0.148239054664,0.135995562719,0.130731183973,0.128617357821,0.128992977105,0.12925041911,0.132045240693,0.131408634463,0.130515156247,0.131792513417,0.132031171459,0.128713748473,0.124606202661,0.132804240661,0.138069549965,0.141601257056,0.144415955727,0.14713028577,0.150300779073,0.154768028395,0.162384506041,0.178248117854,0.222758176011,0.382832376288,0.224828764056,0.185425348235,0.170298659041,0.162326209168,0.157375447321,0.153975521535,0.151476246308,0.149547156776,0.148002940977,0.146731760929,0.145662139481;0.122440355182,0.148753399263,0.156271874323,0.159700562381,0.161617916744,0.162662191682,0.163348128172,0.164598294821,0.167399767291,0.170621635498,0.1723169217,0.166094679464,0.154459791499,0.141984239275,0.129605345809,0.0892219503856,0.0986599371109,0.10212984532,0.110511077612,0.114284485292,0.115508855465,0.10541938254,0.111374660411,0.119660740425,0.122093677088,0.11781538527,0.105676764637,0.122627935725,0.130927725655,0.135482869999,0.138827968935,0.141834214103,0.145025791115,0.149028682552,0.155373955157,0.169140094687,0.203843974927,0.257758150007,0.20942967627,0.179902411232,0.166602807752,0.15930498551,0.154716918237,0.151558891972,0.14924251232,0.147462337581,0.146044943774,0.144884872999,0.143914423527;0.136903630575,0.145877830976,0.151166600649,0.153422739928,0.154162201734,0.153484444912,0.150310198368,0.143753711805,0.148662279748,0.150600245944,0.149910720669,0.145509615847,0.137200342014,0.12100420053,0.100626513868,0.110573948319,0.102997625508,0.0986835669532,0.0970704963551,0.104096060629,0.104404650492,0.1026457341,0.0943590650673,0.109371634673,0.114135189473,0.114174001912,0.105484779543,0.118108457338,0.125697171186,0.130201633816,0.133635194833,0.136646608091,0.139508958169,0.14214940798,0.143598633325,0.147778241533,0.167521873139,0.181306313001,0.177499452128,0.167712029418,0.160095849392,0.154897197361,0.151284663969,0.148668989405,0.146698403694,0.145162601974,0.143931504313,0.142921477151,0.14207675036;0.143719017137,0.145149620352,0.146849956043,0.147584987384,0.147171713801,0.14520411413,0.139833489493,0.121956966991,0.131671360127,0.129536782706,0.131253234524,0.127678995725,0.122136080968,0.113326923893,0.105814702542,0.10492319288,0.0969107447133,0.0920552998754,0.0683411707929,0.0923025081339,0.0854976906304,0.0946046412894,0.0967501040688,0.0962676445158,0.107410191204,0.111287822832,0.113512099921,0.117381034803,0.121819770653,0.12560732598,0.128842570401,0.131719648963,0.134251852814,0.135855017235,0.132249434299,0.1018172746,0.147240798045,0.157158755586,0.158811563773,0.156323987403,0.152901527474,0.149845003427,0.14738788069,0.145454249806,0.143923903357,