DUSP10_OAC1=[0.0532043255083,0.0520195190515,0.0509311587764,0.0498265178644,0.0486019820084,0.0471282573047,0.044944140223,0.0339021517973,0.0436310785672,0.0466271946221,0.0503597814809,0.0574931446138,0.0582058802274,0.0488854765469,0.0367621283611,0.0382127060619,0.0355368210451,0.0358474666112,0.0348604454838,0.0343220105094,0.0349785761965,0.0356947279663,0.0315966456293,0.0408798970033,0.0457240484122,0.0495242334675,0.0531446548311,0.0567268412125,0.0603063758986,0.0639008309262,0.0675152865962,0.0711380132068,0.0747366424024,0.0782552084692,0.0816133747571,0.084711154515,0.087443064928,0.0897221660926,0.0915060670947,0.0928105371868,0.0937017575825,0.0942728291817,0.0946188123609,0.094820577469,0.0949390028677,0.0950159940437,0.0950783562421,0.095142035676,0.0952156713249;0.0520540767533,0.0509040603408,0.0500043454311,0.0490615477771,0.0479342365427,0.0465511433849,0.0447336345825,0.042378523053,0.0430590329209,0.0482502757712,0.0562056766767,0.0756826538736,0.0963077040942,0.0517364027037,0.0441617813486,0.0389010930159,0.0352136322212,0.0352160159537,0.0338294360483,0.0339428500358,0.0352936314518,0.0369448222709,0.0388479832598,0.0421783653403,0.0460426620942,0.0497681411476,0.0534351995468,0.0571220355075,0.0608700386885,0.0647003570958,0.0686178936544,0.0726087337315,0.0766343791267,0.080623922986,0.0844666244577,0.0880113763246,0.0910844659058,0.0935339792053,0.0952873401647,0.0963829902626,0.096949127151,0.097148310951,0.0971283666249,0.0969997643382,0.096834606113,0.0966750663499,0.0965430748309,0.0964480322821,0.0963920935992;0.0499129424101,0.0490549861745,0.048795446269,0.0482038061673,0.0472109363798,0.0459114128746,0.0443312464878,0.0418449218926,0.0396911555572,0.0468577206261,0.0551479382936,0.0770440850163,0.122108393695,0.057575537036,0.0442280130284,0.0381686524971,0.0354254808767,0.0338011605848,0.0301568080294,0.0312184726139,0.0325902853146,0.0360373079651,0.0382973470806,0.0424153073324,0.046209887853,0.0499595521332,0.0537201639163,0.0575526153243,0.061509336198,0.065622923642,0.0699066352823,0.0743532184768,0.0789272499546,0.0835501993926,0.0880794645633,0.0922894398323,0.0958817114639,0.0985659963323,0.100202223125,0.100886828874,0.100887315827,0.100498660068,0.0999477304396,0.0993742837121,0.0988507432411,0.09840762605,0.0980524840957,0.0977815133798,0.0975860011497;0.042060454395,0.0455744950828,0.0472332745586,0.0473012484638,0.0463867829643,0.044986610095,0.0434590616458,0.0415082442044,0.0361986028158,0.0430850382622,0.0481576647613,0.0507212557183,0.0477565455204,0.0437566967152,0.0385588429558,0.0322497489069,0.0317545881011,0.0317192503927,0.025147815162,0.031313290328,0.0339679204569,0.0353815104975,0.0370369701823,0.0419472835111,0.0461008470244,0.0500643679518,0.0539713446081,0.0579801704848,0.0621852479335,0.0666373491856,0.071364013373,0.0763762008045,0.0816592308585,0.0871490586402,0.092689531365,0.09796466514,0.102445231622,0.105508328889,0.106832503806,0.106683553881,0.105675616193,0.104357070879,0.103050813829,0.101898275512,0.100940350844,0.100172406322,0.0995727671857,0.0991156452724,0.0987764218583;0.045138067566,0.0400659944827,0.045378852348,0.0466266328161,0.0454710926256,0.0432830955505,0.0416871735653,0.0400362980526,0.032569732847,0.041185293477,0.0422267195518,0.039090345769,0.0414491625616,0.031145962629,0.0340226807925,0.0306722067939,0.0318718085099,0.0288422625527,0.027997247573,0.0320746058433,0.0347339458244,0.0368915000299,0.0377234529795,0.0394177686431,0.0458786691297,0.0501235800025,0.0541512990913,0.058345409995,0.0628434423188,0.067700804324,0.0729595119917,0.0786658963786,0.0848571475119,0.091531886165,0.0985936132233,0.105699786559,0.111941724536,0.115781533127,0.116277870238,0.114304434168,0.111444181107,0.108676784681,0.10634229073,0.104478952525,0.103027562295,0.101911279834,0.101060501699,0.100418242665,0.0999394860921;0.0488795609776,0.0451550005898,0.0464162265822,0.0467137778237,0.0448581099543,0.0381313450696,0.0353407271151,0.0398530738413,0.0401046601953,0.0395812768981,0.0352859122984,0.038309806943,0.0380332893472,0.0357024803838,0.0338564176057,0.0291396729383,0.0313944309878,0.0307948849991,0.0302151235925,0.0303144628722,0.0340176324134,0.0371870649309,0.039124108075,0.0416398158173,0.0461702622742,0.0501459675631,0.0541384511099,0.0585299226643,0.0634056956579,0.068759745707,0.0746478588317,0.0811851576126,0.0885105516803,0.0967609934846,0.106067757002,0.116454717025,0.1268691145,0.132963492321,0.130850306977,0.124388005162,0.118107730794,0.113223094529,0.109614811835,0.106964408455,0.105006843064,0.103551693628,0.102465532152,0.101654229416,0.101050330227;0.0508224560631,0.0492589910171,0.0484765169462,0.0475399047058,0.0456291916493,0.042305298813,0.0399749391176,0.0409609745189,0.040674722042,0.0385499810624,0.0336753820463,0.0340146974363,0.0349930322947,0.031818489305,0.0328144665549,0.0272086864981,0.0315919160955,0.0305886577419,0.0283125198055,0.0236073849693,0.0331563685753,0.0371235634008,0.0400651804373,0.0431190276542,0.0464805833573,0.0498052423253,0.0535039296514,0.0582909575635,0.0637856853726,0.0697675501666,0.0763722518039,0.0838629392725,0.0925575541199,0.102806806803,0.11512838677,0.130946075876,0.152981249906,0.170091528735,0.155567131703,0.136816667644,0.124895591883,0.117438867745,0.112529221747,0.109151608246,0.106754042556,0.105015425525,0.103737086301,0.102789752157,0.102085843559;0.0509715220125,0.0502613637586,0.0496907270655,0.0486233585326,0.0470231835345,0.0451051099464,0.0434893243964,0.0424079383318,0.0411453417284,0.0387996830721,0.0332082870206,0.0342726473662,0.0348785783005,0.0337380715575,0.0328490753733,0.0310620208814,0.0306782788753,0.0306059667923,0.0304078390786,0.030194272268,0.0331309659666,0.0364957324769,0.0395444332849,0.0430804149664,0.0463196110489,0.0483711818491,0.0501550397149,0.0573091823736,0.0640025327004,0.0707270952167,0.0780666058436,0.0865754599239,0.0968827109866,0.109660343149,0.125532556198,0.146948242063,0.193480849917,0.35777817352,0.190692807695,0.147300647884,0.129867056426,0.120476986507,0.114683621986,0.110832276279,0.108152923708,0.10623367068,0.104832504043,0.10379737045,0.103027845274;0.0427392678299,0.0501036177679,0.0506774183651,0.0497519460504,0.0482679302754,0.0464893260824,0.0446188547959,0.0429190741171,0.0415311853054,0.0399396564423,0.0381849750783,0.0370913946168,0.0360738466394,0.0343504700003,0.0322456077123,0.022784333646,0.0258067785325,0.0272434444605,0.0299597532347,0.0317505664124,0.0336534817265,0.0327535960326,0.0370141477722,0.0424626349616,0.0461874526146,0.0474911940428,0.0454216497368,0.05629901237,0.0643955748403,0.0717155786718,0.0796373726101,0.0890852672491,0.101218940024,0.117637898318,0.139162649,0.161910236786,0.192031499908,0.238627510279,0.182546719026,0.147651026106,0.131035345714,0.121668286342,0.115796851007,0.111869584682,0.109129963129,0.107164103652,0.105726182853,0.104661019357,0.103865970586;0.0502246488248,0.0518587886581,0.0519904051957,0.0509746331167,0.0494210167426,0.0474360422231,0.0447705026941,0.0412674987118,0.0411485470984,0.0402909682904,0.0391900497,0.0380034537249,0.036441391738,0.0328625361903,0.0279621276156,0.0314474803122,0.0299804717721,0.029394601013,0.0296345580173,0.0327706861726,0.0342397957528,0.035387011377,0.0343588110388,0.0421349916804,0.0465519831148,0.0493424632814,0.0483730128493,0.0576078416798,0.0654507471576,0.0727883858093,0.080927125525,0.0909539222578,0.1046897887,0.126251727367,0.165740094932,0.205634841946,0.184373753701,0.172815199472,0.15697553659,0.14046162221,0.128795814175,0.121076416214,0.115872049371,0.112256849153,0.109678807329,0.107802286133,0.106415376542,0.105379159441,0.104599473519;0.0555099084704,0.0545498762037,0.053641112163,0.0523510452697,0.0506658179134,0.0485081154396,0.0453496813154,0.0384414649033,0.0404319270353,0.0389291028365,0.0389328982466,0.0378169399049,0.0365009535125,0.0343943200633,0.0327256507755,0.0331369178007,0.0313033850399,0.0304620953908,0.0232288788362,0.0323678600369,