DVL2__poly=[0.820984203416,0.820828837467,0.820374486071,0.81966224299,0.818802890371,0.817725534808,0.814763766409,0.804599937825,0.766230804092,0.821821507055,0.82812341639,0.828386920368,0.826644519087,0.842291323565,0.838475067233,0.864581047459,0.887158696851,0.890095202016,0.89930389195,0.905660103108,0.915774476698,0.919767068569,0.921209625325,0.915677846376,0.914633350814,0.916374460354,0.917726620973,0.907633951095,0.903183117644,0.899843132441,0.896541221348,0.893032217208,0.889718521639,0.886797280853,0.884226080869,0.881929982126,0.87984891956,0.877939391982,0.876170117789,0.874518290315,0.872966974828,0.871503351906,0.870117521502,0.868801676703,0.867549526174,0.866355887369,0.865216398708,0.864127315285,0.863085363426;0.819741039855,0.819465497212,0.818627940527,0.817324073632,0.816026208204,0.816137255704,0.820750728993,0.801564401323,0.778331518266,0.801987097598,0.822054910579,0.820008347488,0.812961162522,0.821246229327,0.824570293157,0.841940753156,0.85407527237,0.885882315774,0.902167182664,0.901029236899,0.910587480693,0.920686955911,0.923134853181,0.925335281902,0.916183031877,0.914545619431,0.913114658475,0.911643507836,0.907897132907,0.90198636687,0.897346107776,0.893587170375,0.890264768979,0.887332378049,0.884732487888,0.882399597716,0.88027919745,0.878330136185,0.876522092934,0.874832712308,0.873245337135,0.871747357379,0.870329036768,0.868982685992,0.867702082804,0.866482066778,0.865318256859,0.864206854631,0.863144507053;0.818923780132,0.818818886083,0.817478400539,0.814987366261,0.812392879592,0.811185175552,0.815252485607,0.793251419595,0.799568512882,0.80396409305,0.805199872624,0.779995530061,0.7825292301,0.806372854142,0.781934810726,0.683900231741,0.813697642708,0.872530658346,0.895559780354,0.900782759982,0.902779086804,0.928880535553,0.907424267027,0.909870160193,0.924980966832,0.909465876079,0.908983592576,0.912965096725,0.914853301128,0.904347885579,0.898972217837,0.894480341619,0.890832532522,0.887788458564,0.885139730503,0.88277363731,0.880622988459,0.8786434665,0.876804279802,0.875083402763,0.873464717097,0.871936148405,0.870488410769,0.869114153243,0.867807380363,0.866563060396,0.865376861398,0.864244973426,0.863163988306;0.818808897119,0.820364946037,0.818525115484,0.812823223972,0.807641288057,0.802617203042,0.791831513797,0.737574447471,0.755595377165,0.791860799743,0.795194276602,0.791187254786,0.797605993447,0.805134322826,0.789115204339,0.780998451322,0.82926362694,0.867666542268,0.886662162449,0.889813467744,0.89518258524,0.898994071737,0.89426122051,0.855998928244,0.89521057061,0.905382265638,0.908980422074,0.913804393571,0.907792291714,0.91024204569,0.902920263402,0.895415063935,0.891313024403,0.888151349663,0.885456472195,0.883063926432,0.88089072287,0.878887591389,0.877022746077,0.87527458512,0.873627828369,0.872071248395,0.870596260977,0.86919603082,0.867864902127,0.866598036641,0.865391183709,0.864240533652,0.863142623234;0.818852313163,0.82876339973,0.830273524956,0.810063077555,0.801017852958,0.79525810788,0.788252380529,0.770187141024,0.774118779496,0.787231932815,0.779961872864,0.782615704061,0.803270114475,0.814499907886,0.818219719138,0.824775900052,0.841797951968,0.860616641302,0.874269170514,0.882345591809,0.887665153261,0.890462033905,0.888906167829,0.877457622918,0.896800255133,0.901392004309,0.89327438355,0.892992787266,0.898460945272,0.903232818253,0.901259056083,0.895660227668,0.891629930498,0.888414246579,0.885692039565,0.883283843874,0.881095173241,0.879073064348,0.877185504571,0.875411928445,0.873738380248,0.872154827262,0.870653604886,0.869228509289,0.867874270204,0.866586246153,0.865360248364,0.864192438202,0.863079266045;0.816812532495,0.821435132212,0.818655998368,0.803356774011,0.786319755656,0.78074755289,0.788126273162,0.79010070886,0.791591760802,0.789976577786,0.757844352915,0.75186077707,0.806989875849,0.829910375239,0.836321554207,0.841094923087,0.851434676863,0.86157175708,0.871803149416,0.879753926026,0.884757968084,0.888066007823,0.892793118438,0.894344983176,0.895917691333,0.895313987384,0.866832106105,0.870142976151,0.890555780372,0.896855433195,0.901357274104,0.896753078372,0.89191767246,0.888598656593,0.885865237836,0.883452386158,0.881253078737,0.879213273997,0.877302479784,0.875502281906,0.87380073356,0.872189360495,0.87066156087,0.869211773062,0.867835055305,0.866526878887,0.86528302883,0.864099556762,0.862972757833;0.813998825274,0.814613986662,0.811166122779,0.798230183819,0.748478967119,0.721161310347,0.786691853457,0.797371774049,0.800405138201,0.799699105476,0.794917898139,0.799254860415,0.815152002105,0.830403348718,0.839471013447,0.851883672584,0.861728897133,0.863696417252,0.873851965183,0.884337850092,0.88606326054,0.887908668981,0.890940933985,0.894414215316,0.901781639903,0.89497445298,0.868732559944,0.875164377989,0.893809433135,0.896391890833,0.90264675142,0.896910469852,0.891975237787,0.888713791891,0.886005787181,0.883596928652,0.881386637526,0.879324946175,0.877385395545,0.87555326077,0.873819400035,0.872177159309,0.870620956789,0.869145696131,0.867746550709,0.866418901727,0.865158334035,0.863960648665,0.862821875639;0.812289936036,0.813771428644,0.814572679045,0.810222759497,0.783436471512,0.775777876898,0.795682792701,0.804495852675,0.808056649531,0.809457959822,0.8105340262,0.814139654772,0.821064147134,0.829328283561,0.837695610529,0.847014515252,0.855659057347,0.864187232525,0.876785800074,0.893863270939,0.891974753832,0.889446141845,0.896780969734,0.894046424378,0.89978965574,0.910522948354,0.898545859342,0.892836616777,0.897763113206,0.898388311823,0.898355823664,0.895424821316,0.891905206613,0.888835246663,0.886164542801,0.88375601141,0.881524951567,0.879428499842,0.877447353879,0.875572499713,0.873798280051,0.87211972865,0.870531838483,0.869029486111,0.867607523985,0.866260890403,0.864984697721,0.863774292275,0.862625289153;0.811471057808,0.814769823763,0.820481680589,0.845351553199,0.809507852213,0.804583053314,0.808411776683,0.813046333058,0.815682047275,0.817572242209,0.819288715907,0.820820857468,0.823580045674,0.828351300461,0.835198212715,0.843492424317,0.852443419349,0.862774616138,0.88477966613,0.888027877285,0.891304779313,0.887220990581,0.890702816032,0.891102351213,0.89599061747,0.905884030262,0.899932588551,0.896461231558,0.898963102391,0.909065772767,0.903679289558,0.896308092728,0.892210563619,0.889081166822,0.886408018815,0.883982136848,0.881706479425,0.879548231161,0.877501723098,0.87556629302,0.873739517225,0.872016927054,0.870392892378,0.868861302351,0.867415971901,0.866050876928,0.864760286948,0.863538832945,0.86238153366;0.811649407615,0.816299142882,0.819556112106,0.821677652743,0.819103214992,0.816429122504,0.818684559545,0.825071516263,0.823942628818,0.825901310511,0.829885613986,0.825543304516,0.822660959279,0.823454217329,0.829881403596,0.83917818581,0.848796893265,0.858672715192,0.869225104158,0.877614630301,0.882310817188,0.882780118346,0.884582382039,0.887378644414,0.891590233782,0.897731520131,0.898169020918,0.897954614532,0.901794712102,0.914770510334,0.906435924491,0.897121279905,0.892662933584,0.889480938631,0.886818572745,0.884356835599,0.881985378172,0.879711453447,0.877559353094,0.875537219392,0.873641902261,0.871865971595,0.870200843689,0.868637901315,0.867168918995,0.865786241642,0.864482849925,0.863252363211,0.862089008261;0.815395639811,0.82255560336,0.821446531341,0.827217664156,0.837479483815,0.823265707413,0.824758519017,0.856202890195,0.829392321389,0.830944309195,0.847213362059,0.83647896631,0.816429925835,0.805791675851,0.818106827887,0.833206174202,0.844491712097,0.854020430253,0.862836901246,0.872323025735,0.906054515188,0.879431109108,0.880902071245,0.884155513973,0.888375681654,0.893243132452,0.89693677195,0.8999500672,0.90365716659,0.906948281135,0.902382698288,0.897208374386,0.893127516703,0.890106868917,0.887589012623,0.885049478643,0.882440714294,0.879941351362,0.877622161489,0.875480554629,0.873499023316,0.871660476024,0.869949958361,0.868354392473,0.866862313729,0.865463684486,