EED__poly=[0.235955872877,0.234495549885,0.232864241666,0.230809241607,0.227845066056,0.22339983704,0.217865910063,0.210844948542,0.190787825484,0.185210651012,0.207038949849,0.210394301199,0.179733212075,0.143707201041,0.190368904862,0.183883284362,0.189921347908,0.228226132161,0.243933655309,0.255776363852,0.254382287955,0.288136720133,0.338772041229,0.320216375668,0.326862913092,0.365881670067,0.400463997367,0.340436524993,0.321803140262,0.314689179934,0.31116576643,0.309813743269,0.308965439058,0.307908156037,0.306658897462,0.305331050385,0.304003437444,0.302717697629,0.30149174595,0.300330669388,0.299233410777,0.298196390285,0.297215288315,0.296285831773,0.295404082963,0.294566502316,0.29376992187,0.29301149314,0.292288635629;0.233978665766,0.232281169833,0.2306148809,0.228630672343,0.225334018289,0.218290822116,0.202883855677,0.206976346506,0.195549586966,0.2064883846,0.214040442956,0.226881835418,0.228358428351,0.213137360123,0.216782060694,0.20095376688,0.224000559836,0.229018680995,0.246413938863,0.284845511329,0.276127101479,0.279238479181,0.297890481038,0.431642840164,0.351034031472,0.370832171155,0.367833577067,0.332902693368,0.320258051885,0.321752686478,0.320111138027,0.317158039617,0.314616286384,0.312342429542,0.310230110647,0.308273770716,0.306477889892,0.3048351164,0.303330047733,0.301945166558,0.300664201037,0.299473340926,0.298361321887,0.297319060424,0.296339189217,0.295415639091,0.294543310504,0.293717832769,0.292935394051;0.231500103822,0.229207270178,0.227639477309,0.226474586011,0.224051216567,0.217639289879,0.201154662104,0.208343810465,0.202670585553,0.218272540739,0.239587588038,0.297951776485,0.306201514876,0.252645212836,0.260045599311,0.22103801666,0.240170102174,0.277531044484,0.325038891142,0.339804459978,0.3053794172,0.476209214416,0.364532048994,0.399672208357,0.337358448098,0.354184156055,0.3573284135,0.339340498065,0.317017546482,0.334583930532,0.328414888879,0.323746043588,0.320094390069,0.316757261071,0.313777719234,0.311171756552,0.308897903434,0.306897802473,0.305117460493,0.303513485529,0.302052998621,0.300711609844,0.299471204347,0.29831810825,0.297241733479,0.296233635755,0.295286882134,0.294395633761,0.293554871616;0.228232425334,0.223492514702,0.221902281077,0.223758913842,0.223742320103,0.221478783196,0.217391859409,0.204165389243,0.212113209541,0.230437951921,0.248281304709,0.283852832201,0.291231893239,0.264878550897,0.269839165772,0.258363066918,0.252698538425,0.302606086514,0.319783268535,0.31337183651,0.307727319955,0.324957516328,0.365717600596,0.412787710511,0.362267707761,0.361322980292,0.402927938106,0.434651907556,0.384709977535,0.371771008018,0.329003790168,0.329964752444,0.325671291379,0.321115761144,0.317185142042,0.313920202263,0.311187786584,0.308854636253,0.30681965272,0.305011857424,0.30338247426,0.301897806657,0.300534042309,0.299273770129,0.298103747005,0.297013500187,0.295994461164,0.29503942733,0.294142222068;0.224967651337,0.209658093835,0.203275095559,0.220483421763,0.22302192541,0.223509267219,0.22317844692,0.220386569332,0.225163734365,0.235017471667,0.241827546214,0.25262095264,0.26129928366,0.260189307688,0.262989400012,0.267367244414,0.273302058496,0.284668770245,0.293665101109,0.29840259375,0.305147163748,0.320757328493,0.347032224215,0.349555778848,0.323720897573,0.334093379444,0.361511577635,0.368695041168,0.37138252743,0.359278599201,0.341695025356,0.339696855908,0.331976655777,0.325321328116,0.320288338283,0.316402187823,0.313276306237,0.310663663344,0.308411143846,0.306423474068,0.304640244499,0.303021845161,0.301541063039,0.300178169049,0.298918085397,0.297748757328,0.296660208174,0.295643977723,0.294692774935;0.224602927091,0.215643620487,0.212939881746,0.219369321258,0.219963601099,0.221941313108,0.227026567244,0.230554561751,0.23436981546,0.238066726496,0.233038076142,0.235056928045,0.252533245034,0.246791938201,0.25794176082,0.280704461634,0.287474470939,0.283084018075,0.283263225621,0.286514525194,0.295220325358,0.31061264169,0.344867879973,0.354123334982,0.348824540047,0.365244991726,0.345851339157,0.369538492209,0.364270436733,0.363067601483,0.380775946237,0.357957198675,0.338296755635,0.328791488456,0.322813733466,0.318499229836,0.315114252814,0.31230498357,0.309883145125,0.307742798661,0.30582105855,0.304077969019,0.302486055184,0.301024927033,0.29967848941,0.298433474448,0.297278640623,0.29620430856,0.295202068711;0.22560572731,0.221956318371,0.219463940394,0.218311598501,0.209454310571,0.206481595714,0.229442780025,0.23596865789,0.239723789391,0.242255446034,0.24365626863,0.247465703463,0.253130185517,0.254518947811,0.266319772986,0.308679815216,0.320627330174,0.281091105755,0.271246803201,0.26447791947,0.278289800706,0.293706412309,0.308001916354,0.314627052013,0.308914451351,0.329714896797,0.345881676571,0.372933857616,0.38349576611,0.366808656262,0.395790481664,0.362686551223,0.340434297454,0.330570060772,0.324520356245,0.320164836469,0.31671061406,0.313798323657,0.311251596717,0.308978806184,0.306927801232,0.305064834482,0.303365152472,0.301808910971,0.30037938384,0.29906213097,0.297844564368,0.296715679717,0.295665857609;0.225663692646,0.222545114323,0.217166008493,0.211610350151,0.21669500822,0.223247004588,0.235087472234,0.241749105734,0.244764297231,0.246165860546,0.247962359585,0.251405298653,0.256101006917,0.261502914105,0.269906639458,0.282519694682,0.284384417139,0.272738329618,0.257901848052,0.234499832319,0.253122435049,0.275250161975,0.272852211086,0.29604075186,0.294814545104,0.27245054896,0.310228507409,0.354858662241,0.374248158186,0.3620253419,0.358483638564,0.348295062052,0.337940027643,0.330688281488,0.32553387286,0.321531692121,0.318173719815,0.31521864995,0.312561640059,0.310154999686,0.307970172052,0.305984105424,0.304175729023,0.302525471686,0.301015397847,0.299629340883,0.298352930695,0.297173528883,0.296080103123;0.224763057195,0.221923349605,0.214226611217,0.182161000028,0.221793556628,0.233262200857,0.243883502101,0.251382510738,0.251556021469,0.248785583963,0.248456739828,0.252149153684,0.257868238573,0.263769818422,0.26911853781,0.273043738337,0.272680268165,0.265837333432,0.234131402721,0.239554967013,0.245451635539,0.269169695511,0.275945622172,0.291661935399,0.300088630828,0.320297054293,0.332584458574,0.335963264488,0.345111572745,0.386155397664,0.358085740326,0.34120953805,0.335107780651,0.330367435787,0.326430286735,0.322960083208,0.319733694784,0.316700020473,0.31388324219,0.311303603191,0.308959991672,0.30683724419,0.304914375263,0.303169233665,0.301580677881,0.300129488631,0.298798664454,0.297573409499,0.296440971305;0.2224974042,0.220768559582,0.219161507612,0.218545894785,0.225559502213,0.238552774272,0.256622500929,0.280008006993,0.264522697175,0.247857590192,0.239902338137,0.248798996329,0.258968786574,0.267156624649,0.270684087309,0.271147572945,0.26960918881,0.265355536223,0.258072228194,0.253900614815,0.256913887541,0.269584949128,0.280245152883,0.290327962756,0.30219970872,0.328301684351,0.32999059692,0.326713921178,0.328096632839,0.306689853477,0.327981976219,0.335909389479,0.333738639466,0.330853793861,0.328062735588,0.325052899037,0.321749634803,0.318419733303,0.315292148728,0.312451882952,0.309902922505,0.307620798607,0.30557428815,0.303732692232,0.30206817093,0.30055639571,0.299176538105,0.297910971333,0.296744863465;0.216089756182,0.213597225132,0.21939825013,0.216610015144,0.209448912326,0.239055864005,0.264560974491,0.397469861793,0.275060978345,0.244882158504,0.216417926982,0.231686333172,0.261732713147,0.280496417729,0.277987867747,0.272542283214,0.269474504622,0.266664620525,0.263279401086,0.257194852838,0.198622198252,0.267844554958,0.278682047503,0.286831788367,0.294735043206,0.302244817906,0.30932215666,0.319935623506,0.32625348115,0.3220471643,0.335603112193,0.338001657284,0.335089413545,0.333171281073,0.331761513107,0.328870877627,0.324717321502,0.320542505278,0.316829338861,0.313601266464,0.310788397434,0.308321469707,0.30614284182,0.304205066282,0.302469143091,0.300903174693,0.299481182833,