ETV5_OAC1=[0.301112158604,0.298159169557,0.295598453904,0.292670560873,0.288572191925,0.282216720223,0.270344106357,0.203389646956,0.257862586449,0.265790646569,0.26792388036,0.277955942004,0.275813103198,0.266224383384,0.237450107586,0.283484485155,0.294515249281,0.32766728029,0.35013291322,0.365900189842,0.367055609555,0.376203204209,0.5009344099,0.415311894061,0.398096487334,0.393842714998,0.391463128753,0.38990891519,0.389128733173,0.389034180705,0.389488059018,0.390353924205,0.391509771999,0.392844342892,0.39425045297,0.395622327751,0.396860626928,0.397885371188,0.398651188539,0.399155035996,0.399430188112,0.399530025799,0.399510987817,0.399421462102,0.399297624206,0.399163873929,0.39903522485,0.398919983922,0.398822006917;0.294774798309,0.292115286097,0.290766997914,0.288936944248,0.285571638692,0.279870002286,0.270147936731,0.254811136962,0.253383063475,0.268297363893,0.27330605278,0.267767139383,0.253215676943,0.227482793327,0.26591474701,0.28242159371,0.292832339192,0.3274264444,0.341048061578,0.352005367489,0.365414149336,0.384614703888,0.403862652303,0.403306333043,0.396466274124,0.392492202935,0.390317952439,0.389232042262,0.388954982532,0.389319712181,0.390189473732,0.391446145377,0.392983233851,0.394694843439,0.396464571767,0.398160258572,0.399642329848,0.400790954912,0.401542746801,0.401910907363,0.401970608721,0.401821855256,0.401556531858,0.401243034802,0.400925292898,0.400628132136,0.400363527794,0.400135598364,0.399944018505;0.282761313449,0.281845166898,0.284372606391,0.284895776071,0.282753207715,0.278139226211,0.270651920773,0.25553341814,0.238733514408,0.26847142571,0.277300052968,0.264017967333,0.230884108359,0.248805700525,0.269954325965,0.284007222951,0.306805047133,0.340648562089,0.352369654217,0.348380571362,0.348024689234,0.399838407572,0.417694866175,0.403634184333,0.396417446731,0.391987850889,0.389633564134,0.388744376593,0.388850465544,0.389653352677,0.39096850118,0.392675057865,0.394678109762,0.39687898668,0.399150445611,0.401318459583,0.403165977337,0.404484811455,0.405168786939,0.405270564503,0.404958256725,0.404420156224,0.403801049478,0.403189210954,0.402629175114,0.402138355322,0.401719442582,0.401367993973,0.401076629633;0.23829222571,0.262121241483,0.275913339057,0.280716239875,0.27967956796,0.275428973373,0.26982180768,0.260554229525,0.228286995358,0.269572468938,0.29441947319,0.291207577831,0.233920336236,0.243937720293,0.260650051332,0.257077926867,0.293703288062,0.359097454632,0.499504797607,0.38955034344,0.372746740509,0.414579407418,0.438286304161,0.411116558231,0.39850691602,0.391719922622,0.388886243509,0.388208333088,0.388753099171,0.3900474488,0.391861310763,0.394085926302,0.396655421425,0.399495523537,0.40248077492,0.405384589281,0.407842051539,0.409427944222,0.409917505839,0.409475865406,0.408500793395,0.407348803031,0.406228870862,0.40523096046,0.404379204681,0.403668108893,0.403081291814,0.402599968885,0.402206395078;0.25561356435,0.230579250995,0.265623038387,0.277838663777,0.276091157805,0.268099693044,0.263865654356,0.25977450161,0.21809033236,0.288773143627,0.319018219606,0.371687779655,0.281515441947,0.213393257802,0.261279993908,0.275134266347,0.317413845231,0.348573022171,0.413978843063,0.382553746448,0.37751672523,0.391418927154,0.426328275412,0.444952627524,0.399952204723,0.390202892772,0.387451656898,0.387396430715,0.38862334388,0.390529115732,0.392905468451,0.395715174928,0.398963605113,0.402638723262,0.406665249972,0.410804978029,0.414446254117,0.416561924835,0.416517991409,0.414880232002,0.412686420926,0.410578835532,0.408778664144,0.407308366111,0.406126408452,0.405179933102,0.404421151826,0.403810869852,0.403318024809;0.27647497211,0.259831160748,0.272043795934,0.279265099078,0.274033816284,0.238654326784,0.227598251205,0.266320588516,0.283423019849,0.312455439999,0.389346070197,0.322078939184,0.291637648976,0.275360197731,0.287350951309,0.375681324393,0.337021268568,0.334047426784,0.349242915907,0.373726341201,0.370836683068,0.377176315557,0.398460621634,0.408573653798,0.391731595255,0.38581469679,0.384821073872,0.386221225049,0.388553116951,0.391194015995,0.394152977899,0.397584388919,0.401622119558,0.406365696568,0.41189594621,0.418218314262,0.42462827265,0.428247798894,0.426496968885,0.421906767464,0.417460700142,0.413957121014,0.411315189894,0.40932257908,0.407802332206,0.406626940212,0.405706734607,0.404978200768,0.404395624732;0.286855231454,0.283114151881,0.284145623578,0.284713551468,0.279886785402,0.26670286193,0.260460372064,0.278692655469,0.2954477198,0.31649342454,0.352092194291,0.311570953333,0.285607006109,0.260101767846,0.2870361223,0.26541525844,0.321506744028,0.317245397359,0.307650424661,0.299627898128,0.353331273811,0.360922017786,0.370863045111,0.377995240476,0.379388600302,0.379033455705,0.380385251536,0.384892518372,0.38895201278,0.392248586398,0.395658271171,0.39968038665,0.404604116961,0.410664465944,0.41818844661,0.428098407747,0.442176009276,0.453073400714,0.443160468654,0.430478145968,0.422316628693,0.417117834775,0.413616386062,0.411141159178,0.409326356422,0.407958591638,0.406905411504,0.406080320464,0.405424491794;0.286764219434,0.288169238237,0.290853598171,0.29117881443,0.288881410726,0.285308447145,0.28476444628,0.289971786605,0.29847415268,0.308568030578,0.316728337738,0.306978597606,0.28855953202,0.281807288344,0.291479998123,0.306545503072,0.32151699324,0.318828515106,0.320965622343,0.316287850704,0.3312516513,0.34383163746,0.35238900795,0.363527050047,0.370691625235,0.369881874805,0.365678502549,0.385304477744,0.390896602733,0.393933162651,0.397403361915,0.401911972938,0.407824888256,0.415525086372,0.425381857695,0.438979433977,0.469186354582,0.577036893005,0.466672699471,0.437765693733,0.425976336999,0.419504513615,0.41541920295,0.412628448604,0.410623223456,0.409130644376,0.407989953379,0.407099844929,0.406393188467;0.239366674136,0.28615007126,0.295716607965,0.297314022234,0.29623028448,0.294037085529,0.292120652839,0.292536856031,0.296934891833,0.30207878567,0.304628656397,0.30063802105,0.293044226307,0.286621609405,0.28721539779,0.242910110808,0.310111920462,0.300111008407,0.348611923545,0.333294652814,0.334857787984,0.307572503639,0.32617403191,0.353170287865,0.367312846269,0.374232440959,0.38598873024,0.399663022522,0.395208859264,0.396050832817,0.39916461639,0.404047254645,0.411076359164,0.421141611757,0.434707224109,0.449183183218,0.468588325202,0.498904072253,0.461670580424,0.43837861651,0.427134726606,0.420679349783,0.416540797497,0.413696179598,0.411645969816,0.410116370989,0.408944396236,0.408026889085,0.407295419127;0.279636875585,0.294567254444,0.301914056373,0.303379401436,0.302329827818,0.299284137065,0.292404194843,0.279984870443,0.29063071972,0.295964993773,0.297580917653,0.295519880466,0.289753963752,0.270223649804,0.242857067834,0.296401320727,0.302995015748,0.324926038167,0.368839002898,0.358183821413,0.365701727045,0.346476755748,0.304914165672,0.348756883591,0.367156300557,0.387479608552,0.448174978582,0.40978492312,0.397982418352,0.397595981544,0.400527727667,0.405693810964,0.413746861767,0.427180213837,0.452536670647,0.47828505036,0.463930738637,0.455976378705,0.445224721219,0.434041005105,0.426059533658,0.420688587149,0.416986131036,0.414342021582,0.412391947739,0.410914007175,0.409767809369,0.408861101311,0.40813118548;0.306798908716,0.307668111588,0.309433555992,0.309692474136,0.308341248012,0.304833796185,0.295489791961,0.260611973967,0.285175470765,0.283799854698,0.290835626866,0.288505728389,0.285271058827,0.277616383633,0.275875179302,0.295111776494,0.297867264961,0.319756876592,0.302214432904,0.376535010832,0.444317886109,0.37386835695,0.345431553328,0.33255715894,0.367103529889,0.383353762163,0.395836418882,0.397959428169,0.396849503743,0.398007397046,0.401228396781,0.406464324631,0.414686215173,0.429404895212,0.468338947237,0.610786718512,0.464464582309,0.445032545281,0.436220318436,0.429415389764,0.424029161187,0.419960175993,0.416925842484,0.414644501944,0.412901782749,0.41154667978,0.410474420283,