FBXO15__poly=[0.00824938275079,0.0082987648484,0.00834635647025,0.00838198276377,0.00838550064298,0.00833108063308,0.00822594056517,0.00804479381786,0.00733014933242,0.00712489469554,0.00792261602256,0.00800278213163,0.00687158714324,0.00553412420038,0.00723999675459,0.00672724191998,0.00647435162804,0.00707772898896,0.00706117299156,0.00702356605826,0.00654796424474,0.0064549473127,0.00654465789382,0.00726668194901,0.00770386166868,0.00795084607423,0.00822433500072,0.0096185031393,0.0103582006925,0.0108366597568,0.011150811292,0.011342663061,0.0114024800806,0.0113485266239,0.0112196167925,0.0110486080711,0.0108579844626,0.0106618692721,0.0104686388463,0.010282963825,0.01010720915,0.00994234346975,0.00978851360859,0.00964540132869,0.00951244194049,0.00938895635243,0.00927422929948,0.00916755431471,0.00906825829693;0.00799926700577,0.00801935925182,0.00804078476447,0.00804954771901,0.00800699274114,0.00781964921269,0.00731031073647,0.0074704686352,0.00701728918855,0.00726803091984,0.00721711123226,0.00715580653591,0.00715826894051,0.00695403445319,0.00700974465458,0.00632488337841,0.00675279189789,0.00635663018693,0.00620464468446,0.00685138005018,0.00658225385277,0.00610562822736,0.00613314295409,0.00622118270034,0.00747683098199,0.00827902156917,0.00908669216312,0.0098086402216,0.010613832629,0.0114436316977,0.0118795534506,0.0120069008994,0.0119489346762,0.0117773156498,0.0115460338095,0.0112912250332,0.0110342423482,0.0107865417223,0.0105536090726,0.0103375328027,0.0101385550503,0.0099559702976,0.00978863311745,0.00963523846573,0.00949447150436,0.00936508335096,0.009245925288,0.00913596013191,0.00903426147189;0.00773501210843,0.00771563468291,0.00771774327301,0.00772866851414,0.00768810793952,0.00749563667698,0.00693165785151,0.00714375134239,0.00684533857508,0.00711744015625,0.00718008464973,0.00670318174163,0.00666428955515,0.00707176283947,0.00675171326576,0.00565324655417,0.00640443717624,0.00634397640375,0.0061677196719,0.00651848913449,0.00687013688604,0.00526501500531,0.00696973504781,0.00688749600558,0.00644268667089,0.00899062116157,0.0101508124121,0.0105726580626,0.0108789363912,0.0123707613062,0.0128023655303,0.0128300942187,0.0126065284135,0.012268844442,0.0119004787365,0.0115405136664,0.0112051789084,0.0108997356932,0.0106243768314,0.0103771155394,0.0101551811397,0.00995567556866,0.00977586485344,0.00961329164873,0.00946580182487,0.00933153173521,0.00920887945334,0.00909647140776,0.00899312978079;0.00745062935131,0.00733380367273,0.0073148232002,0.00740275045949,0.00741877965268,0.007344749756,0.00718624058857,0.00669023342057,0.00682318773741,0.00714334099713,0.00712574834541,0.00685908409885,0.00682377224253,0.00702668732232,0.00679643448516,0.00641352227416,0.00638169243629,0.00644436310501,0.00648282718301,0.00703173630681,0.00723387463577,0.00729946998982,0.00741178389436,0.00657182298457,0.00830120671689,0.00982585413439,0.0111094216698,0.0118797856141,0.013642571145,0.0133486275468,0.0138007444351,0.0138746433009,0.0133742681764,0.0127977143734,0.0122551243555,0.0117728564139,0.0113524042764,0.0109876238517,0.010670689104,0.0103941401934,0.0101514908418,0.00993730877971,0.00974711658266,0.00957724528906,0.00942468989123,0.00928698297367,0.00916208986464,0.00904832383855,0.00894427840099;0.00717484670614,0.00670675553834,0.00651619743347,0.00707416239633,0.00715093062683,0.00714721984399,0.00709697416603,0.0069388467124,0.00696984761943,0.0070720276066,0.00696293910155,0.00690179233367,0.00699485029624,0.00699397623892,0.00694617328796,0.00690537229952,0.00693713701065,0.00702961985343,0.00717852762713,0.00743582635645,0.00770754717716,0.00797233401842,0.00815964677845,0.00841507917404,0.00916483112876,0.0111666640491,0.0144128958313,0.0174534611592,0.0187300787984,0.0174894303493,0.016162313078,0.0152193175625,0.0141976889088,0.0133054182976,0.0125643272108,0.0119554378156,0.0114529438651,0.0110342067092,0.0106813636023,0.0103807348555,0.010121895755,0.00989686836939,0.00969949920434,0.00952499744867,0.00936959596893,0.00923030255596,0.00910471668071,0.00899089367407,0.0088872433153;0.00699915253763,0.00672620074893,0.00663997611046,0.00682842576118,0.00682323632085,0.00684801065914,0.0069537279901,0.006993046244,0.00701427544782,0.00699352676054,0.00668321977145,0.00657573175935,0.00693450835029,0.00666302550221,0.00675239835975,0.00693639419427,0.00702610399634,0.00721578557921,0.00737992687056,0.00760190800395,0.00794546442231,0.00835955935323,0.00863887928818,0.00939156037944,0.0108956989829,0.0130957863515,0.01682631654,0.0259451832854,0.0297796257331,0.024456857078,0.0188479737598,0.0164446596495,0.0149056580511,0.0136913113627,0.0127659052621,0.0120492926079,0.0114819297201,0.0110232945149,0.010645664904,0.0103296661727,0.0100614546894,0.00983093879565,0.00963062786105,0.0094548690106,0.00929933018056,0.00916064362999,0.00903615607706,0.00892375091466,0.0088217199208;0.00687170138506,0.00675329503921,0.00665981476135,0.00659478409204,0.00628525283284,0.0061430301144,0.00676015225007,0.00688556874627,0.00692953469943,0.00692872370046,0.00687870957316,0.00688457512301,0.00693347777654,0.00683071357814,0.0068596983829,0.00673345238002,0.00675688463401,0.00723010566542,0.00730088408293,0.00731703927235,0.00789087110401,0.00853528179341,0.00923764094629,0.0102135071901,0.0112977144071,0.0148406517759,0.0223552674355,0.0495645492861,0.0699338459614,0.0329374047416,0.0208870028758,0.0173188792957,0.0152858878432,0.0138359572021,0.0127947454934,0.0120174674072,0.011417413555,0.010941369313,0.0105550455102,0.0102354255824,0.0099665666977,0.00973714105863,0.0095389195384,0.0093658030784,0.00921318785686,0.00907753999456,0.00895610486543,0.00884670469828,0.00874759523264;0.00672198620394,0.00660951454142,0.00641764736546,0.00620612093964,0.00628726688965,0.00638792844202,0.00662562193869,0.00673547630507,0.00678827177136,0.00681484553176,0.00683504026487,0.00687429788233,0.00692444567164,0.00696216969123,0.00700551827641,0.00702830733667,0.00710974263838,0.00722114905419,0.00710960296748,0.0066770361607,0.00745197250377,0.00844057326266,0.00886192879143,0.0105006493073,0.0119246933476,0.0135859193827,0.0224570844114,0.0490957564104,0.0656204981775,0.0322509482542,0.0216766658332,0.0174027069381,0.0151200454247,0.0136453762813,0.0126059413957,0.0118362073913,0.0112459466032,0.0107805482773,0.0104048213989,0.0100952228203,0.00983557955261,0.00961451408045,0.00942383656135,0.00925752294349,0.0091110534949,0.00898097541046,0.00886460726068,0.008759835207,0.00866496987608;0.00655266042937,0.00643999570545,0.00617219773516,0.00519210977097,0.00622173328082,0.00639362657845,0.00648615546815,0.00653727890767,0.0065859944967,0.00661645061561,0.00664927600972,0.00672888628463,0.00682788479611,0.00692507054831,0.00701941922211,0.00711072059647,0.0071973436096,0.00721771435667,0.00656172300866,0.00693797190325,0.00737788978096,0.008472785412,0.00923136814042,0.0105801767492,0.0120089966311,0.013524747408,0.0190468032766,0.0267815887146,0.0288770017162,0.0215179998943,0.0180306734808,0.0160245096413,0.0143429210634,0.0131100130928,0.0121961342675,0.0115032973099,0.0109662781146,0.0105404837422,0.0101952499544,0.00990962292564,0.00966917179799,0.00946374619207,0.00928602837708,0.00913061985064,0.00899345558578,0.00887141810066,0.00876207670379,0.00866350751219,0.00857416687155;0.00635478365174,0.00626809744999,0.00616744116855,0.00606825508883,0.00613274833401,0.00625767188493,0.00627676478717,0.00616396457462,0.00629739508429,0.00630136823396,0.00621994792052,0.00644266814103,0.00663246265834,0.00679209218294,0.00694190050919,0.00708274543056,0.00720028216252,0.00727171234594,0.00727769221039,0.00739088899037,0.00775846137465,0.0085128061128,0.00935458703917,0.010365513665,0.0115755037383,0.0129587280772,0.0155092799347,0.0181595081426,0.0184870091801,0.0150777832564,0.0146647978072,0.014192996386,0.0132038180684,0.0123208174195,0.0116036406077,0.0110367134753,0.0105888103066,0.010228397503,0.00993169001677,0.00968266448249,0.00947041588591,