FOXD1__poly=[0.35947791787,0.352704410241,0.344347952075,0.334093810102,0.321643943735,0.306633240693,0.289862774029,0.270874236274,0.235464738149,0.218177623115,0.23147573854,0.223991086943,0.185956332857,0.147253218826,0.194401563287,0.188784612934,0.198634277779,0.255534363339,0.292350731753,0.303816275661,0.31888321045,0.298073564134,0.312721488783,0.372746425163,0.407699926246,0.415559602957,0.48698913953,0.46982145364,0.473751715696,0.479644617426,0.483693852509,0.485069737889,0.485788784164,0.486840606635,0.488166387957,0.489596412179,0.491020151522,0.492377563348,0.493638882007,0.49479167947,0.495833473117,0.496767447862,0.497599891108,0.498338614423,0.498991976767,0.499568290368,0.500075475184,0.500520875117,0.500911177942;0.36223648825,0.355946131606,0.347397354471,0.336173801275,0.321967575438,0.302340356322,0.271700009733,0.2669155503,0.241134333689,0.240506929922,0.230648542275,0.222085072344,0.217764576282,0.210307994005,0.214819648247,0.201044278588,0.228317562987,0.233286604077,0.246079073712,0.289068948443,0.293112000323,0.283646189128,0.300321826512,0.324288752999,0.407223846147,0.419929992292,0.467308562104,0.49606003272,0.500074050264,0.491693544144,0.490258728647,0.491669785916,0.492899197116,0.493982623515,0.495049946627,0.496111623684,0.497141977973,0.498115017542,0.499013133609,0.499827286892,0.500555059598,0.501198532147,0.501762531077,0.502253338532,0.502677809619,0.503042807435,0.503354867976,0.503620022483,0.503843722378;0.366796725958,0.362298256834,0.353834291889,0.340959348017,0.325351595825,0.305013830324,0.271960510508,0.270833504638,0.251293724574,0.253662448964,0.249387069639,0.228214231235,0.224258810099,0.237862949279,0.2301538493,0.19830385705,0.23450942241,0.244793022071,0.251117686128,0.27905829723,0.308701730696,0.25019146259,0.361758838235,0.398543236678,0.39014751243,0.438412970278,0.46181113455,0.498812990743,0.530237350379,0.498956994502,0.500486331103,0.501314356586,0.501630820557,0.502053739495,0.502550134152,0.503087705255,0.503635247781,0.504164510355,0.504654901147,0.505094257459,0.505477347148,0.505803809591,0.506076315342,0.506299176245,0.506477398173,0.506616087,0.506720107534,0.506793910795,0.50684146669;0.373663196337,0.376283045771,0.368709960278,0.348991366814,0.331141029751,0.314563947772,0.297454450023,0.268794586523,0.266971760475,0.27310819671,0.267299103666,0.25380398449,0.250820907896,0.258807802471,0.253363299385,0.244502214881,0.251064306668,0.263197675521,0.275387240273,0.31045770972,0.332324793037,0.353648880457,0.404696584116,0.520336051638,0.483487908333,0.464571142581,0.436930940513,0.422280925369,0.468173411248,0.48942628244,0.524645795898,0.514037661259,0.511915945209,0.51107779164,0.510686681526,0.510529688139,0.510495575048,0.510516495323,0.5105517289,0.510578402352,0.510585135665,0.51056760124,0.510525513029,0.51046068406,0.51037584159,0.510273948249,0.510157843109,0.510030075113,0.509892846282;0.380264919513,0.412596102105,0.419573202514,0.357058832601,0.335383169072,0.321346780551,0.309311613743,0.294836437904,0.289879525212,0.288935124471,0.280544125806,0.275505572468,0.278195810314,0.278995358712,0.279986774618,0.283359018225,0.291682625093,0.304201948066,0.320163162324,0.341157487443,0.362771832022,0.386545398185,0.41700131964,0.469627054099,0.521083922714,0.512669855246,0.482410240818,0.486094269608,0.492521871393,0.514738858938,0.53519804253,0.527833427158,0.523486251563,0.520906961861,0.519373947068,0.518389724075,0.51769346649,0.517149169677,0.516684447542,0.516261086282,0.515859696584,0.515471128413,0.515091582346,0.514719876438,0.514355972584,0.514000221035,0.513653001467,0.513314574929,0.512985042406;0.378168289402,0.392132476794,0.387223358428,0.353369432483,0.332460824885,0.32174156608,0.318239914088,0.313509942732,0.30928338944,0.304334087243,0.287991966647,0.281615518375,0.296400166494,0.285662741271,0.292023373495,0.304390932929,0.31459689542,0.331145950003,0.347902852677,0.366746851175,0.386921791378,0.406092626878,0.417899848629,0.448949855389,0.502331803243,0.520164748411,0.486089598398,0.519903761318,0.522848749803,0.534293852259,0.558692871476,0.547408337875,0.536077673969,0.531209290841,0.528443484184,0.526585623589,0.525184790966,0.524033786571,0.523029603266,0.522120117072,0.521278907237,0.520492336347,0.5197529156,0.519055997917,0.518398193639,0.517776649768,0.517188748219,0.516631998895,0.516104016911;0.371228762612,0.36836843262,0.358802452491,0.342596712602,0.315493627438,0.30037587474,0.324017491015,0.324986630853,0.323239066831,0.320406770739,0.316168480485,0.31525576215,0.317123306668,0.313133440206,0.316594017499,0.31451730948,0.321260142209,0.352223164136,0.367634931118,0.383975861131,0.412106649231,0.42421045022,0.440282162241,0.474065862638,0.530741921836,0.53015129401,0.536132311932,0.548863511706,0.559748326659,0.554960673751,0.581278243641,0.561600695635,0.54763632214,0.541477817232,0.537719140247,0.535042478076,0.53293164762,0.531144685212,0.52956379343,0.528131227377,0.526817460483,0.525605648448,0.524484512025,0.523445257867,0.522480309805,0.52158281691,0.520746481127,0.519965506101,0.519234583274;0.365932059356,0.358615225142,0.344432003428,0.32705419541,0.324860231986,0.324435153742,0.331959173876,0.334101476946,0.334496325028,0.334563836996,0.33494054509,0.336380692603,0.338346828295,0.340257369287,0.343755540105,0.348099503048,0.357758230186,0.372658984102,0.383857987643,0.41345141458,0.458395322546,0.437575170746,0.426296382093,0.478190015301,0.510977889338,0.554932700458,0.558459949267,0.556713166856,0.574006878794,0.573809077127,0.575041954739,0.566959662957,0.558002554847,0.551637905493,0.547157837953,0.543744272039,0.540926670873,0.53847029796,0.536267626181,0.534268798556,0.53244643619,0.530781322176,0.529257452161,0.5278604963,0.526577365081,0.52539610527,0.524305875393,0.523296920657,0.522360526505;0.362451022148,0.354232941471,0.336594744924,0.279978454756,0.331526811183,0.337103676496,0.339257693502,0.340320407449,0.342523524564,0.345088363741,0.348544286784,0.353464962241,0.357222707157,0.360503398204,0.365237292629,0.372156203917,0.38168036242,0.391826324089,0.372328941972,0.446391672527,0.485167629261,0.457399919358,0.455912081227,0.482069213471,0.494910959522,0.482574944061,0.525692305005,0.554816467323,0.578208126311,0.624956984286,0.606502962937,0.580785809663,0.569205755683,0.562012911754,0.556870220105,0.552767001909,0.549214306656,0.546020837522,0.543126125302,0.54050402423,0.53813142803,0.535984122451,0.534038113489,0.532270800606,0.530661522697,0.529191737754,0.527845011443,0.526606901339,0.525464786381;0.358943057263,0.352200281623,0.344332627582,0.33635576524,0.337534499739,0.342438082984,0.342346790695,0.336263645975,0.345315892212,0.349815638394,0.352671402486,0.37071943817,0.375158286087,0.376864393256,0.382168894028,0.39051194123,0.400797916338,0.412397534226,0.426353180194,0.456124505622,0.479546317714,0.478936726106,0.484011351485,0.496384833863,0.507841080526,0.509638348815,0.535233172627,0.566586049689,0.595959771675,0.65536080385,0.626283557823,0.593557231657,0.580492957152,0.572704969554,0.567095984776,0.562329924834,0.557914523768,0.553827140827,0.550121072317,0.5467986671,0.543828782393,0.54117134053,0.538787255821,0.536641194226,0.534702080849,0.532942957877,0.53134062636,0.529875211581,0.528529718574;0.350127298224,0.342351196253,0.346699235507,0.335887900696,0.316246737148,0.345617332887,0.346283439663,0.288429112403,0.348933683956,0.35581589418,0.341637378063,0.423513073581,0.394233196714,0.385660593591,0.393643827676,0.405308755812,0.417144695518,0.430467087872,0.447685483129,0.476351646336,0.611330907976,0.498024560645,0.501503076219,0.512804058099,0.527344567878,0.545714588162,0.567490679615,0.590760383799,0.614039482035,0.632781342642,0.619273399756,0.603225960417,0.591516637028,0.584007119628,0.578505767072,0.572987196568,0.567246379395,0.561912639213,0.557208919812,0.553093993064,0.549480709976,0.546290791632,0.543459370592,0.540932632534,0.538665763985,0.536621432944,0.534768534869,