GAL_OAC1=[0.708338075531,0.714962869026,0.72428632893,0.735179922381,0.74688767174,0.759641779005,0.776028419617,0.836189292104,0.799274497319,0.802025309325,0.810209377732,0.812011528255,0.819839964152,0.830675498949,0.853177617422,0.830886965437,0.832577465624,0.825061916646,0.825595622497,0.822490536218,0.806735145561,0.791545719513,0.833826016628,0.804839916326,0.795594838151,0.789629802931,0.783990609096,0.778584111599,0.773505621154,0.768785568476,0.764414625089,0.760370222053,0.756624397966,0.753143929544,0.749889207089,0.746814692967,0.743872497854,0.741019321068,0.738224537238,0.735475125543,0.7327744027,0.73013573822,0.727575276934,0.725106858785,0.722739856966,0.720479076062,0.718325602615,0.716277867802,0.714332580746;0.694116318174,0.701575187023,0.714054139388,0.727913079247,0.741411097052,0.75448795536,0.768544450408,0.785467251362,0.791601659888,0.789640409964,0.798076190907,0.81093088144,0.82570881342,0.846134224482,0.824083198007,0.819478643493,0.824272248435,0.82044890866,0.826620058148,0.825069339676,0.816773291367,0.809808425688,0.808115783774,0.802829938418,0.795737149673,0.789449075219,0.783689916142,0.778305132828,0.773264203448,0.768563962019,0.764202457628,0.760172459775,0.756457547943,0.753028794825,0.749842446937,0.746839946153,0.743953267518,0.741118210386,0.738292270507,0.735465834684,0.732657927682,0.729900953392,0.727226093202,0.724655873096,0.722203065844,0.719872606838,0.717664110633,0.715573967273,0.713596811373;0.665941571224,0.677327065395,0.699214498628,0.71916413025,0.735658051266,0.749100257647,0.76009684222,0.771486895726,0.780193279343,0.772038622585,0.790144034714,0.811442471895,0.835106297954,0.820307488552,0.806907542679,0.797652797167,0.798186884895,0.815448276538,0.840053300849,0.837503465904,0.833410000517,0.820319693294,0.815749110703,0.80456128155,0.796516398152,0.789679534207,0.783623934809,0.778108719649,0.773001901712,0.768258270569,0.763874055817,0.759852866828,0.756187635886,0.752852012062,0.749794746919,0.746935435765,0.744167959274,0.741384097232,0.738516348839,0.73556684906,0.732592130262,0.729662374154,0.726832220347,0.724133395556,0.721579226827,0.7191714365,0.716905424545,0.714773583684,0.71276717094;0.560974648995,0.629805690169,0.678720475276,0.710144296199,0.731375627922,0.746300847441,0.755257548144,0.754759409375,0.666278059735,0.743116197241,0.784058490709,0.811884656833,0.829058993238,0.79949020104,0.795488735001,0.7791058566,0.753477367227,0.814080727258,0.861180826977,0.833359371468,0.825275092142,0.824373288694,0.823164356134,0.807936161253,0.797935697282,0.790107365118,0.783681980509,0.777988751996,0.77274595051,0.767890028349,0.763437757478,0.759413033865,0.755820375902,0.752636985214,0.749804747942,0.747213881359,0.744687690067,0.74201517435,0.739066615158,0.735884830408,0.732623918079,0.729428783557,0.726384076998,0.723523492856,0.720851870114,0.718360853367,0.716037208112,0.713866679325,0.711835608753;0.601455173528,0.553554580308,0.652946636206,0.704259541709,0.730716581155,0.750508319355,0.759970522486,0.762530873645,0.794688469166,0.759499927052,0.7808995412,0.810355016342,0.789730985463,0.705949766844,0.786334672754,0.806605979968,0.79487047801,0.825439584898,0.838226678782,0.823563484571,0.818154790594,0.815590402929,0.819619794559,0.819654451813,0.79925297886,0.790415801705,0.783860717511,0.778026548297,0.77255458506,0.767475017784,0.762882456608,0.758834097625,0.755345270999,0.752399556257,0.749945413669,0.747858379762,0.745847510808,0.743427765489,0.740270825593,0.736580995584,0.732793847462,0.729185964397,0.725851531395,0.722796118774,0.719995839376,0.717421111924,0.7150443463,0.712841777036,0.710793414548;0.651112903088,0.623239761503,0.66675071099,0.706036984536,0.732711875301,0.777519833591,0.794095262054,0.764977350455,0.760204904781,0.76367357245,0.791270731538,0.77935217673,0.780542959115,0.781143986964,0.790091394922,0.818532837168,0.801624276147,0.801725152457,0.809357975135,0.82495814032,0.817738982398,0.812000209273,0.811895981146,0.809026354046,0.797865481271,0.790544079219,0.784548451315,0.778536883245,0.772547241549,0.767011275287,0.76216174506,0.758065261779,0.754726309598,0.752134774308,0.750283125596,0.749141799244,0.748377489912,0.746682714722,0.742827000695,0.737855154317,0.733079994453,0.728863132851,0.725170110256,0.721902892029,0.718976750147,0.716328043552,0.71390977134,0.711686703076,0.709631811781;0.680119181443,0.680191778754,0.692481180902,0.710761785169,0.72957973896,0.751626076577,0.764496369372,0.755480237842,0.751613974121,0.752610742132,0.744072759147,0.764288172239,0.780693853142,0.801281845457,0.79100834163,0.823469837762,0.791291639919,0.769336778232,0.756412657687,0.856766704451,0.818983980598,0.810388218837,0.806150131459,0.801459684637,0.796063973659,0.791864529556,0.787379698913,0.780304052011,0.772844925208,0.766411459407,0.761160565367,0.757010287092,0.75389628236,0.751806313857,0.750813077108,0.751279154613,0.753981351048,0.755664013961,0.748265194743,0.739688083145,0.733252926331,0.728289648926,0.724233648872,0.720778935704,0.71775413369,0.715055667724,0.712616337993,0.710389876826,0.708342836899;0.701007850653,0.700282225658,0.703777192863,0.712608180521,0.723535105592,0.734069926418,0.740630609872,0.741986816075,0.741818374959,0.741409990467,0.735525791083,0.749602612652,0.769976673461,0.778848878538,0.77431914766,0.772703289193,0.78713836395,0.785491862425,0.789780395792,0.818744877381,0.818354450181,0.812459410641,0.807581408487,0.800705854344,0.796063498989,0.797440725452,0.800618144084,0.784403166973,0.773175555221,0.7653618635,0.759661108088,0.755521425618,0.752761725832,0.751382773984,0.751461199274,0.753650976802,0.763685601808,0.809310039731,0.756745378274,0.740795889923,0.732718868209,0.727201096237,0.722914170627,0.719356624618,0.716289567427,0.713580901657,0.711149595903,0.708941987937,0.706920384614;0.759218561442,0.71355751654,0.70779984589,0.711504805359,0.717955682157,0.724728800216,0.730281667116,0.733017498508,0.732395615203,0.732542158394,0.735898179,0.745040604374,0.756656639846,0.765753469664,0.760558741666,0.583811850828,0.814817069178,0.821323593775,0.813677984921,0.815141414016,0.816284089526,0.831136503834,0.81892719184,0.802485028935,0.795666295779,0.800380707183,0.819001949413,0.788055084272,0.772144134134,0.763260895667,0.757370522349,0.753412192144,0.751193430922,0.750934605116,0.752771341283,0.755529689311,0.760962305496,0.771819383584,0.752087359612,0.738658946743,0.730851473321,0.725381036774,0.721118474601,0.717589625919,0.714557760665,0.711889084828,0.709500735446,0.707337660072,0.705361194344;0.724118550832,0.710777318823,0.706169507218,0.708075604246,0.712408271227,0.717876416819,0.725425852123,0.735881345944,0.722494613914,0.718089245835,0.725241039841,0.736228326833,0.747810577272,0.769146938078,0.797666632595,0.769165856023,0.795241948667,0.812496979594,0.820800589429,0.811872048573,0.813426843218,0.816786080338,0.830820040737,0.802654362391,0.792730513989,0.791441377335,0.806351513826,0.782354458345,0.76787303856,0.759587354919,0.75406715327,0.750493388651,0.748921573685,0.750329233762,0.757605931228,0.765708288285,0.756137081961,0.749581336791,0.74184912052,0.734000388947,0.727746105149,0.722836812703,0.718841044829,0.71547229194,0.712554809636,0.709977914244,0.707668633576,0.705576588975,0.70366551851;0.700356667674,0.70075470851,0.700929060309,0.702901080551,0.706235941337,0.710690662031,0.718454720517,0.745814768551,0.699703653941,0.67921977888,0.706720476387,0.726890804013,0.737692986026,0.74229483244,0.752530990276,0.76636795302,0.792267532908,0.808203040526,0.860489935442,0.814314433993,0.829646189379,0.812496354006,0.808731876371,0.809921228006,0.788080226464,0.780577515597,0.776389495116,0.769098297425,0.760946582147,0.754498190313,0.749767292055,0.746648211515,0.745467014145,0.74772589877,0.761415310308,0.822968467915,0.753403310785,0.74156464109,0.734733154713,0.728961558255,0.723984331323,0.719760142095,0.716157038404,0.71303883785,0.710298522474,0.707857874175,