GAL__poly=[0.556907249234,0.557104115385,0.556833816191,0.555426496543,0.551668714615,0.544174860015,0.53397250357,0.520254499035,0.474634560288,0.466375404541,0.534123372034,0.575892902989,0.599439888185,0.554870593007,0.617552194309,0.646454897509,0.654282218217,0.676311076986,0.68471782785,0.729606284748,0.771951255429,0.792570622861,0.803357826217,0.794194192826,0.793492482964,0.797956561088,0.801190872435,0.776650744352,0.765331627183,0.756176641148,0.746675550591,0.736369817757,0.726373324603,0.717275136698,0.709040817875,0.701526503851,0.694606138571,0.688183426668,0.682185901369,0.676558453499,0.671258474876,0.666252404101,0.661513271631,0.657018943693,0.652750861523,0.648693136144,0.644831899586,0.641154840765,0.637650873576;0.551511046282,0.551230085588,0.550856442575,0.54940227926,0.544316288016,0.529583423826,0.493875140655,0.504977543313,0.477158025006,0.501400894918,0.511787539692,0.532145001861,0.573623039373,0.586841068031,0.607414404359,0.585338589504,0.672264378187,0.697096121988,0.642362483225,0.728982375985,0.768720759449,0.803904692292,0.818247463651,0.829286104046,0.809742283731,0.804130600326,0.798591690368,0.793133858115,0.782162502038,0.765657824294,0.751864209079,0.740085224639,0.729393427543,0.719750559604,0.711049579082,0.703139834596,0.695885836654,0.68918002395,0.682939930229,0.677102614556,0.671619640001,0.66645315839,0.661573004594,0.656954589001,0.652577390337,0.648423888545,0.644478814308,0.640728622967,0.637161125416;0.54515106515,0.543733087936,0.543799763959,0.5443168285,0.540942139562,0.526799480713,0.487134381304,0.503607980419,0.486748445599,0.514326824618,0.53188787639,0.513601575907,0.532271196279,0.591446273864,0.605688625611,0.68249159353,0.681831021753,0.680561697847,0.717381451324,0.74273743368,0.758090764056,0.831861081005,0.797279198611,0.817801398108,0.84547732916,0.804545299074,0.798230072891,0.803478753352,0.804138617471,0.775788453224,0.759053129525,0.744539254485,0.732321319167,0.721862699969,0.712641443052,0.704350865701,0.696795268566,0.689839352604,0.683385871869,0.677363291977,0.671717885105,0.666408358791,0.661402143815,0.656672828801,0.652198397758,0.647960026781,0.643941265433,0.640127479413,0.636505468768;0.537232106041,0.530593735881,0.531225520234,0.539549385785,0.542022418629,0.536916953889,0.525498758257,0.491013428842,0.505918600294,0.539774834233,0.552936511108,0.546655017574,0.559124003471,0.598172703148,0.614546789908,0.651461127165,0.681707444976,0.664561229011,0.705548139234,0.724396477141,0.745882174351,0.768669773587,0.788614393743,0.832664193537,0.813444410717,0.80690547273,0.808250390563,0.814241687915,0.794942354773,0.794058225536,0.771457165272,0.748765213345,0.734708731484,0.723446390304,0.713745113433,0.705122139994,0.697311283251,0.690144953078,0.683510473049,0.677328731714,0.671542150587,0.666107322149,0.660990317883,0.656163654235,0.6516043254,0.647292527344,0.643210827563,0.639343620115,0.635676762152;0.529633729985,0.498912150489,0.48920135408,0.536412048158,0.546732785289,0.54708608542,0.541120318361,0.529359938211,0.53731042623,0.55904816673,0.578615136544,0.588245929667,0.594762161614,0.612533629955,0.627649047663,0.642703501382,0.658251732911,0.672142661764,0.691109723979,0.710475898465,0.729164773854,0.748301282746,0.770489833105,0.792154600107,0.806174586669,0.804003492861,0.793015050967,0.787463152387,0.783814297013,0.782582427249,0.769970251726,0.75069225933,0.736162431372,0.724350411726,0.714294190376,0.705425151383,0.697421426999,0.690090254572,0.683308505931,0.676993219931,0.671085717268,0.665542404335,0.660329266686,0.655418539449,0.650786688934,0.64641318305,0.642279733345,0.638369817626,0.634668369154;0.52905864899,0.515257139788,0.517353853359,0.543538516289,0.558504913214,0.561655806141,0.555334144811,0.553135773417,0.559023412519,0.572861487096,0.60283339077,0.618931099058,0.609277476031,0.635502302538,0.638410989877,0.629726419248,0.640101663234,0.662615200741,0.682641054008,0.701079139771,0.717482116806,0.734276342895,0.756972879688,0.768871364049,0.775100548996,0.792483767142,0.807525357313,0.78666081785,0.7765715214,0.771184056051,0.771225728274,0.753632611935,0.736815033524,0.724515542573,0.714265173606,0.705260030346,0.697133700864,0.689683264001,0.682784836905,0.676357790019,0.670346244439,0.664708756833,0.659412522438,0.65443014513,0.64973784194,0.645314434117,0.641140764792,0.637199346795,0.633474134446;0.531508899324,0.533374307551,0.541565937396,0.555903845113,0.585002349394,0.59982208944,0.564189016745,0.561496221554,0.566727390999,0.577026842789,0.590845093495,0.601272714175,0.609291049145,0.624673670858,0.62724641658,0.601388561753,0.603322675034,0.651894471611,0.675816733052,0.701076545326,0.709787132101,0.722503474337,0.735807394244,0.736136383504,0.714585061118,0.77520607188,0.791648284147,0.785638806418,0.780582762009,0.7686649657,0.773197695551,0.753101176319,0.736074258637,0.723910152154,0.713698241188,0.70467119024,0.696484980026,0.688950445991,0.681955668156,0.675430102702,0.66932509435,0.663603537536,0.658234707697,0.653191769765,0.6484505819,0.643989105132,0.639787091408,0.635825896479,0.632088346556;0.530546016945,0.537564233555,0.55311227028,0.572605817303,0.572849537406,0.571844011305,0.561758685309,0.561454776152,0.567305505231,0.576416337639,0.58618750203,0.594947805113,0.603403129625,0.612066678514,0.617522742707,0.618209209671,0.626725388963,0.643355264272,0.657776309453,0.699395494381,0.703500875008,0.714331222262,0.740917598495,0.728604550081,0.730332735734,0.793265922188,0.787091841314,0.77671062879,0.776410831873,0.767803161709,0.760227049958,0.747475257712,0.734242212693,0.722748828281,0.712732451166,0.70375848507,0.695546587091,0.687938561415,0.680847935383,0.674222792787,0.668025542075,0.662224391041,0.656790389153,0.651696547017,0.646917620455,0.642430075928,0.63821208127,0.634243474738,0.630505703902;0.524625268339,0.53296940853,0.554406813429,0.627719351252,0.558697186744,0.552950736931,0.551644083991,0.553932716676,0.562741229614,0.574424342495,0.583666408897,0.589608483402,0.596286877687,0.604296986463,0.612342083802,0.62018224186,0.628910120601,0.634618911318,0.584589350582,0.625715422479,0.644270740238,0.700337731157,0.72287326393,0.728180872011,0.74465607524,0.777843822868,0.771852194513,0.765841741987,0.768108799056,0.786596671146,0.769085477003,0.746824760283,0.732750911177,0.721425668136,0.711586866369,0.702681328557,0.694428790467,0.686714004981,0.679495677991,0.672749451585,0.666449502764,0.660567107657,0.655072516144,0.649936455026,0.645130985376,0.640629943204,0.636409128738,0.632446339276,0.628721306294;0.512605539649,0.518539904991,0.529685301043,0.5358651171,0.533044993522,0.536514441414,0.536336805004,0.529929785415,0.551532726179,0.57541854349,0.589826742225,0.581595962096,0.585741363301,0.594638692549,0.605253625377,0.616336273827,0.62652702573,0.634063841363,0.637188167921,0.649528618661,0.671411415161,0.693400586872,0.708876461038,0.721544929882,0.736219756107,0.755405440709,0.759686457078,0.759947163749,0.767323768064,0.795410178618,0.772054803839,0.745755432305,0.731283791487,0.720145300236,0.710542765781,0.70168854897,0.693292472109,0.685357710441,0.677930942744,0.671017252078,0.664592644195,0.658622613216,0.65307063682,0.647901301199,0.643081477324,0.638580760367,0.63437155865,0.630428992819,0.62673069754;0.490128509515,0.489497105577,0.507162287946,0.499970973245,0.474255700947,0.520219534446,0.523886274802,0.44009089465,0.540572703171,0.575986963587,0.612974058392,0.538067752588,0.567340541679,0.576851056083,0.593857770141,0.610472909997,0.623402595687,0.634641082224,0.646628632874,0.666437767007,0.756440497597,0.693966789356,0.70362236475,0.715797790033,0.728962182196,0.742746840774,0.752627819754,0.759564721378,0.766980503785,0.772670527935,0.758716148793,0.742899354497,0.729684855927,0.719205296178,0.71016638608,0.701261836708,0.692367880518,0.683942724277,0.676164380861,0.669015876509,0.662438538455,0.656373885725,0.650769300724,0.645577949882,0.640758354674,0.636273966198,