GAPDH__poly=[0.998026819271,0.998137630367,0.998248141528,0.998360019523,0.998476143948,0.998599222469,0.998725463451,0.998856089269,0.999047245524,0.999156309268,0.999146963714,0.999215915624,0.999384134257,0.999540961122,0.999433662961,0.999491784102,0.999516358132,0.99946785686,0.999460814979,0.999454790716,0.999485699013,0.999490971225,0.999486280401,0.99943661531,0.999413165047,0.999405769656,0.999394769108,0.999296941647,0.999238332,0.999186736829,0.999134415917,0.999079708727,0.999026357083,0.998976482201,0.998930034241,0.998886530803,0.998845519709,0.998806637523,0.998769598407,0.998734176636,0.998700192254,0.998667500216,0.998635982223,0.998605540533,0.998576093281,0.99854757093,0.998519913587,0.998493068979,0.998466990928;0.998022067877,0.998136944542,0.998249637541,0.998362778703,0.998482852363,0.998623875453,0.998808702512,0.998875837005,0.999027190606,0.999073144651,0.999153343977,0.999225934857,0.999281959604,0.999346934965,0.999375431334,0.999457004206,0.999433100984,0.999472307858,0.999487681001,0.999437095049,0.999464089851,0.999510840649,0.999520522733,0.99952918622,0.999455339969,0.999420082795,0.999384384615,0.999348304162,0.999294206025,0.999221069279,0.99915598603,0.999097389848,0.999042504001,0.998991400796,0.998943833657,0.998899337117,0.998857454453,0.998817802139,0.998780072759,0.998744022985,0.998709460078,0.998676230241,0.998644209317,0.99861329562,0.998583404519,0.9985544644,0.998526413681,0.998499198607,0.998472771635;0.998018442711,0.998140105191,0.998253521544,0.998362046793,0.998477674908,0.998616488409,0.998809945921,0.998861260733,0.998988136054,0.999024711057,0.999087038341,0.999206884909,0.999262557641,0.999262722322,0.999330588826,0.999461556267,0.99940858678,0.999428221422,0.999455845352,0.999437679522,0.999423329853,0.999573332048,0.999459957077,0.999494844579,0.99955636944,0.999420459877,0.999383120158,0.999381516382,0.9993668009,0.999257118619,0.999183689786,0.999116901819,0.999057601853,0.999004338202,0.998955500994,0.998910112943,0.998867525692,0.99882727195,0.998789002908,0.998752453748,0.998717420676,0.998683744484,0.998651298573,0.998619980247,0.998589704446,0.99856039926,0.998532002738,0.998504460615,0.998477724692;0.998018644617,0.998162129592,0.998275982516,0.998362313901,0.998462379958,0.998576314218,0.998699209036,0.998870381784,0.998925940467,0.998951397541,0.999023229497,0.99911968689,0.999176635176,0.999198520484,0.999262485836,0.999333585709,0.999361561323,0.999377173293,0.999394449934,0.999367045061,0.999376505214,0.99940334043,0.99943251398,0.999535329849,0.999465511648,0.99942924946,0.999415436276,0.999416894607,0.999338842302,0.99931974183,0.99922847679,0.999135048456,0.9990702313,0.99901485454,0.99896491461,0.998918842768,0.99887575543,0.998835080471,0.998796422596,0.998759497882,0.998724096347,0.998690058389,0.998657259225,0.998625598447,0.998594992971,0.998565372292,0.99853667527,0.998508847941,0.998481842009;0.998016073118,0.998249900769,0.99839804713,0.998364180482,0.998446972135,0.998544065404,0.998645384997,0.99875982047,0.998833680685,0.998891416793,0.998976156418,0.999045883505,0.999088010154,0.999136634419,0.999184731326,0.999226392946,0.999256093013,0.999277744137,0.999294462187,0.999304166569,0.999318847306,0.999342509736,0.999381971307,0.999426362813,0.99945106792,0.999426506685,0.999372954735,0.999335385591,0.99930497869,0.999283877984,0.99922593388,0.999144826726,0.999079151656,0.9990225503,0.998971967859,0.998925545767,0.998882209772,0.998841303845,0.998802401764,0.99876521299,0.998729531175,0.998695203641,0.99866211257,0.99863016328,0.998599276882,0.998569385659,0.998540430125,0.998512357127,0.99848511858;0.997984813279,0.998169975422,0.998295285982,0.998347931431,0.998446156429,0.998533560909,0.998600768602,0.998678243432,0.998754590511,0.998832846146,0.998950378432,0.999026406343,0.999029865001,0.999116913671,0.999149995898,0.999168973813,0.999198110637,0.999216129214,0.999239341923,0.999261129362,0.99927880631,0.999301297288,0.999347990837,0.999376868094,0.999387445457,0.999406780442,0.999422371538,0.999335564919,0.999283465739,0.999248099523,0.999232265834,0.999157687932,0.999084947288,0.999027349242,0.998976709407,0.998930348675,0.998887034619,0.998846077378,0.99880705315,0.998769686781,0.998733790004,0.998699226143,0.998665889719,0.998633694756,0.99860256809,0.998572445494,0.998543269397,0.998514987496,0.998487551871;0.997937416428,0.998082177665,0.998212793199,0.998329454084,0.998498529231,0.998617106016,0.998566634114,0.998625176966,0.998696887821,0.998772177987,0.998850255349,0.9989132007,0.998964674636,0.999033628871,0.999079285378,0.999141959214,0.99918287929,0.999171950112,0.999211501855,0.999260080958,0.999260824729,0.999270641806,0.999295395799,0.999325954347,0.99938425704,0.999380601767,0.999379132894,0.999333582267,0.999297084792,0.999240956696,0.999240563571,0.99915835723,0.999085685429,0.999029279685,0.998979421988,0.998933544124,0.998890486635,0.998849609235,0.998810535923,0.998773035488,0.998736954718,0.998702181873,0.99866862784,0.998636216731,0.998604881197,0.998574560059,0.998545197057,0.998516740155,0.998489141099;0.99789445579,0.998039118536,0.998198538824,0.998353196464,0.998424109283,0.998488474217,0.998520499387,0.998580817502,0.998650178346,0.998720597884,0.99878765898,0.998847001526,0.998900690951,0.998952909017,0.999001389765,0.9990506409,0.999091147604,0.999128883512,0.999194557368,0.999294910138,0.999274409657,0.999253713903,0.999303627369,0.999288845227,0.999335196503,0.999421062868,0.99936174679,0.999303791213,0.9992830005,0.999238503202,0.999198505768,0.999141512434,0.999082579034,0.999029253942,0.998980751044,0.998935631599,0.998892953125,0.998852186264,0.998813052288,0.998775396451,0.998739116254,0.998704129903,0.998670364623,0.998637752739,0.998606230459,0.998575737575,0.998546217429,0.998517616927,0.998489886498;0.997856220708,0.998002571097,0.998186718984,0.998556298128,0.998363622588,0.998410142915,0.998475540267,0.998547862635,0.998617179173,0.998686476958,0.998751307102,0.998804006135,0.998850795341,0.99889593422,0.998940053894,0.998983842176,0.999028370633,0.99908244931,0.999218377957,0.999231188851,0.999247106792,0.999214707988,0.999237353533,0.999240512713,0.999276666931,0.999348002284,0.99930480892,0.99926483121,0.999254356121,0.99929996576,0.999229229922,0.999141606371,0.999080761965,0.999028829173,0.998981636212,0.998937330437,0.998894966432,0.998854169836,0.998814832557,0.99877691175,0.998740360979,0.998705122259,0.998671131101,0.998638321047,0.998606626428,0.998575983966,0.998546333682,0.998517619352,0.998489788648;0.997826897525,0.99796630828,0.998102885053,0.998231472928,0.998307461557,0.998365181948,0.998448081797,0.998557754533,0.998605497662,0.998679133007,0.998765481177,0.99878888037,0.9988188993,0.998854270329,0.998891295196,0.998930173436,0.998973485693,0.999024610495,0.999085801486,0.999136157735,0.99916358228,0.999163076893,0.999173418837,0.999191529015,0.999219670285,0.999260357966,0.999256027134,0.999240444278,0.99924944156,0.999328646704,0.999240342922,0.999140520126,0.999079357201,0.999028915142,0.998983242965,0.998939680573,0.998897241643,0.998855974479,0.998816099815,0.998777699334,0.998740750995,0.998705191198,0.998670943555,0.998637929537,0.998606072736,0.99857530085,0.998545546581,0.998516747909,0.998488847994;0.997835037658,0.997981903563,0.998052358912,0.998202871475,0.998390274146,0.998329461784,0.99841497699,0.998754731966,0.998587835612,0.998666432192,0.998856144158,0.998848034265,0.998808196763,0.998835242872,0.998855968324,0.998883204134,0.998921629131,0.9989671176,0.999017488673,0.999078427919,0.999318714749,0.999122964565,0.999131313197,0.999152008623,0.999178359147,0.999207436756,0.999225085929,0.999234439551,0.999246534873,0.999254258091,0.999197668677,0.999133970289,0.999078091593,0.999030756299,0.998987729414,0.998944536542,0.998900735474,0.99885798303,0.998816997183,0.998777810785,0.998740300985,0.998704336197,0.998669796053,0.998636571426,0.998604563683,0.99857368421,0.998543853774,