Gata6__poly=[0.152417187622,0.150749336036,0.148915423841,0.146744781627,0.143918519824,0.140065627874,0.135420144115,0.129719670345,0.115954818675,0.111017515125,0.122661637206,0.125408886206,0.113741634608,0.108489254588,0.141051783892,0.119837647626,0.116787533289,0.133597546532,0.141640507282,0.14815383732,0.142283075619,0.142359736525,0.143358578653,0.156393984558,0.162528466779,0.163913587868,0.165227912965,0.188572812117,0.199947766687,0.208765847021,0.213679558138,0.212906877586,0.210584542333,0.208751324767,0.207481946605,0.20657158351,0.20587193997,0.205297383342,0.204799864684,0.20435178086,0.203936627274,0.203544150058,0.203167817708,0.20280344624,0.202448398321,0.202101078501,0.201760593202,0.20142651221,0.201098698997;0.151588467916,0.149801548884,0.147986043429,0.14590772444,0.142919968898,0.137472646935,0.126682683256,0.127834645401,0.118969300169,0.122794942776,0.122711345801,0.124409992962,0.130322728644,0.135628181962,0.145868218483,0.14109758738,0.155544368295,0.149990147599,0.157212865382,0.178308275428,0.164588176736,0.157199119546,0.150414717532,0.145669291284,0.169288795713,0.180457018645,0.189066798268,0.193660097268,0.198582669145,0.205573853731,0.209293135374,0.210405595045,0.210265777994,0.209648688804,0.208924843149,0.208216690517,0.207554114393,0.206939475245,0.206367766192,0.205832398514,0.205327001661,0.204846072595,0.204385191969,0.203941017948,0.203511157891,0.203093985898,0.20268845262,0.202293914564,0.201909994992;0.150448987055,0.148310729111,0.146602561382,0.145103566497,0.142734155271,0.137744891078,0.126299265362,0.129417907804,0.123842467967,0.129453218855,0.13259367108,0.127428363351,0.132743163274,0.150972419318,0.162359617653,0.192978142994,0.208816927174,0.19271637876,0.213288914177,0.230117410298,0.192377570524,0.37874162992,0.193372838741,0.180487879305,0.161971678175,0.215426590069,0.227511237919,0.21978109547,0.199672090918,0.206466326317,0.208002761795,0.20997987943,0.21090189171,0.210948972195,0.210548035657,0.209949463437,0.209281493002,0.208605778977,0.207949164076,0.207320985455,0.206722392567,0.20615123586,0.205604489876,0.205079326411,0.20457348244,0.204085291267,0.203613578755,0.203157526936,0.202716550402;0.148799323119,0.145102073132,0.143426198016,0.143934354806,0.143181699641,0.140925990416,0.137399455985,0.127901800791,0.131077457791,0.13888152081,0.141631843627,0.141308430644,0.148253593671,0.16420445044,0.177382039562,0.213798730554,0.238544176644,0.205527742788,0.211322695234,0.200798274841,0.196584816266,0.203196003192,0.208680905097,0.243857091709,0.252455679985,0.280761142557,0.304321371514,0.328055176183,0.233479184646,0.197221245601,0.202237313682,0.21047066841,0.212440871963,0.212804101339,0.212481720349,0.211847992939,0.211094001452,0.210314154954,0.209550498895,0.208818472145,0.208121193329,0.207456885264,0.20682242351,0.206214819985,0.205631687516,0.20507125798,0.204532245351,0.204013686584,0.203514810476;0.147144603711,0.136576174459,0.131846891736,0.142359617465,0.143324219561,0.142953660066,0.142042092406,0.13949074846,0.141462678266,0.145972865898,0.147703695774,0.152879857748,0.165811871006,0.18165294131,0.19062139812,0.196546091983,0.199773489408,0.197402325639,0.196790543088,0.196364039532,0.198817583472,0.205880434502,0.219103118552,0.259862576746,0.319317432469,0.313538776011,0.267302174566,0.250567342206,0.230668791982,0.210267161547,0.207538249503,0.212973241888,0.214979756467,0.215289843435,0.214778641519,0.21393757467,0.212999580636,0.212064414793,0.211168708173,0.21032120796,0.209519862489,0.208759627876,0.208035614617,0.207344025414,0.20668216807,0.206048173251,0.205440689635,0.204858648699,0.204301111528;0.147381016333,0.140931477515,0.138561030602,0.142094570834,0.141830235518,0.142510940924,0.145311046034,0.147308136961,0.149700288708,0.152261149355,0.149939789935,0.154727930422,0.178392798284,0.225902525543,0.219314496575,0.192154238538,0.188762640904,0.19011994967,0.190562547738,0.192148844154,0.197540637856,0.206683025528,0.216018952298,0.241389818628,0.287229971839,0.299231218508,0.231450684414,0.236234838686,0.231270141131,0.222915069355,0.210820433173,0.215226742048,0.218574579076,0.218459941073,0.217422020056,0.216183135548,0.214967092039,0.2138344856,0.212789817587,0.211820801169,0.210913215564,0.210055771317,0.209240831593,0.208463663962,0.207721424025,0.20701232149,0.206335063824,0.205688535235,0.205071637075;0.148519141422,0.14551107511,0.143214427362,0.141745977818,0.135287618861,0.132747319853,0.14712288703,0.151513401247,0.154911703393,0.158286311484,0.161834558272,0.168970644123,0.182742979778,0.206968507531,0.205515189454,0.18269418509,0.17662182176,0.185044013786,0.183450090701,0.18054888124,0.191489961905,0.204542751974,0.220709097634,0.252652292561,0.313307617107,0.285483999964,0.254110052346,0.235926283474,0.228534581015,0.232043927027,0.217068978851,0.222527625886,0.224046621359,0.222295914289,0.220276872499,0.218472183596,0.216923295948,0.215582256658,0.214391945798,0.21330682706,0.212296374974,0.211342516639,0.21043560577,0.209570897222,0.20874610132,0.207959931321,0.207211352433,0.206499254943,0.205822353828;0.149050027042,0.146349302394,0.142079591032,0.137601965043,0.139905651634,0.143046267566,0.149817189549,0.154428192693,0.15857418644,0.163009929944,0.168125384962,0.174458040571,0.182020322546,0.189006710833,0.190054562605,0.18563313781,0.183317529023,0.182685542056,0.176741665859,0.163040625624,0.178580817594,0.198454482713,0.205053656292,0.244081668533,0.275098794797,0.260148018131,0.281159489609,0.24724848861,0.240588175056,0.253807104507,0.24975949161,0.238278459591,0.230993615041,0.226275549067,0.22300020946,0.220605520921,0.218761213545,0.217256103147,0.215954004081,0.214772849348,0.21366838891,0.212619836519,0.211619029232,0.210663542512,0.209752941108,0.208887033714,0.208065223751,0.207286381476,0.206548924298;0.148976421581,0.146419563736,0.140527097741,0.118586582786,0.142875786532,0.148052679338,0.15202209075,0.155828436661,0.160606954755,0.166105855949,0.17237776932,0.178852651776,0.18331401288,0.185803469267,0.186573838205,0.186004566504,0.185061655368,0.182564663246,0.163264418194,0.169580799547,0.176707597082,0.198140262886,0.209797136124,0.231818764466,0.2486739545,0.274725738816,0.274197553321,0.256145747617,0.260831698797,0.326166110152,0.291879497845,0.250829637237,0.236334537253,0.229246036694,0.225077699959,0.22233684722,0.220369991748,0.218817095169,0.217470961121,0.216225604769,0.215036944456,0.213892430391,0.212792267078,0.211739959507,0.210738471538,0.209789151331,0.208891783716,0.208044981865,0.207246598686;0.148042917614,0.14620627597,0.144243029158,0.142562039639,0.145066639963,0.149498820399,0.152080732012,0.152343748325,0.160117521013,0.166959354698,0.174407615841,0.188132593334,0.188759000084,0.186377287912,0.185928335999,0.186307934489,0.186478428973,0.185603339675,0.183009781673,0.182797457845,0.188121995723,0.201340363615,0.214227064948,0.227604474628,0.242506143773,0.269867872541,0.265756999686,0.254813356484,0.259078166424,0.291858741519,0.295023642037,0.251601991732,0.23725504477,0.230190484524,0.226058431468,0.223455756336,0.221682037782,0.220273202125,0.218975627656,0.217696137753,0.216422654178,0.215170546828,0.213958026433,0.212798208681,0.211698264155,0.21066075732,0.209685223129,0.208769405871,0.207910101036;0.144398659313,0.142094582984,0.145067107958,0.14193433847,0.135180373427,0.149678539002,0.152210661945,0.129014453647,0.159600964277,0.168280298892,0.172762487083,0.244904747182,0.19999880491,0.185442427669,0.184796681667,0.186710752679,0.188185590455,0.18912842568,0.189584373262,0.188167323207,0.147795107765,0.202909951177,0.214983435747,0.224923824602,0.233890030334,0.240846749523,0.244565158999,0.250035914566,0.252425664309,0.247589737549,0.249862565616,0.240959108059,0.233887593457,0.228995178282,0.225677872415,0.223799483191,0.222722570285,0.221729789327,0.220566780949,0.219249676766,0.217859844372,0.216467742331,0.215118033348,0.213834114031,0.212625663692,0.211494518845,