GDF3_OAC1=[0.745427801439,0.75190205756,0.758450380342,0.765861008853,0.774947249674,0.786633967623,0.803145183019,0.858297302916,0.829102389028,0.833139188459,0.840883260292,0.843226083396,0.85085962918,0.86098741578,0.880277302873,0.862433388353,0.86316444177,0.855693543267,0.855554421698,0.855221669258,0.851010735153,0.847436717202,0.865167988086,0.826557223047,0.807804595798,0.79439806176,0.782679692217,0.772059523786,0.762377639592,0.753524463575,0.74540506638,0.737939369846,0.731057445568,0.724692871796,0.718777689315,0.713240683894,0.708010136899,0.703021086712,0.698224432119,0.693592745834,0.689119019259,0.68480945874,0.68067491932,0.676724753015,0.672964023691,0.669393162443,0.666008794747,0.662804868991,0.659773672351;0.747594798728,0.753397886933,0.758425332284,0.764411837739,0.772545342866,0.783786514884,0.799376351048,0.819680644162,0.830265428833,0.83043217625,0.836746696048,0.847521612563,0.86101258884,0.879140023587,0.863739677885,0.861453468029,0.863770228554,0.856691154455,0.857957795557,0.854813505437,0.847596390173,0.840042420919,0.832267255869,0.819203369804,0.804815809982,0.792054092499,0.780607592386,0.770175164503,0.760603265041,0.751801519223,0.743706548859,0.736266083577,0.729428443231,0.723134723749,0.717313446055,0.711878744938,0.706735292447,0.701792999622,0.696987704614,0.692294690938,0.687724359793,0.683304706423,0.679064085798,0.675022108318,0.671187947089,0.667562282899,0.664140064842,0.660912856795,0.657870494638;0.754447753411,0.758125324244,0.759008019821,0.76196217791,0.768052692893,0.778112661738,0.793095826556,0.81543431048,0.838597030252,0.831002764263,0.837510479112,0.853341048799,0.874555026591,0.867538780809,0.861152010735,0.861016551572,0.859829387594,0.859424338955,0.870744288815,0.863872574295,0.856748036814,0.84142999526,0.832243293936,0.815898335754,0.80205830784,0.789570055529,0.778255273101,0.767919989773,0.758409651688,0.749641523519,0.741576873273,0.734189579014,0.72744634356,0.721295677393,0.715660000573,0.710429422288,0.705464593929,0.700623373653,0.695810845363,0.691014366004,0.686287270638,0.681701702248,0.677313898222,0.673154736539,0.669234413785,0.665550072438,0.662091834607,0.658846618621,0.655800300465;0.789944263992,0.771011670673,0.760851040427,0.758159867351,0.760480589217,0.768162723779,0.783588779577,0.806188957267,0.844267060028,0.83292762799,0.838047452419,0.858147288802,0.877673965427,0.87079244357,0.866414523224,0.875720619487,0.869147350147,0.863699150239,0.8891598674,0.860061944009,0.847390659428,0.841253425272,0.834950567056,0.815197642061,0.800046097625,0.787042442406,0.775677810589,0.765376660056,0.755872034513,0.747090884321,0.739035966219,0.731716193435,0.725119500723,0.719203683776,0.713886481986,0.709025773506,0.704400628746,0.699747867915,0.694897115743,0.689880733841,0.684865641751,0.680012478905,0.675413958516,0.671104234999,0.667084108665,0.663339172279,0.659849527843,0.656594323087,0.653553660583;0.771232828057,0.794923959117,0.764389139381,0.752196801406,0.748043234484,0.746883170588,0.767080391727,0.798320884994,0.849620871398,0.82494177916,0.835435404637,0.859152532804,0.854933137961,0.886521504966,0.86718405792,0.872637750712,0.861524686407,0.870839280417,0.872305956386,0.852382994653,0.839879167347,0.830677127499,0.828500042558,0.82330260282,0.798065609313,0.784248073073,0.772960837988,0.762693516006,0.753091572341,0.744188642801,0.736083141032,0.728831027067,0.722440184526,0.716881125213,0.712082772364,0.707888227084,0.703944235157,0.699665095121,0.694641785054,0.689091418383,0.683512284231,0.678223029675,0.673330075367,0.668835768455,0.66470763497,0.660906462892,0.65739549139,0.654142659992,0.651120596057;0.748909731154,0.765066231594,0.75387178441,0.743793825061,0.733389546256,0.665842308676,0.757094209769,0.784165239629,0.801747462527,0.816440033924,0.844927977053,0.838270958248,0.841873142178,0.849594276449,0.853012988009,0.869321448071,0.855402640161,0.855508566783,0.856721254274,0.855742497605,0.838534077702,0.824871027276,0.818050996728,0.809602146075,0.79329441625,0.781092850437,0.770541551435,0.760243991665,0.75022469879,0.740948339132,0.732675119368,0.725481855573,0.719371949302,0.714328643558,0.710335816532,0.707350459677,0.704972455226,0.701647530177,0.695889295631,0.68889589966,0.682208053172,0.676252582057,0.670987162848,0.666292599507,0.662064617628,0.658223658687,0.654709913918,0.651477696549,0.648491275392;0.735865074031,0.740353810775,0.739352052626,0.736104842273,0.730750776697,0.719991263935,0.749291002663,0.771809893166,0.787681801511,0.807413630067,0.837295501281,0.839416567434,0.836437159412,0.850750367717,0.844126178486,0.868755805188,0.845582947642,0.849189315119,0.859954894243,0.883466936165,0.837469902973,0.820110861128,0.808899649709,0.798385315888,0.78781763741,0.778964058462,0.770196495004,0.758914280643,0.747423614145,0.737280264426,0.728684720844,0.721560659773,0.715840915038,0.711511448873,0.708653934847,0.707690613291,0.7095393198,0.710350643049,0.700497264743,0.689289831327,0.680686304249,0.673899848644,0.668259316836,0.663397730651,0.65910720801,0.65526032168,0.651773027203,0.648586408883,0.645657068221;0.732462128164,0.73238879053,0.730571810161,0.729968585364,0.730792487902,0.735168142647,0.746961787105,0.761315036337,0.775454611707,0.793336847957,0.826446562997,0.823286716401,0.821416143171,0.827349022527,0.831236357064,0.839566234277,0.840927305814,0.841187264962,0.842727309712,0.844981113842,0.831834390576,0.817566380089,0.806062310688,0.793501497731,0.783854304347,0.781186678321,0.781090255902,0.759958119953,0.744397745178,0.732826338633,0.723856956543,0.716893265738,0.711739317252,0.708400061606,0.706965852347,0.708210037632,0.718957760792,0.772401168631,0.708733800779,0.688752122943,0.678236932609,0.670846952428,0.664992424542,0.660069975229,0.655789713338,0.65198949121,0.648568445367,0.645458715516,0.642611820113;0.773763137488,0.730987977282,0.723362219199,0.723243994285,0.726253109827,0.7324723998,0.742210621709,0.753242577011,0.763108395038,0.774075689894,0.785779826976,0.793447937866,0.800164339286,0.810200011111,0.821976280338,0.874324161849,0.858045783189,0.851000741141,0.837632180024,0.83006445648,0.82269996549,0.830692565176,0.812895136012,0.790824908884,0.779109919213,0.780415602317,0.797922336636,0.760352306895,0.739552642953,0.726872763803,0.7178337693,0.71125062484,0.706912574138,0.705085321233,0.70593445956,0.708061045259,0.713551165701,0.725717680454,0.701183805181,0.684232330733,0.674094593423,0.666827866693,0.661072020565,0.656253009404,0.652082089674,0.648394453239,0.6450867966,0.642089539537,0.639353080759;0.732150348586,0.719434324181,0.714149198876,0.714759971009,0.718421851395,0.725173509281,0.736947530831,0.754744149729,0.753266537543,0.757218944068,0.76394743473,0.772095158495,0.78258814031,0.804733148593,0.834443113686,0.814735108558,0.824789183787,0.830191791273,0.83132862166,0.816737924735,0.812342648103,0.81041035357,0.820554646407,0.786155994742,0.771224224176,0.766140850941,0.779929762029,0.749840297397,0.730632663797,0.718755093067,0.710319615269,0.704388574129,0.701032273774,0.70142015742,0.709031925999,0.717834475896,0.705461586984,0.696776042622,0.686712119733,0.67654503347,0.668354938458,0.661844014116,0.65648882524,0.651939630781,0.647980362672,0.644473747927,0.64132834362,0.638480273462,0.635882966797;0.70200721112,0.702763679091,0.702789460465,0.704506171102,0.708144466096,0.71430846475,0.726287424816,0.761597706582,0.742326076575,0.747006676301,0.745768753952,0.754778410688,0.765364169737,0.780138276304,0.791756099623,0.790723092508,0.804845593833,0.813482972023,0.86076992148,0.810439670592,0.822229836709,0.800079323317,0.791832773223,0.789176698607,0.760980978955,0.74894206387,0.741060380813,0.729952801472,0.718128299458,0.708568540866,0.70128484085,0.696137837146,0.693504496155,0.695189697103,0.710883254873,0.784925987796,0.6997437993,0.684712631131,0.67581941414,0.668260346233,0.661711874073,0.656123480764,0.651332918115,0.647171953603,0.643507611503,0.64024200421,