GREM1_OAC1=[0.0769087669323,0.074578587059,0.0722794059354,0.0698151196932,0.0669974840705,0.0635980388075,0.0589526163589,0.0427742863351,0.0521230802918,0.0514918363394,0.0497081634897,0.0495788816247,0.0477239914367,0.0449778141332,0.0391316919911,0.0453782377213,0.0455103858031,0.0483542398504,0.0487361438876,0.049173600199,0.0509426053025,0.0525318999556,0.0467828421974,0.0606949439029,0.0679065545298,0.0734346703608,0.0785686781012,0.0835267138012,0.088370175186,0.0931349481292,0.0978410805801,0.102488626859,0.107054635613,0.111491257412,0.11572583586,0.119666064898,0.123213996624,0.126289329469,0.128854373152,0.130926963303,0.132572854357,0.133883103498,0.134950174786,0.135852572367,0.1366494093,0.137381490361,0.138075094819,0.138746082607,0.139403319271;0.0754402333667,0.0731931960504,0.071196990972,0.0689899179662,0.0663244598076,0.0630412340912,0.0588218153805,0.053440465017,0.0510134482841,0.0517517220681,0.0506022498367,0.0479757383409,0.0443505147041,0.0390648605975,0.044548225407,0.0457464255,0.0453646044189,0.0480717421274,0.0479561144673,0.0493144676839,0.052078621793,0.0550122765516,0.0581037468554,0.0631528224244,0.0688434611118,0.074176621688,0.0792815752825,0.0842828156557,0.089248238615,0.094215505877,0.099200612204,0.104197621688,0.109174586422,0.114067053336,0.118771631608,0.123145977808,0.127026200337,0.130269635604,0.132809918667,0.134686968965,0.136026186071,0.136985171139,0.137706766583,0.138297602345,0.138827332782,0.139336862794,0.139847700006,0.140369379768,0.140904536706;0.0725851505426,0.0708228568653,0.0698155304596,0.0681812638273,0.0657835584366,0.0627001048089,0.058881064336,0.0533962212195,0.0476629418556,0.0509568340641,0.0499778860077,0.0459536138408,0.0399806810852,0.0428605325171,0.0455128898618,0.0460459037531,0.0468380086631,0.0472953095058,0.0437323546269,0.0462878848812,0.048951087877,0.0544798233387,0.0580071648976,0.0641606393288,0.0696508178776,0.0749114700835,0.0800364800841,0.0851225970038,0.0902494325647,0.0954648249434,0.100789347565,0.106219540474,0.11172319025,0.11722620777,0.122593036409,0.1276088384,0.131989655455,0.13546031456,0.137890429808,0.139376238699,0.14017695006,0.140576877285,0.140794190877,0.140963172148,0.141153478205,0.14139465356,0.141694327915,0.14204934335,0.142451919185;0.0614199658316,0.0661335437633,0.0680076349128,0.0674349282947,0.0652869045391,0.0622407567721,0.058729842863,0.054253414921,0.045047475968,0.0497424349772,0.049462473554,0.0443344513701,0.03903610607,0.0419870286623,0.0440608116658,0.0414620618987,0.0440177786397,0.0461186414098,0.0376610449802,0.0477056321628,0.0521918648929,0.0544986324097,0.0569537422551,0.0642176268315,0.0701306546012,0.0755820764333,0.0807871871436,0.0859871072962,0.0913162242322,0.096837963039,0.102580529567,0.108552761761,0.114738989584,0.121076963299,0.127416771477,0.133455937898,0.138688734902,0.142521665955,0.14465209766,0.145340087839,0.145177311403,0.144690223439,0.14418815322,0.143806360415,0.143583932921,0.143516561987,0.143583810325,0.143761453337,0.144026499936;0.0662234142982,0.0584807725073,0.0658214799312,0.0671044925642,0.0647917761499,0.0608763420341,0.0576222535554,0.0540485908008,0.042563765073,0.0515016289054,0.0499770932891,0.0440133840171,0.0465252815348,0.0372193379921,0.044329146017,0.0430219066971,0.0471179275917,0.0441225411905,0.0437023018852,0.0505575187071,0.0548702762743,0.0581038391002,0.0590362952723,0.061169395395,0.0705113556392,0.0762383650849,0.0814695020295,0.0867848232515,0.0923699664116,0.0982773883495,0.104535679216,0.111180998785,0.118244965723,0.125724506358,0.133526275053,0.141321518848,0.148240009433,0.152812243611,0.154145411161,0.153085233849,0.151151135486,0.149280753494,0.147798353031,0.146739619584,0.146047466421,0.145648346404,0.145475932097,0.145476173599,0.145606613109;0.0720701407789,0.0663229076234,0.067866146399,0.067928049309,0.0647926282304,0.0546171747725,0.0500895911149,0.0557430904128,0.0551951006835,0.0534901810402,0.0469140232819,0.0506849597029,0.0512503044704,0.0501956012797,0.0501072342074,0.0450795145754,0.050115147646,0.0501081560713,0.0496030945108,0.0497867956612,0.0555343871027,0.0600943153829,0.0624458862773,0.0655828408533,0.0717417377469,0.0768758393272,0.0818869127583,0.0873341201472,0.0932989905707,0.0997163603189,0.106605771278,0.114066658716,0.122230201712,0.13122774185,0.141184939994,0.152123641624,0.163033357848,0.169752876481,0.168577710203,0.163219437666,0.158016153847,0.154124772042,0.151427933623,0.149619336613,0.148444823269,0.147722214649,0.147324208701,0.14716131892,0.147169718992;0.0753099162856,0.0728091425095,0.0714533183967,0.0698560164339,0.0668173401913,0.0617150872479,0.058081969109,0.059288750921,0.058724796404,0.0557089599459,0.0490730052793,0.0506184051488,0.0540051206554,0.0514092859145,0.0551961985105,0.0468933028884,0.0550612499216,0.0535016080344,0.049357426139,0.0407167386927,0.0562437251957,0.0617534506996,0.0653278406574,0.0689771294466,0.0730393775407,0.0769644599537,0.081367205102,0.0872641482209,0.0939822767764,0.101106413371,0.108739832671,0.11714489473,0.126637103709,0.137558448677,0.15040670711,0.166544614738,0.188571172665,0.205807246609,0.192736233282,0.175626325961,0.165036170542,0.158691772159,0.154755049208,0.152253677705,0.150659370139,0.149665223279,0.149081739242,0.148785984401,0.14869502335;0.0758898792754,0.0747377685862,0.0738061502002,0.0721568895064,0.0697494952331,0.0669219945891,0.0646256309367,0.063263417657,0.0618694555491,0.0592187216839,0.0520312699972,0.0560499953468,0.0607225164304,0.0631365236199,0.0643746401267,0.0608381896755,0.0591184604741,0.0582480647661,0.0570316907845,0.0552762928717,0.0587687319843,0.0626666128017,0.0659204422048,0.0699866460721,0.073579594296,0.075320555351,0.0766764796222,0.0860832839115,0.0944567797758,0.102480281442,0.110892899714,0.120306427619,0.131359249632,0.144709197357,0.160956700044,0.182444417802,0.22789693705,0.385840254861,0.22685288064,0.186207377105,0.170361312595,0.162176549057,0.157399155276,0.154446484672,0.152582427665,0.151413662716,0.150709518628,0.150325480975,0.150166493628;0.0639038436228,0.0749033191445,0.0757855746214,0.0744766788949,0.0724011120842,0.0699803964112,0.0675608134834,0.0656103298088,0.0644707024673,0.063543922397,0.0631938431889,0.0654032338955,0.0704997016081,0.0784495194373,0.0814495439847,0.0526568335344,0.0555474168368,0.0573903724243,0.0619737457778,0.0628278347427,0.0628947559144,0.0581334984453,0.0630227168711,0.0699547900401,0.0740757394702,0.0744511173904,0.0697754095534,0.0848504620407,0.0952348423945,0.103987185318,0.113005247349,0.123335686029,0.136145261464,0.152984659823,0.174637960565,0.197376489806,0.227085146701,0.272441768573,0.219659492386,0.187157382073,0.17210352259,0.163945973933,0.159095923954,0.156070284201,0.154146357485,0.15292925755,0.152184918697,0.151766032266,0.15157558466;0.0753624017977,0.0778729768502,0.0781867026469,0.0768504601537,0.0747994586353,0.0722208400491,0.0687675746525,0.0642276189789,0.0653192115931,0.0659010067352,0.0671481722406,0.0702347138723,0.0772858360957,0.0971943096028,0.183592439839,0.0859046480517,0.07116627613,0.0709466915722,0.0726525054757,0.0726122387014,0.0677882402839,0.0647284852623,0.059517401224,0.0701663316115,0.075207090317,0.0777646534305,0.0746132733982,0.0871071279314,0.0970493118414,0.105748133011,0.114946744841,0.125819208702,0.140156519961,0.161915733366,0.200756746303,0.239861096952,0.220390174206,0.210194926988,0.195906272507,0.18097203238,0.170649412904,0.164066522452,0.159852448482,0.15712187152,0.155347673834,0.154209923198,0.153507142214,0.153107728143,0.152922922217;0.0835165701059,0.0821892368014,0.0810085321701,0.0793401838755,0.077183412317,0.0744445663869,0.07033211717,0.0605145429823,0.0650205368622,0.0645698715112,0.0676109334666,0.0705261773954,0.07673643374,0.0902645240168,0.104384549668,0.0864474064888,0.0774377183862,0.0898352165003,0.0998487115418,0.0831785015214,0.0643701719441,0.0668935094597,0.0672807323531,0.0673513042576,0.0765701634428,