HDAC2__poly=[0.872280257199,0.875442210441,0.879776963819,0.885319096455,0.891867188252,0.899218129186,0.906896027842,0.914945770371,0.9276711553,0.934366889105,0.931691435647,0.934987484132,0.946715633078,0.95820378813,0.945652559572,0.949780985903,0.952685771193,0.949297617697,0.949767596595,0.949944642995,0.953169792636,0.953815575529,0.953400211085,0.948789349837,0.946489274468,0.945666654521,0.944623667889,0.935838752003,0.930907698842,0.926867012335,0.922956037146,0.918968772626,0.91519081432,0.911771509408,0.908680846022,0.905861033972,0.903263154007,0.900849544859,0.898591349847,0.896466246149,0.894456807868,0.892549331241,0.890732961202,0.888999023942,0.887340511125,0.885751681643,0.884227756266,0.882764685684,0.881358975903;0.867401633054,0.869874509285,0.874396962977,0.881009472305,0.889039139151,0.898649767423,0.911334004167,0.915106973781,0.925183391103,0.927148350898,0.931745008172,0.935757865123,0.938432263647,0.942036190503,0.942793165426,0.949233807353,0.946689015487,0.950562481483,0.952299637417,0.947843197253,0.950458905946,0.954758061486,0.955505568762,0.95605192052,0.948779198827,0.945086689944,0.941512930549,0.938251496431,0.93370921275,0.92776740365,0.922845717025,0.918661677438,0.91487886125,0.911461373525,0.908365581089,0.905539179872,0.902935797097,0.900517924574,0.898256038697,0.896127121155,0.89411329442,0.892200675345,0.890378439304,0.888638072629,0.886972788609,0.885377080968,0.883846388851,0.882376849427,0.880965117478;0.860309333864,0.860452719651,0.865037957252,0.874146533234,0.884476145971,0.895474431373,0.909689408572,0.912618726541,0.92111574319,0.922479953918,0.925799663179,0.933926746923,0.936917845795,0.935227040944,0.939744780165,0.95061036844,0.94509352311,0.946575349179,0.948998685136,0.947199313423,0.945735650507,0.959694753752,0.948630832596,0.951427480683,0.95672732705,0.942621148783,0.938370280588,0.938406726909,0.93787385538,0.928589882599,0.923153133505,0.918440875484,0.914432142972,0.910955194862,0.907853581485,0.905037790509,0.902449576565,0.900046798729,0.897797825944,0.895678761997,0.89367157718,0.891762662576,0.889941684533,0.888200694515,0.886533457175,0.884934956743,0.883401042411,0.88192817803,0.880513267823;0.850195464761,0.840893549594,0.844646815486,0.863572408932,0.878512201834,0.889730157035,0.899395040517,0.911888666805,0.915032576143,0.915576061279,0.919769552739,0.92609493166,0.929265386222,0.929527607524,0.933703084886,0.938907008435,0.940511945504,0.941232608467,0.942351426302,0.939389865027,0.940032817343,0.942292770076,0.944577088469,0.953854220909,0.94554724991,0.939955112298,0.936991733099,0.937490204614,0.931307882869,0.931829539728,0.92505089473,0.918072820227,0.913752572944,0.910227840942,0.907140285762,0.904358518616,0.901808569727,0.899441251275,0.897221983275,0.89512609272,0.893135920062,0.891238762136,0.889425361684,0.887688815444,0.886023805931,0.884426074623,0.882892068351,0.881418706088,0.88000322748;0.840386430747,0.791144526839,0.775881701188,0.852406120375,0.873655908948,0.88504976925,0.893411736157,0.901614033808,0.906205714778,0.909368799419,0.914741196012,0.918941277347,0.920855014739,0.923407568612,0.926050499876,0.928274904737,0.929567321181,0.930334948321,0.931001438104,0.931434473393,0.932658087999,0.934733042263,0.938012996494,0.941169842108,0.941303122446,0.934186698915,0.922042064927,0.918900013518,0.922153445446,0.924956937292,0.922426197312,0.916974325672,0.912761049537,0.909255208448,0.906219240768,0.903504106634,0.901020100407,0.898710340136,0.896537577244,0.894477242177,0.892513101713,0.890634324732,0.888833499591,0.887105330469,0.885445805271,0.883851678263,0.882320156045,0.880848711648,0.879434977767;0.842141747533,0.817437541063,0.817492914897,0.854919851387,0.873509426672,0.883028294034,0.888145710752,0.893137385508,0.897843883179,0.902752162906,0.911050541844,0.915939700569,0.914512818953,0.920460046686,0.921621965635,0.921387538454,0.921989402083,0.921554095427,0.922240273851,0.923966152511,0.926102820336,0.928660932447,0.93299897368,0.934409351732,0.931828477822,0.92465500477,0.891091493241,0.894299132727,0.913449012247,0.918220126337,0.920978255857,0.916347555034,0.911530988265,0.90802516232,0.905087412271,0.902482233205,0.900097447045,0.897868882405,0.895758507991,0.893744032297,0.891812546227,0.889956511507,0.888171325611,0.886453909058,0.884801917914,0.883213322354,0.881686193191,0.880218603534,0.878808592176;0.850100112266,0.84735347785,0.852092156985,0.864356774796,0.879961229498,0.88908675515,0.883306931666,0.886033640176,0.890251630834,0.895161609911,0.900393202806,0.904211535939,0.906902120217,0.911144077126,0.913205523447,0.916654091779,0.917468103869,0.912110172564,0.9126436712,0.918066732307,0.920546278264,0.923332616041,0.92620717519,0.928082950145,0.930828429163,0.921338179991,0.892118594061,0.897281593148,0.914389477356,0.916095342154,0.920298860599,0.914688237824,0.909824752427,0.906496479332,0.903746142614,0.901310455827,0.899064025828,0.896940122977,0.894904842929,0.892942414488,0.891046263765,0.889214013064,0.887444920107,0.885738662755,0.884094811555,0.882512638277,0.880991081482,0.879528779864,0.878124129686;0.855520758519,0.857736924011,0.864150531215,0.873031074794,0.875985664297,0.877635755105,0.876032633654,0.877516895969,0.881709445959,0.88712832251,0.892081056966,0.895767504258,0.898550784609,0.901118537305,0.903302561713,0.905055594933,0.90425297208,0.898915019516,0.891633418287,0.909464891691,0.917282068665,0.919556358143,0.926250078483,0.924064572759,0.926646529467,0.932144043345,0.920036642528,0.913615072403,0.916524638171,0.915813306526,0.914566881049,0.911152884347,0.90758013261,0.904659184512,0.902215460151,0.900025808101,0.897960034913,0.895959261603,0.894004074182,0.892092485029,0.890228345162,0.888416411622,0.886660618128,0.884963645486,0.883326965674,0.881751035331,0.880235514571,0.878779465537,0.877381517186;0.858241446793,0.861695867229,0.869207158255,0.891851080571,0.872159629606,0.868845690979,0.865256742741,0.864103950386,0.870241749769,0.878995431022,0.885329451879,0.888565014076,0.89022738725,0.891812309859,0.893886018909,0.895571554711,0.894739265178,0.886145300541,0.80388206876,0.879566670697,0.911249038739,0.914503718511,0.919119258384,0.919486634824,0.922009285659,0.927710011678,0.920943093035,0.91593893433,0.915795579468,0.922289258314,0.91604640401,0.90871163158,0.904986577461,0.902527827273,0.900549684575,0.898702140269,0.896852749092,0.894977236246,0.893091360456,0.891217411512,0.889373653862,0.887573029437,0.885824104777,0.884132179898,0.882500184329,0.880929354524,0.879419734854,0.877970542768,0.876580432219;0.859720887473,0.863014225698,0.866662520455,0.869897841997,0.868308552599,0.861999143958,0.849055228716,0.828463913582,0.851025208649,0.872405595151,0.883267634705,0.883224723351,0.881262086737,0.880448341596,0.883374992373,0.887280716904,0.888833019879,0.885836381312,0.878573159935,0.890120159127,0.904810970953,0.909963926953,0.913060107555,0.915235968318,0.917429303617,0.920440012251,0.918536786129,0.915586144254,0.915536233495,0.923627888494,0.913605589214,0.904456227284,0.901487294101,0.90008507503,0.898884962344,0.897486861949,0.895850815192,0.894062025223,0.892206697259,0.890340307501,0.888495377948,0.886691189052,0.884939221705,0.883246051919,0.881615057805,0.880047510978,0.878543296989,0.877101395325,0.875720200933;0.862480695398,0.866561420643,0.865633073438,0.869890377617,0.876082299316,0.858900948903,0.837866209241,0.691037707666,0.835079259682,0.868968966369,0.890188504672,0.885170433576,0.86941199865,0.857951549531,0.868046995249,0.879258752676,0.884876613592,0.887421305023,0.89005714501,0.897542281563,0.926575476635,0.907889498806,0.909924614425,0.912195070407,0.914303325166,0.916198032087,0.916512748368,0.915424824121,0.913627893992,0.90981829319,0.89914806949,0.895444358973,0.896596901417,0.897584530687,0.897604692327,0.896675768546,0.895114379959,0.893289159513,0.89138575398,0.88947833448,0.887601465313,0.885774041583,0.884006629569,0.882304684749,0.880670453416,