HESX1_OAC1=[0.113009384146,0.116818454139,0.12193437369,0.128650841037,0.137748865334,0.151460171211,0.178872338906,0.373402190241,0.195029155709,0.150999935867,0.13045074613,0.121554603533,0.112395413378,0.103467558351,0.0885658481347,0.101354784307,0.101031511183,0.108543964845,0.1122050401,0.11026477405,0.103141687176,0.0958025260399,0.0783147675695,0.094678627022,0.0997274555153,0.102247856081,0.104223874267,0.105932887047,0.107447217199,0.108831149621,0.110146190199,0.11143549731,0.112712944138,0.113957812234,0.1151146481,0.116099745933,0.11681701845,0.1171833045,0.117155393614,0.116744807093,0.116011489181,0.115041719061,0.113924134165,0.112734023343,0.111527568184,0.110342715896,0.109202864595,0.108120944219,0.107102852128;0.108098180693,0.111507993583,0.116422825605,0.122652429694,0.130588578061,0.141530177436,0.158249385755,0.176505135165,0.159839712505,0.143165859844,0.12706126757,0.112915669883,0.100607957413,0.0866232652286,0.0966391984899,0.0969583545202,0.0943382501237,0.0987219311645,0.097108121102,0.0966016739018,0.0963054509942,0.095084720452,0.0940819368713,0.0963767430955,0.099603181384,0.102207677011,0.104362347659,0.106209761628,0.107844043396,0.109359788123,0.110846689536,0.112368654789,0.113947801375,0.115555468707,0.117108208467,0.118471412856,0.119480060589,0.119984541835,0.119908869938,0.119283604808,0.118226842018,0.116891157425,0.115415896851,0.113904858135,0.11242497386,0.111014302981,0.109691338945,0.108462471076,0.107327113057;0.10088628311,0.104256037005,0.109743617977,0.115667340385,0.122162349256,0.129870499269,0.138936774066,0.14498207157,0.144940534987,0.143122003044,0.122176827792,0.104642246764,0.0890632730642,0.0949020448597,0.097967949787,0.0948367982819,0.0930963256855,0.0916796882025,0.0827342135678,0.0846919460218,0.0856163895442,0.0904478732643,0.0913291269333,0.0960605715008,0.0995246401354,0.102439758928,0.104867099521,0.10687504961,0.10859272505,0.110186866195,0.111814084032,0.113581948012,0.115531471957,0.11762923456,0.119757387909,0.121703489309,0.123175471086,0.123883278555,0.123679594461,0.122646788719,0.121035692571,0.119126554768,0.117135342743,0.115194315792,0.113370661363,0.111690958767,0.110159518437,0.108769664795,0.107510020779;0.0824269595917,0.093553348711,0.10208522508,0.108309700122,0.113398804334,0.118597958889,0.125669960842,0.139629000218,0.246603977951,0.15905974028,0.116555245151,0.0972486228066,0.0878570752542,0.102456167038,0.101030039942,0.0848552062161,0.0850189794047,0.0866785812698,0.0691434213195,0.0847078507393,0.088726596838,0.0882771993941,0.0879367592855,0.0948536989014,0.0994998485601,0.103203994151,0.106035886188,0.108154833222,0.109816904362,0.111353170133,0.113045385822,0.115066572124,0.117484070702,0.120268014785,0.123273684718,0.126188774235,0.128486895205,0.129545276353,0.129031097029,0.127184725909,0.124591473882,0.121778078139,0.119054540855,0.116555089883,0.114316225874,0.112330111711,0.110572326449,0.109014501675,0.107629504143;0.0854942707481,0.0791629552677,0.0939009655329,0.101507591276,0.104716573958,0.106228161051,0.110534367995,0.118619507004,0.111681484654,0.125456946262,0.105876729219,0.0901284016673,0.104906301502,0.167304147748,0.118652871688,0.0864822527447,0.0889180826876,0.0828833930872,0.0812959440063,0.090377616835,0.0929687590395,0.0932203577915,0.0901691483604,0.089728718839,0.100148292433,0.105123787636,0.10845946935,0.110462484513,0.111693828137,0.112874356299,0.114488265588,0.116765172317,0.119786886992,0.123544032084,0.127919358001,0.132554511657,0.136540525075,0.138351514244,0.137036078133,0.133416310693,0.129020367707,0.124797947082,0.121077637344,0.117893663664,0.115184820871,0.112872512084,0.110885183511,0.109163679361,0.107660660478;0.0892572237724,0.0856557057245,0.091730472634,0.0964781082165,0.0971458849277,0.0869219982963,0.0851750190986,0.101701811603,0.105952323329,0.10174845249,0.0859420184339,0.0922312907582,0.0996170970967,0.114083989557,0.104278862746,0.0826913771283,0.0918927280605,0.100406061492,0.102800441118,0.0940699142594,0.0963441255478,0.0968103160968,0.0949189341649,0.0960564123037,0.103193885607,0.109413882249,0.113504735262,0.114614070671,0.114418479996,0.114662955062,0.115990669342,0.118543016247,0.122357153751,0.12746896839,0.133932430932,0.141718873572,0.149766340388,0.153798433843,0.149961069202,0.14197004463,0.134238802727,0.127953964563,0.122998378749,0.119058041774,0.115870157701,0.113244561034,0.111046813741,0.10918104193,0.107577643238;0.0893084695162,0.0895553209977,0.091365082132,0.0930632744028,0.0929275807867,0.0897243896204,0.0882261281796,0.0935584555412,0.0947350482968,0.0897311852972,0.0778280220484,0.0794799651422,0.0854680083879,0.0824635757633,0.0873937468964,0.0742767881458,0.0950975047458,0.130266946509,0.161797316126,0.0849262818255,0.103913347781,0.100968972532,0.0986824529008,0.100851321174,0.107920636757,0.118736596056,0.1256249793,0.122236863643,0.117900108109,0.116346667149,0.117239457988,0.120168419076,0.125037766741,0.131958264587,0.141300274836,0.154372394742,0.173791115586,0.188658536846,0.172741815362,0.152738864606,0.139490214719,0.130695812314,0.124479818155,0.119845234649,0.116247240886,0.113366895926,0.111005277018,0.109031657082,0.107356397614;0.086083496875,0.087485941851,0.0892624827015,0.0902366706825,0.090203777076,0.0893993601942,0.0888726142198,0.0889181108521,0.0878262249891,0.0836731653834,0.0722526611376,0.0758105516724,0.0793816497889,0.0795293208843,0.080255268218,0.0798256516819,0.0873468564633,0.107899893959,0.123793864157,0.140824286961,0.131366065445,0.10295528152,0.097217688571,0.10073223544,0.111786450598,0.140734880714,0.172659632698,0.133989498814,0.12057120608,0.117056223802,0.117758996994,0.121322659557,0.127616886794,0.136953277843,0.149766389281,0.168351614962,0.21180143003,0.370970090415,0.205692501404,0.161515948596,0.142861989256,0.132184292325,0.12512140434,0.120046211208,0.116198486823,0.113169305979,0.110716634202,0.108686990074,0.106977841875;0.0693100298439,0.0834511244062,0.0867647474138,0.0876050442125,0.0874097907603,0.0865119824414,0.0851541495657,0.0837285843454,0.0824815898381,0.0804899035943,0.0780680355009,0.0771953999183,0.076843215378,0.075276335939,0.0731389334483,0.0541965255852,0.0659924116144,0.0769715120718,0.0948704535027,0.129542726463,0.122642526095,0.0879625509958,0.0874051399644,0.0959951048241,0.109018055232,0.143846482068,0.197348335643,0.13170160504,0.118776009864,0.115784211952,0.117090560843,0.121628779182,0.129771632738,0.142735888305,0.16116054299,0.181171389577,0.208721260162,0.252735343839,0.196090905727,0.160224028107,0.142383060292,0.131750743254,0.124639799386,0.119521743704,0.115648266666,0.112607733199,0.110153897182,0.108129891219,0.106430782678;0.0781664825721,0.0826323132338,0.0848627833968,0.0852550529748,0.0846762733809,0.0831956961352,0.080258587567,0.0754612952914,0.0765831636669,0.0762057456966,0.0753264173549,0.0743586431108,0.0727981325033,0.0672734163725,0.0589541389755,0.0688222185907,0.0688213404898,0.0714251898927,0.0765688008257,0.0890376341913,0.0896443884764,0.083611886415,0.0750418017347,0.0888005330944,0.0993903214641,0.111974461411,0.110454358017,0.114418857505,0.112697336801,0.112533444769,0.115070855534,0.120660952319,0.130655103638,0.148845997311,0.185011525888,0.222023025582,0.199372861192,0.186328383687,0.169150253111,0.15136465784,0.138422328379,0.129447373756,0.123031846947,0.118261170692,0.114587513297,0.111675810687,0.109312927009,0.107357819874,0.105713773517;0.0828813509837,0.0831517571301,0.0835101167508,0.0832512544884,0.0822851443978,0.0804101675262,0.0766556902695,0.0661781769551,0.0708055154872,0.0692971543505,0.0704476183679,0.0696205727543,0.0684799603285,0.0659027107344,0.0642221144712,0.0668343162819,0.0651055302629,0.065397869727,0.051233169714,0.0721148576994,0.0678229282379,0.0747625768437,0.0765031511682,0.0775649779808,0.0899993472706,0.0978484896656,0.102477395556,0.104801258363,0.106266603244,0.10825996745,0.111871687827,0.118050338361,0.128636432294,0.14901742362,