HESX1__poly=[0.12195079393,0.124330276053,0.127292848726,0.130977292938,0.135540069723,0.141377552229,0.150221970591,0.165276796179,0.183341707199,0.175922991132,0.169320262024,0.173276889087,0.188356965155,0.248339176941,0.197497007475,0.203309494961,0.207029471579,0.153974434462,0.128146402735,0.115089317189,0.102681692063,0.100308413922,0.101478252149,0.11033630366,0.113838305129,0.122527541611,0.197836153995,0.135233319615,0.116082901642,0.108946045204,0.105444045373,0.103681358789,0.102519264766,0.101484985917,0.100490787783,0.0995346990919,0.0986250938096,0.0977676610386,0.0969644273221,0.0962147537622,0.0955163687149,0.0948661269571,0.0942605123918,0.0936959512605,0.0931689956434,0.0926764216268,0.0922152731669,0.0917828727108,0.0913768125403;0.119881500078,0.121867349529,0.124506854885,0.127891957386,0.131888742049,0.135709577442,0.137404123658,0.160478957131,0.191814842877,0.184635283361,0.164170692035,0.169123684558,0.182208443674,0.178268724438,0.164435127672,0.141197438396,0.14291204903,0.12120234716,0.106307949757,0.108859301291,0.100258662457,0.0919949503656,0.0934019370405,0.0920653420434,0.102508188291,0.111954178331,0.136024400691,0.116342804994,0.104604063782,0.102619307793,0.101624215038,0.100760967862,0.100021096777,0.0992748199078,0.0985026085372,0.0977248589042,0.0969629851625,0.0962311803413,0.0955370264077,0.0948835379506,0.094270904277,0.0936977029638,0.093161682682,0.0926602451925,0.0921907291011,0.0917505671711,0.0913373652248,0.0909489339686,0.0905832937618;0.117322645425,0.118596682854,0.120792683379,0.12400558753,0.12769768275,0.130813017174,0.13036010911,0.153145828594,0.20608957446,0.185936882148,0.167417775665,0.19463581715,0.192996159065,0.1597416608,0.140833702858,0.111317313729,0.118978744753,0.109933420624,0.0994899483822,0.0990979566748,0.100688029376,0.0776108226751,0.118624493843,0.121635622948,0.081816541362,0.0997847051066,0.102899324574,0.095698557102,0.0888103415819,0.0952140523769,0.0966006403807,0.097287971104,0.0973239072111,0.0969738764609,0.096449387353,0.095854398718,0.0952410492359,0.0946363450119,0.0940539758072,0.0935002562941,0.0929773865529,0.0924853185178,0.0920228402477,0.0915882026567,0.0911794735819,0.0907947292205,0.0904321498144,0.0900900603513,0.0897669409203;0.114228408811,0.113736392386,0.11525310806,0.119210319424,0.123097144627,0.126983552884,0.131524167118,0.132376710079,0.146511493927,0.155264063277,0.155444421127,0.16352741834,0.160012465179,0.144684609362,0.129896596904,0.115837956147,0.109119247231,0.103985352386,0.0986513409437,0.101494401155,0.100464372102,0.100938330236,0.113743495062,0.09950116897,0.0915952968809,0.0899417545295,0.0879217425177,0.0834095455315,0.0887954850402,0.0850893352504,0.0897511445517,0.0938930563081,0.0946972325259,0.0946840108302,0.0943749000122,0.093945853913,0.0934732370292,0.0929932797718,0.0925235074731,0.0920720732043,0.0916422704019,0.0912348727489,0.0908493946986,0.0904847759254,0.0901397463184,0.0898130122134,0.0895033437653,0.0892096091749,0.0889307816939;0.111122162515,0.104756853041,0.103038068329,0.113807246387,0.117765609659,0.121368146216,0.125220195249,0.127826120555,0.133254687156,0.137883591411,0.137471809844,0.137998137384,0.137387887572,0.130632781686,0.123057076981,0.116367304968,0.111159492329,0.106865551594,0.103371053455,0.101514717474,0.100180351602,0.0994324890929,0.0976915937922,0.0912928025087,0.0833538973619,0.0835694529144,0.089057143339,0.0921377044923,0.0923076106262,0.0889012373006,0.0890411633371,0.091506738256,0.0923270867237,0.092469105737,0.0923054066788,0.0920120010939,0.0916677068168,0.0913087110518,0.0909519658384,0.0906052151292,0.0902716527515,0.0899522438447,0.089646915457,0.089355161039,0.0890763351351,0.0888097864308,0.0885549092619,0.0883111562692,0.0880780343403;0.10955053143,0.105727107241,0.105172785799,0.109441477693,0.111164145211,0.113923680682,0.118537206023,0.122224117254,0.125174212788,0.126445757345,0.121533504122,0.119250766145,0.123600470313,0.115023650861,0.112026512928,0.110205323848,0.106580240768,0.104150473206,0.101003855843,0.0983223258518,0.0967263101853,0.095066669742,0.0900775923515,0.0863977776472,0.0841476036653,0.0810193374619,0.0799907190698,0.0952358097656,0.100937918304,0.0955267662382,0.087969264625,0.088807710315,0.0900891704097,0.0903087298687,0.0902320555277,0.0900489592564,0.0898242433627,0.0895850642713,0.089343555051,0.0891049633091,0.0888713427064,0.0886433657456,0.0884211886216,0.0882048289941,0.0879943068228,0.0877896792138,0.0875910336433,0.0873984691339,0.0872120777801;0.108867893383,0.106845188141,0.105584325124,0.105172680888,0.101205180492,0.100179145703,0.111850419856,0.11554833035,0.117598989734,0.11831790159,0.117462814494,0.116670988451,0.115531519667,0.110889857294,0.107724938868,0.101756002883,0.0978150800375,0.0997959575863,0.0955820297494,0.0902786554451,0.0909451962073,0.090635257412,0.0883704979548,0.0850451234822,0.0781211964921,0.0800014624641,0.0853608781236,0.114610643017,0.135799056184,0.101153797331,0.0863476193346,0.0869520771855,0.0879873263834,0.0881350587549,0.0881151909782,0.0880376580632,0.0879351505251,0.087821124512,0.0877008858421,0.0875761029369,0.0874472038172,0.0873144654518,0.0871783647838,0.0870396051649,0.0868990384845,0.0867575748919,0.0866161103455,0.0864754775979,0.0863364177494;0.1080939672,0.10535105678,0.101839521514,0.0984634890065,0.100088199232,0.102296507607,0.106866316086,0.109374695805,0.110739252982,0.111270061421,0.111146836139,0.110667326719,0.109619161931,0.107651187722,0.105156282095,0.101865039508,0.0989881351675,0.0960582506869,0.089788873601,0.0794172629996,0.0825635101729,0.0857579666183,0.0807353300629,0.0831327917042,0.0786119066198,0.0702532705197,0.0831259756057,0.113152917908,0.12934132045,0.097539901997,0.0879428095925,0.0858613292455,0.0857273481099,0.0858209613601,0.0858992401692,0.0859520417443,0.0859889518789,0.0860139854093,0.0860262496376,0.0860238166619,0.0860057577391,0.0859724422091,0.0859251761313,0.0858657771586,0.0857962559865,0.0857186117057,0.0856347128386,0.0855462365962,0.085454645645;0.107325569407,0.103529590655,0.098056657713,0.0819657899087,0.0979967392135,0.10073997781,0.102358691482,0.103305871714,0.104051076195,0.104211865672,0.104005638307,0.104037587033,0.103811503234,0.102985506662,0.101575131421,0.0996218481372,0.0971330239741,0.0933133008958,0.080732922625,0.0805551511197,0.0799296119974,0.0843403464984,0.0827163200504,0.0831105967194,0.0800355397573,0.0735730820708,0.0814791730404,0.0909654136531,0.0920348006664,0.0789745053523,0.079294962635,0.0820913591369,0.0828688705118,0.0832696629134,0.0835433719109,0.0837682201286,0.0839736630853,0.0841611806769,0.0843233355314,0.0844549311675,0.0845549822267,0.0846253273421,0.0846691727293,0.0846901940114,0.0846920537831,0.0846781586824,0.0846515507102,0.0846148744512,0.0845703862467;0.106281475384,0.101645050924,0.0980643121253,0.0953224681686,0.0956429402563,0.0971806591911,0.0972068804986,0.0952033956759,0.0968950372369,0.096381020657,0.0942880632163,0.0964410279852,0.0976383556067,0.09791055806,0.0975647043009,0.0966277473153,0.0949211695185,0.0921696370564,0.0881625539743,0.0849132811517,0.0836574773528,0.084939082024,0.0848176198966,0.0836122659878,0.0812582532783,0.0777181633155,0.0791424932865,0.0814718089862,0.0793629409104,0.0680111815011,0.0728591923775,0.0781506117667,0.0797559372337,0.0805319431123,0.0810308665702,0.0814589761403,0.0818750248595,0.0822624165651,0.0825994574427,0.0828794756059,0.0831051888471,0.0832827163244,0.0834188991348,0.0835203047857,0.083592863435,0.0836417525745,0.0836713962521,0.0836855201981,0.083687231024;0.103139247223,0.0969865426681,0.0960583442862,0.0918930813195,0.0858700581939,0.0933133796267,0.092883808413,0.0765910863614,0.0910942081177,0.0900676639024,0.080687457416,0.0846188621757,0.0908724798986,0.0918943040849,0.0931271409244,0.0935808438961,0.0928623590147,0.0913213971843,0.0891533555977,0.0857896973182,0.064963087877,0.0853007568374,0.0855584953265,0.0839294288771,0.0813254346722,