JARID2__poly=[0.896792707719,0.900620770548,0.904636375472,0.908939416658,0.913704977637,0.919110346069,0.924961844461,0.931349043391,0.941725854978,0.947418263164,0.945837824942,0.949289692528,0.959433843472,0.969208808682,0.961316631735,0.964652208944,0.965745960864,0.96161984871,0.960398744904,0.959226631258,0.960852426233,0.960596902106,0.959622138305,0.955142485221,0.952809066575,0.95189292905,0.950816643166,0.94277837037,0.938002752469,0.933850905247,0.929671811827,0.925316204675,0.921079450006,0.917128879097,0.913458625808,0.910029854265,0.906807373943,0.903763726201,0.900877870965,0.89813353333,0.895517916694,0.893020767306,0.890633697397,0.888349693101,0.88616275609,0.884067643233,0.882059678527,0.880134618126,0.878288554164;0.896381646561,0.900345250088,0.904411016297,0.90872725713,0.91367250784,0.920092061647,0.929420470717,0.932060152152,0.940039046038,0.941748208387,0.945752601966,0.949446130714,0.952205317948,0.955698868542,0.956821057603,0.961738194511,0.959277220185,0.96134550766,0.96171787755,0.957080254332,0.958302938314,0.961182841824,0.961255557328,0.961377550096,0.95483851306,0.95163268145,0.948569404741,0.945616742827,0.941253136335,0.935361724113,0.930168275414,0.925519802193,0.921175280064,0.917136626583,0.91338340297,0.909879351652,0.906589945587,0.903486940144,0.900548196732,0.897756490709,0.895098321603,0.892562942377,0.890141617235,0.887827071258,0.885613090337,0.883494234948,0.881465638099,0.879522864294,0.877661811984;0.896008852573,0.900251751361,0.904289541708,0.908290629801,0.912931851066,0.919185885797,0.929021250475,0.93066651709,0.937122275172,0.938160383566,0.940944889983,0.947671011301,0.950376109021,0.949401018298,0.953141232586,0.96154735335,0.956893594975,0.957439264146,0.958600815972,0.956230933272,0.954034891253,0.965160992543,0.954879898347,0.95698301075,0.961761028143,0.949844350643,0.946739311348,0.946905688361,0.946000734224,0.937038408308,0.931181981351,0.925878395615,0.921186393252,0.916980995402,0.913129892507,0.909556143583,0.906210845666,0.903059943676,0.900078667333,0.897248548249,0.894555510909,0.891988557956,0.889538846328,0.887199039641,0.884962859316,0.882824777695,0.880779810933,0.878823380799,0.876951223243;0.895812772998,0.901145738203,0.905159834486,0.907875113504,0.911569381536,0.916309659072,0.921860997059,0.930676953513,0.932679772754,0.932889584238,0.936183033295,0.941295773205,0.943963651404,0.944330283524,0.947710462032,0.951753757588,0.952773281411,0.952878953835,0.953074943487,0.949661964729,0.948984785235,0.949649167593,0.950570063717,0.958402810837,0.951417329699,0.948141711362,0.947460838205,0.948314304566,0.94213656548,0.941078366512,0.933711668957,0.926149051899,0.921004329646,0.916629058651,0.912688502523,0.909057742842,0.905669749932,0.90248285459,0.899469172563,0.896609119482,0.8938883747,0.891296034408,0.88882343424,0.886463388224,0.884209698502,0.882056842541,0.879999775844,0.878033808817,0.876154530589;0.895442158391,0.905562203679,0.91150587885,0.907510180225,0.910147657281,0.913827410871,0.918003326471,0.923248330045,0.926224516825,0.928348131778,0.932400393229,0.935660977194,0.937197721781,0.939284535951,0.941438448681,0.943213945545,0.944151349826,0.944466981664,0.944323296666,0.943458898641,0.942732601263,0.942420400132,0.943214804761,0.944715250377,0.945801084118,0.944143637586,0.940780295273,0.938987393692,0.937541682636,0.936622003859,0.93224323174,0.92574601966,0.920530904574,0.916049672433,0.912049980609,0.908383829877,0.904969367519,0.901758762858,0.898722096885,0.8958395402,0.893097208287,0.890484787231,0.887994125188,0.885618393531,0.883351592111,0.881188261626,0.879123319112,0.87715196559,0.875269635227;0.893520938373,0.900892624782,0.905394739192,0.906070139963,0.909514966894,0.912562814341,0.914603073418,0.91745806201,0.920447761344,0.923768335186,0.929923862036,0.933574587548,0.932369974125,0.937098966592,0.938125289895,0.938145706626,0.938912128065,0.938780667876,0.938931285309,0.938746627361,0.937793891387,0.936460208978,0.936010349422,0.931973189944,0.928708476405,0.935660602902,0.942229352619,0.936856278106,0.93399878306,0.932111543813,0.931608270253,0.925674122805,0.919820713518,0.915236336689,0.911216308241,0.907541847544,0.904118166301,0.900894988086,0.897842815032,0.894943167409,0.892183618859,0.88955505797,0.887050176213,0.884662654306,0.882386737774,0.880217023432,0.878148357385,0.876175790338,0.874294561048;0.890693642153,0.895716469687,0.900309708811,0.904437572248,0.911943558461,0.916881172977,0.911738421147,0.913305329431,0.915884078478,0.918903460051,0.922327196131,0.924928871228,0.926893469192,0.930249434737,0.932060322116,0.935238313771,0.93685464763,0.934367308493,0.935705781497,0.937612354533,0.934949268699,0.931748556656,0.926728287722,0.910000554142,0.866852224541,0.922858813021,0.934917964671,0.934987986131,0.933970158244,0.930289208194,0.931269383357,0.924601715041,0.918702595586,0.914187210513,0.910206950318,0.906551764621,0.903132935522,0.899904234611,0.896840012618,0.893925261206,0.891150225791,0.888507578211,0.885991053327,0.88359484396,0.881313357351,0.879141134861,0.877072841179,0.875103279594,0.873227413603;0.888034347065,0.892886325383,0.898942543492,0.905158976238,0.906859516702,0.90835296674,0.908013202157,0.909560639794,0.911876315626,0.914473293686,0.917056157916,0.919302397692,0.921317964467,0.923372315548,0.925274633774,0.927331410353,0.928773580868,0.929989301125,0.933428919343,0.939776342389,0.935392741274,0.92953024789,0.927512994729,0.909342572576,0.892380075327,0.929528330683,0.932805509509,0.931387501779,0.931812364139,0.929126492347,0.926454492814,0.922006022919,0.91726937687,0.912973033316,0.909070322751,0.905449906095,0.902040746283,0.898805271891,0.895725510093,0.892792417804,0.89000001848,0.887343001084,0.884815981817,0.882413377005,0.880129460186,0.877958459217,0.875894648004,0.873932419788,0.872066340249;0.885545550874,0.890321187079,0.897631169359,0.916233131703,0.902456029668,0.902677436342,0.904212750682,0.906392448436,0.908602899435,0.9110386237,0.913394485243,0.915103729405,0.916552968299,0.918018420025,0.919523411526,0.921094078373,0.922784550168,0.925276610705,0.934622958834,0.93370504672,0.932649278648,0.926355307239,0.923764149539,0.917803937467,0.918206979533,0.929272891396,0.928850235437,0.927774453826,0.928656027178,0.934183598178,0.928411184405,0.920982498753,0.915965682358,0.911719403079,0.90787911587,0.904291053003,0.900880887204,0.897622981276,0.894513181657,0.89155125782,0.888735231923,0.886061057581,0.883523352491,0.881116007052,0.878832579266,0.876666548559,0.874611480084,0.872661128507,0.870809499891;0.883435143299,0.887663544789,0.892130106088,0.896531175712,0.898153906757,0.898867787218,0.90135216085,0.905852654873,0.906577711374,0.909253793414,0.913092123028,0.91270323097,0.912895227061,0.913593537105,0.914521394357,0.915679252218,0.917256262184,0.919521610992,0.922672452107,0.924914324762,0.925029182003,0.922288127485,0.920159510094,0.918940228054,0.920196655859,0.924830716989,0.925893303544,0.925871147235,0.927940382648,0.936340419142,0.928646139878,0.919869678294,0.914692212377,0.910492195332,0.906726288468,0.903159362724,0.899709465837,0.896387089705,0.89321610298,0.890205990849,0.887355663145,0.884659468724,0.882110037426,0.879699405665,0.877419519421,0.875262499539,0.873220787531,0.871287219002,0.869455052275;0.883224449297,0.887757209083,0.888358420456,0.893880103112,0.902122642544,0.895453680338,0.897954311778,0.917573770515,0.903970830905,0.906920798281,0.918137952327,0.915556715607,0.910603919921,0.910671332197,0.910339454422,0.910577906191,0.911774916001,0.913617099522,0.915931721786,0.919226152333,0.938742200794,0.918997722914,0.917602100296,0.917710093012,0.919155128044,0.921810755053,0.92396999168,0.925539666826,0.927363064337,0.928673084687,0.923780448113,0.91821356165,0.913393912552,0.909387782693,0.905799509158,0.90221729161,0.898606735783,0.89512519936,0.891840189999,0.88875466227,0.885856604025,0.883132791193,0.880570741602,0.878158807479,0.875886174899,