JMJD3_OAC1=[0.224624591282,0.224342557802,0.224515760633,0.224540410468,0.223730364383,0.221154748126,0.214211023272,0.163204828358,0.210386078231,0.222198377636,0.23229716944,0.254452765857,0.276253046167,0.298105394727,0.238739991968,0.250195863244,0.235958799665,0.243143661975,0.241311960566,0.236170029386,0.236954021167,0.252403612491,0.398209311607,0.291652823743,0.270045081765,0.265245635431,0.262972581911,0.26162019144,0.261034385437,0.261111127337,0.261713884634,0.26270719374,0.263966419689,0.265373730851,0.266812041457,0.26816341238,0.269316066676,0.270180494436,0.270708155084,0.270901011182,0.270804403938,0.27048752187,0.270022791601,0.269472423644,0.268883365891,0.268287838921,0.267706252918,0.26715048808,0.266626667763;0.220000554441,0.220080658793,0.221383425735,0.222521192227,0.222536444503,0.220540531054,0.214967009832,0.20463580577,0.205989488607,0.222874924012,0.236283994276,0.24736918805,0.261088688207,0.365319539278,0.263735079309,0.24553183028,0.233800610636,0.249388658383,0.268151580472,0.259733179451,0.24509557861,0.249276207678,0.263585184305,0.263968910011,0.259035415611,0.257265915189,0.256924969322,0.257187165452,0.257882864661,0.25897476708,0.260416900175,0.262142559285,0.264069704967,0.266100108625,0.268113863629,0.26996717658,0.271504342046,0.272591435732,0.273161221236,0.27323794107,0.272919921164,0.272334746913,0.271599386329,0.270801574581,0.269998650578,0.269224108774,0.26849524545,0.267819287106,0.267197601459;0.211016144713,0.212539063366,0.217067044787,0.220503012521,0.222117015032,0.221467407909,0.217362273915,0.205733767413,0.192528790953,0.218906000104,0.235149353562,0.250961513234,0.237870659245,0.250156559365,0.255595272423,0.246840422211,0.241466578724,0.25152789492,0.302604370532,0.269299292296,0.229388193923,0.233812420876,0.235244756032,0.244630672436,0.247918855187,0.249759592945,0.251362648824,0.253011132779,0.254836196669,0.256898972113,0.259207838233,0.261737861779,0.264439473227,0.26723276321,0.269991655152,0.272527565877,0.274595942538,0.275959874867,0.276503606303,0.276302121925,0.275569054526,0.274541313588,0.273401837673,0.272263837087,0.271186377269,0.270194670469,0.269295255282,0.268485330405,0.26775795807;0.177664087773,0.197691671443,0.211075899468,0.218602191271,0.222556802116,0.224140358346,0.222103610958,0.212270480991,0.182167676502,0.211701804946,0.230196278545,0.260920245625,0.259535308299,0.241698580068,0.261002564138,0.251000909679,0.225545091352,0.240881013682,0.285257869845,0.259452118208,0.236558534064,0.224026331454,0.218373440518,0.231717486276,0.238676060047,0.24312719819,0.24628957931,0.249093001379,0.251934745614,0.254946063396,0.258157653797,0.261571328151,0.265172634172,0.268913515774,0.272675405502,0.276212279832,0.279105795034,0.280859932078,0.281218384984,0.280396005216,0.278888588222,0.277140105888,0.275413459493,0.273825248055,0.272410631315,0.271167572118,0.270079825662,0.269127425521,0.268291011575;0.190164101729,0.173663522931,0.203328191679,0.217547316103,0.223597666436,0.228445471182,0.234632485475,0.220584699122,0.172742244771,0.215455515007,0.221966326461,0.212641473933,0.242532590327,0.276307707494,0.266439376302,0.248427968328,0.225471714099,0.210263288915,0.229208434903,0.247482111159,0.238694579552,0.22972380119,0.217051135851,0.211843132589,0.231340275608,0.237615232527,0.241650826716,0.245325359926,0.249130486423,0.253126961423,0.257308258364,0.261700720656,0.266349716302,0.27128036397,0.276442474384,0.281585066627,0.28599709027,0.288454694837,0.288206595727,0.285959164214,0.282991591431,0.280098988124,0.277561074271,0.275413366783,0.273611715515,0.27209680115,0.270814374029,0.269719757053,0.268777452371;0.204905132895,0.1949667075,0.207630239527,0.218672797353,0.224446145056,0.217273527167,0.317276618567,0.248457658396,0.223612421841,0.220482208991,0.203141981874,0.224431541478,0.230862260912,0.24073093193,0.232290129262,0.196709519916,0.210153327281,0.211296576554,0.221925199389,0.254579716771,0.240540370233,0.229126280421,0.221018244152,0.21928264067,0.228098066226,0.233031444669,0.236928700517,0.241328468295,0.246275180209,0.251426879202,0.256689465008,0.262164404041,0.268020669226,0.274430189496,0.281551891072,0.289448076216,0.297305426938,0.301646783769,0.299347781331,0.293517695006,0.287816352826,0.283232867331,0.279679879228,0.276907021331,0.274705175459,0.272924062671,0.271458381633,0.270233782155,0.269196858886;0.211417664284,0.211050013905,0.215157940047,0.220701816893,0.225830184443,0.233875844938,0.265948964021,0.245914838332,0.229915311405,0.227430790195,0.241750021077,0.226093211082,0.213611160467,0.195846588278,0.205126013977,0.171410497746,0.201168047593,0.199926574026,0.198207698032,0.210264998984,0.230703789299,0.224276748966,0.22251879536,0.223425513131,0.225943967733,0.227693656717,0.230282715591,0.236219259665,0.243197034094,0.24988333369,0.256351609769,0.26298433165,0.270194751096,0.278382580429,0.288049723393,0.300405521131,0.317691944936,0.330970765349,0.318707516025,0.302986668756,0.292745388673,0.286093956997,0.281496793801,0.278142374148,0.275590494658,0.273585706018,0.271970236737,0.270641486357,0.269529869371;0.209846899032,0.212881784305,0.217553635567,0.221559132276,0.225225316762,0.229600352684,0.233412906691,0.230650291361,0.22661419566,0.227720473796,0.2399111793,0.228028655903,0.209417680617,0.200161613238,0.19654078139,0.188070486573,0.188379330814,0.191698237384,0.196116955149,0.198806716654,0.209300462946,0.214681340798,0.216667845898,0.22061743409,0.222419376261,0.21827195712,0.212904776146,0.22884036439,0.240127192884,0.248736937368,0.256394279268,0.264152461934,0.272835069982,0.283166185534,0.295764981247,0.312685099588,0.349769345861,0.481850376184,0.34652271339,0.310906488201,0.296210869199,0.287996695636,0.282685740368,0.27894976834,0.276172410324,0.274024842261,0.272314239464,0.270919543854,0.269760725663;0.173733444676,0.209165776282,0.218020916856,0.221481239706,0.22327505018,0.223863685284,0.222623055016,0.220055255062,0.219139150378,0.22002427827,0.22108472548,0.216571316543,0.20795615394,0.198293571606,0.188318475341,0.135042786431,0.155196808876,0.166177658906,0.185431637635,0.198452769029,0.207938347714,0.192519922317,0.202494180408,0.216265245066,0.219974270282,0.212191836915,0.190695980114,0.222125945017,0.238451124158,0.24849409976,0.256926628801,0.26556107944,0.275767710885,0.28905786968,0.306227090958,0.324236270756,0.348109313503,0.385249032857,0.339433965275,0.310650165771,0.296600397858,0.288395647335,0.28301599425,0.279215775672,0.276389077541,0.274205151736,0.272467839055,0.271053331717,0.269879608343;0.201223007324,0.212967158169,0.219381192439,0.221555045458,0.221682033732,0.219696086331,0.213763860007,0.202745506707,0.208150012288,0.210379812687,0.21080970207,0.208584537901,0.202851968421,0.186008218623,0.161640947252,0.185811460496,0.180134097681,0.178403229977,0.18207129089,0.207934383114,0.231561340701,0.220716925167,0.19067626407,0.214689084435,0.220668102666,0.218891654711,0.201377550345,0.225205880095,0.239992856408,0.249549753883,0.257926109551,0.266891029336,0.278296494797,0.295666164236,0.327275423926,0.359096455993,0.341489043857,0.331632894748,0.31825922905,0.304294601615,0.294223713449,0.287335731478,0.282485140601,0.278930983334,0.276232007279,0.274120196655,0.27242637549,0.271039512034,0.269884120392;0.218913595733,0.220113948108,0.221862541196,0.222311653659,0.22117398475,0.217787667607,0.209368672422,0.182450756169,0.197343971858,0.19549605797,0.201016859895,0.200405698744,0.198557889149,0.192774476387,0.190166205961,0.200432110603,0.194241397558,0.188401504943,0.143657769763,0.210029164513,0.316294278023,0.242870297927,0.216372251589,0.205358872936,0.223157275393,0.227407545394,0.229513760017,0.235825264449,0.243994330783,0.251617433833,0.25915583335,0.267673380045,0.278988686478,0.297757725438,0.345967689526,0.521270702898,0.341254081888,0.31721327833,0.306166744898,0.297542749727,0.290634379346,0.285330421474,0.281293470692,0.278184509092,0.275745199236,0.27379358516,