JMJD3__poly=[0.280926285547,0.279469095102,0.278027385725,0.276432589929,0.274300548874,0.27123938603,0.268164888623,0.264889789207,0.244060616489,0.233977272758,0.255380246174,0.260245930034,0.238133050879,0.253099221782,0.282592613778,0.327205712834,0.269285967594,0.321858217923,0.358431646234,0.351505357427,0.350763615845,0.337407956664,0.371885690819,0.357271661732,0.355374981752,0.372004575164,0.32618550654,0.344906723933,0.349294933563,0.347262033068,0.342660748105,0.336256414808,0.330703349394,0.326866506028,0.324299041449,0.322532578367,0.321262987365,0.320304831151,0.319544340931,0.318910659469,0.318359247094,0.317862099126,0.317401757969,0.316967523986,0.316553004523,0.316154512583,0.315770020743,0.315398483402,0.315039404347;0.27935689283,0.277568785343,0.276055363168,0.274576665812,0.272226921422,0.266561713943,0.25288001192,0.270029369276,0.28681588704,0.281330090948,0.263207016734,0.267694321631,0.284644028045,0.304834471445,0.314091893602,0.30324589009,0.324129696966,0.32094647373,0.410231608902,0.360408914217,0.328629075214,0.301327442298,0.3037218849,0.430476707787,0.362516102295,0.368361081857,0.353718365867,0.373815874033,0.371003502496,0.347998441485,0.334963510329,0.329414060449,0.326216806198,0.324058156008,0.32253662938,0.321433428361,0.320600419642,0.319937658346,0.319379572139,0.31888432856,0.31842612896,0.317989793489,0.317567002146,0.317153718321,0.316748456272,0.316351145866,0.315962412666,0.315583140176,0.315214218673;0.277177003615,0.274537790629,0.272973637021,0.272295676235,0.270828574415,0.265817370124,0.250842943022,0.273043636358,0.318180190373,0.302378103672,0.287107851733,0.297953904761,0.316150359689,0.32378643658,0.362362166835,0.463435234842,0.382402983522,0.337422486739,0.38068767887,0.395916991876,0.358494259656,0.269067016657,0.3239996842,0.322851806279,0.314326121594,0.336883681107,0.345753279812,0.376095732741,0.39924722121,0.337319067797,0.323559197211,0.321658011473,0.321237411164,0.320866971062,0.32050071884,0.320157265221,0.319832938402,0.319514671274,0.319190174816,0.318851703614,0.318496317068,0.318124756391,0.317740054851,0.317346356952,0.316948078816,0.316549387189,0.316153922694,0.315764689493,0.315384047826;0.274106210611,0.268294309492,0.266383150755,0.268914699781,0.269789322886,0.268972489609,0.267597069543,0.257128503616,0.273213850258,0.289736874014,0.294901097846,0.312783825933,0.328625859873,0.334692308747,0.366299848907,0.402837321309,0.396355497678,0.339919164652,0.359818455897,0.364650956851,0.361993674668,0.355297238651,0.325944132112,0.27795590148,0.327561578596,0.318548486354,0.30565622412,0.291277644286,0.310374089258,0.290390832891,0.30041154995,0.312738215646,0.316120943556,0.317647065072,0.31846007808,0.318895825145,0.319097193218,0.319134648535,0.31904834092,0.318865702839,0.318608436476,0.318294913747,0.317940839735,0.317559419056,0.317161478958,0.316755663837,0.316348694539,0.315945656985,0.315550288254;0.271215363764,0.252348762,0.244236238053,0.264582576064,0.267671529904,0.26894846165,0.270086101241,0.268778636557,0.275670404645,0.285542958998,0.289403344264,0.300348202728,0.319737711075,0.337542188319,0.350852938124,0.357267134887,0.354679744527,0.347532096226,0.348861901392,0.351302964983,0.350835305322,0.34972003104,0.352869480046,0.354052258907,0.380027985393,0.320997017359,0.319472802919,0.314148396887,0.306064914955,0.293112200273,0.295146087236,0.305991002546,0.311596627687,0.314789415939,0.316686261812,0.317846467419,0.318539014724,0.318905888388,0.319034094196,0.318984749962,0.318804463188,0.318529877581,0.318189826329,0.317806726981,0.317397724315,0.316975695954,0.316550129434,0.31612786555,0.315713710614;0.272220090064,0.260550381892,0.256221360518,0.262775814505,0.262457463496,0.264182410691,0.27016813546,0.274792172669,0.279788001907,0.284305244941,0.278850617112,0.284789042697,0.31863489948,0.363214815152,0.360953530448,0.338852725302,0.336862735155,0.341941569427,0.346518534857,0.348615581169,0.34742696276,0.350197234617,0.37433698203,0.384000733172,0.378992803212,0.371295039848,0.297002199468,0.308750516198,0.30703905916,0.300240839953,0.2877412574,0.29825102453,0.30793372481,0.312641188357,0.315432033459,0.317200134868,0.318305961639,0.3189410678,0.319231168916,0.319269191705,0.31912660565,0.31885832059,0.318505904246,0.318100283196,0.317664078277,0.317213555778,0.316760199423,0.316311941948,0.315874110238;0.275671176288,0.269905419301,0.264930953029,0.261209760505,0.248307969734,0.242756096012,0.268148439179,0.275163070439,0.28004125255,0.284396195122,0.288472412641,0.297678362274,0.314687330938,0.33936794257,0.340837865151,0.317695353919,0.314778552408,0.338480932834,0.352198238562,0.362863126471,0.343757965412,0.343498280906,0.352955098029,0.37274236108,0.412397045645,0.376077234125,0.333155963008,0.309571833257,0.29662656732,0.297955326492,0.280729276849,0.295262916535,0.306131427735,0.311517981723,0.314909716389,0.317136479834,0.318547247243,0.319356363648,0.319724481857,0.319777865431,0.319613801463,0.319304891958,0.318903893357,0.318448367505,0.317964598933,0.317470663635,0.316978743144,0.31649683187,0.316029978924;0.279436882108,0.273752360975,0.264004897839,0.253380965312,0.255184096174,0.258525194258,0.268315588968,0.273918227133,0.278233851287,0.282600613426,0.288043098286,0.296007337133,0.306520059628,0.316932676959,0.321767271953,0.321200370353,0.325825839791,0.339323219859,0.360386548397,0.369760106731,0.323223626328,0.329860122879,0.321618783248,0.360769984191,0.392039286725,0.379203718248,0.369338940158,0.321117310273,0.297756301443,0.294337903156,0.292738384842,0.298831709409,0.306033732382,0.311466372865,0.315280755736,0.317842205546,0.319427358837,0.320276029322,0.320598601362,0.320564045932,0.320297362874,0.319886500236,0.319391686949,0.318853466334,0.31829869419,0.317744808088,0.317202817413,0.316679380991,0.316178241317;0.284883645398,0.279018518085,0.264180835348,0.219096065985,0.259619749115,0.264982998776,0.268128763238,0.270573060811,0.273860277687,0.277301674583,0.281753806529,0.289081549315,0.297858964095,0.306179595529,0.312735516573,0.318125663493,0.325213211151,0.338376997946,0.404635349032,0.340331679457,0.309879221119,0.324227301159,0.32665103107,0.347550952219,0.371121683569,0.412286066448,0.366800010288,0.327426812297,0.30254779074,0.26619931148,0.278473663511,0.297032293396,0.306227696462,0.312429214862,0.316766155702,0.31958071368,0.321159583757,0.321840485316,0.3219340389,0.321668759026,0.321194922409,0.320607757954,0.319967088367,0.319310173739,0.318659775845,0.318029310531,0.317426197467,0.316854050108,0.316314104167;0.295155582796,0.290815884237,0.277853321554,0.265539951364,0.263194815241,0.265494637064,0.264776414563,0.259624513791,0.265729030105,0.267112280952,0.265452121222,0.277244160903,0.287891178177,0.297019847113,0.305150590797,0.312623660719,0.320041947701,0.328799079087,0.337724238833,0.327283358954,0.316469947347,0.322493990631,0.329784395856,0.339079882785,0.350724463297,0.369096111376,0.35084819944,0.321438940739,0.296431514202,0.251295537291,0.272030486054,0.296476480036,0.307448466772,0.314817636276,0.319891352122,0.322837331685,0.324058547117,0.324206643514,0.3237935739,0.323108386384,0.32230198263,0.321455696943,0.320614627019,0.319803336055,0.319034227303,0.318312491231,0.317639135491,0.317012838431,0.316431067146;0.318991825606,0.321827252631,0.291325769372,0.267005549624,0.244997198544,0.264107473941,0.262279925918,0.216700031103,0.259271488998,0.258910556367,0.235203116418,0.25108315921,0.275385558703,0.285173339317,0.296599358256,0.306629736419,0.31403066914,0.319582147514,0.321587336706,0.314053688839,0.239098695397,0.317390445877,0.325840748967,0.331210625339,0.334729566495,0.333513418086,0.325017494753,0.310315455273,0.291789562959,0.276078999675,0.285819381516,0.29897579947,0.310372952832,0.319525218935,0.325948815343,0.328641596435,0.328586384855,0.327505772403,0.326186256385,0.324854972669,0.323581937858,0.322394684314,0.321303008739,0.320306874684,0.319400970064,0.318577620747,