KAT7_Myst_OAC1=[0.865832787198,0.866524047731,0.868235337379,0.871086052296,0.874982227728,0.879999224248,0.88714149285,0.916293275909,0.894267684532,0.889207655746,0.882586910171,0.866190650577,0.850047978818,0.841592914115,0.894437164102,0.902667971649,0.916101752759,0.920129488361,0.92606351883,0.930384770001,0.93197228728,0.933331279148,0.943270117209,0.929401583855,0.924018802124,0.92079516771,0.918187519484,0.91593646778,0.913963967045,0.912218591816,0.910659651722,0.909255625621,0.907981291578,0.906814599159,0.905734411819,0.904719569944,0.903749532938,0.902806516518,0.901878193295,0.900959293172,0.900050948266,0.89915821951,0.898287302571,0.897443590346,0.896630845362,0.895851150245,0.895105217105,0.894392777449,0.893712924691;0.861167786774,0.860801134905,0.862151960104,0.865409717979,0.869928213955,0.875553964802,0.882796791638,0.891719310989,0.893064189098,0.884029376613,0.871126343031,0.842243669083,0.798624809092,0.725364484165,0.864854900409,0.89808415032,0.915214121946,0.920299439467,0.927311823324,0.930408869522,0.930766076893,0.930551606671,0.929958259226,0.92702223933,0.923528635858,0.920645426265,0.918208098843,0.916076875257,0.914180423321,0.9124777552,0.910942041756,0.909553380427,0.908294220992,0.90714616115,0.906087835394,0.905094124917,0.904137628579,0.903193264967,0.902244666441,0.901288124612,0.900330821793,0.899385025653,0.898462592313,0.8975721791,0.896718831299,0.895904692913,0.895129939478,0.894393553284,0.893693865022;0.856027753328,0.852290728642,0.852689952273,0.857369095,0.862927196942,0.869148254432,0.877094683727,0.888214011861,0.898138112639,0.884657998167,0.871503010663,0.840832133169,0.763762601911,0.816298166717,0.873091545706,0.900496429163,0.914168378337,0.922790161624,0.934570664243,0.935418399298,0.935586975961,0.931873411107,0.93070511009,0.926516522273,0.923333459949,0.920627329448,0.918293171104,0.916236088019,0.914387290276,0.912711078269,0.911191341551,0.9098187409,0.908583130297,0.907469535991,0.906455432169,0.905508698479,0.904588585771,0.903654277183,0.902680610116,0.901668602431,0.900639587315,0.899619964054,0.898630335262,0.897682786617,0.896782578444,0.895930673695,0.895125696916,0.894365159993,0.893646151703;0.863573796702,0.834918967091,0.834877358571,0.846312817131,0.853306927286,0.859150950956,0.868903851921,0.882255329324,0.903081609924,0.889871058142,0.881311947654,0.875963857381,0.861157402886,0.860171152277,0.893286153668,0.917194981303,0.923140530751,0.927142157379,0.945001156757,0.934693551838,0.932391653651,0.932762152621,0.932775546608,0.927264682587,0.923631015787,0.920783756342,0.918471470035,0.916452737403,0.914619723507,0.912942542132,0.911421197376,0.910059397012,0.908854902927,0.907796480482,0.906860736046,0.906005861812,0.905165852376,0.904262527572,0.903248268179,0.902139572592,0.900994087917,0.899865905499,0.898786713858,0.897769311534,0.896815820386,0.895923488548,0.895087763992,0.894303716451,0.893566630601;0.831646995645,0.719284510735,0.80024294343,0.835039481223,0.84058086618,0.837750939057,0.853359344207,0.877297893313,0.908689425003,0.890493541902,0.890868661255,0.898838872283,0.88851197894,0.914685720375,0.909943169626,0.922386391825,0.922903021013,0.933326500276,0.938216795472,0.932506332815,0.930351814513,0.929520611564,0.931327277465,0.931612287226,0.9241398295,0.921036211903,0.918780371631,0.916786098338,0.91491979531,0.913192240928,0.911637432492,0.91027525747,0.909110284561,0.908135697906,0.907332071807,0.906653351498,0.905992266069,0.905170242735,0.904067066458,0.902759286205,0.901408452199,0.900117089122,0.898920290741,0.897820446533,0.896809093829,0.895875679639,0.895010386261,0.89420480015,0.893451889023;0.824475696868,0.7761447184,0.808651602005,0.832771994819,0.829585248218,0.750421983426,0.835181554474,0.869681638499,0.883463132152,0.891378895877,0.905958022068,0.898910005687,0.899439868153,0.90584025936,0.91223929644,0.926533767042,0.923508212775,0.927914676302,0.932418348735,0.935459113565,0.93118341658,0.928544080302,0.928567954937,0.927732276578,0.923817392415,0.921358054751,0.919378358826,0.917369059608,0.915345511386,0.913470329676,0.91183115816,0.91045355801,0.909340003153,0.908487587876,0.907894383087,0.907550346725,0.907333597045,0.906763961902,0.905390429408,0.903599058177,0.901873452921,0.90034690541,0.899007050452,0.897818199064,0.896749580847,0.895778181274,0.894887093985,0.894063724205,0.893298474589;0.841061540682,0.832729092385,0.835007962058,0.839891839395,0.836385803619,0.820282356876,0.844161685967,0.867553247551,0.880126956055,0.891817487174,0.908105151281,0.908653578253,0.906929565209,0.916140712223,0.914598091995,0.930431700082,0.921272517188,0.926567482139,0.935255913226,0.948903586247,0.932189651666,0.928209409408,0.926640184292,0.92516068154,0.923483906165,0.922248864843,0.920873091882,0.918497486746,0.915948898517,0.91375199784,0.911966362776,0.910563730382,0.909522515868,0.908840210366,0.908545277396,0.908772243552,0.909807090254,0.910457556708,0.907771975787,0.904648529855,0.902303780102,0.90049239528,0.899007912538,0.897738667623,0.896622307777,0.895621296463,0.89471139624,0.893876011114,0.893103216154;0.854915005289,0.850285904255,0.848238721676,0.848524395282,0.848469915973,0.849724481408,0.85782444385,0.868838239294,0.878515739201,0.889006916549,0.907124487706,0.905817898358,0.905484716288,0.909530495091,0.912493704083,0.917618738638,0.91967502073,0.922843312539,0.927905775844,0.933160284253,0.931373860089,0.928968196416,0.927424477084,0.925265604216,0.923953019612,0.924831764749,0.926303818427,0.920561879156,0.916632264783,0.913927167437,0.911968178777,0.910555485149,0.909625903762,0.909182625354,0.909256175407,0.91008743119,0.9137702764,0.93042809145,0.911255434088,0.905435730289,0.902482261016,0.900457133375,0.898876250159,0.89755715735,0.896413146149,0.895396424472,0.89447779219,0.893638001273,0.892863601095;0.885571792793,0.86112338835,0.855591703377,0.854741940519,0.855660437066,0.858490007768,0.863905831283,0.870472389243,0.876317615277,0.882623692518,0.889525396913,0.894691058533,0.899434670468,0.905321903208,0.910840359687,0.935394401404,0.924664623879,0.924120618208,0.924920891017,0.927818509053,0.929430485003,0.935933787974,0.932005558403,0.926451961046,0.924416589733,0.926537433486,0.933647675524,0.922526875311,0.916888009299,0.913781545335,0.911734400917,0.91036402658,0.909604605083,0.909539923997,0.910222434689,0.911228663943,0.913197514519,0.917130042023,0.909947255649,0.905047066298,0.902183064419,0.900163414428,0.898578615527,0.897256943834,0.896112834686,0.895098055272,0.894182829176,0.893347447475,0.892578125972;0.871290496421,0.863064118319,0.858911077037,0.858072970413,0.858972172333,0.861573716741,0.866866020516,0.875279418979,0.873904285351,0.875694401948,0.880144264801,0.886719493498,0.894581803288,0.906631929902,0.919671494257,0.902177242211,0.879244473049,0.89729844551,0.920884510908,0.923931298177,0.92769774237,0.930697232123,0.936984616287,0.927251273155,0.924133565847,0.924033622972,0.92970014745,0.921167344125,0.916048125208,0.913134348037,0.911189483375,0.909923563974,0.909361936214,0.909861998411,0.912471196003,0.915372387258,0.911883852616,0.909478266857,0.906641631263,0.903757348066,0.90144506949,0.899615624144,0.898113694744,0.896836175139,0.895719897658,0.894725151489,0.893825816471,0.893003909446,0.892246526802;0.862506039263,0.861108348886,0.859649541888,0.859188620964,0.859704140842,0.861335677513,0.865523118729,0.880926261584,0.868565027091,0.868268998787,0.86788410058,0.878213283668,0.889552281833,0.899787848943,0.904514297778,0.89507136821,0.857244889828,0.88762056063,0.937675362534,0.924967388309,0.934525005473,0.929960062064,0.92976691586,0.930927366214,0.9234764824,0.921067890286,0.919739918507,0.91722385805,0.914350158353,0.912051793906,0.910343354753,0.90919427407,0.908727162334,0.90948571046,0.914343538097,0.936399771493,0.911346219461,0.907023890691,0.904497109246,0.90234795291,0.900481777807,0.898884494262,0.897509207039,0.896307324617,0.895240638646,0.894281237094,