KDM5A__poly=[0.755855596407,0.756644361317,0.757121165841,0.757245560344,0.757001280725,0.756030802685,0.751900547914,0.740198604226,0.724194683581,0.659853739623,0.730126861341,0.768930659784,0.762036100291,0.840561317819,0.815908928667,0.839687499846,0.851567938703,0.834139277999,0.835679982894,0.838783123928,0.850056756946,0.852393933926,0.850136834023,0.83111556429,0.813983392518,0.815648021055,0.827514895766,0.812268824145,0.808237201559,0.806558966937,0.804592227284,0.801603045602,0.798393991872,0.795452279548,0.792815702937,0.790438037681,0.788275235186,0.7862937338,0.784468115993,0.782778638336,0.781209568919,0.77974809513,0.778383577438,0.777107021041,0.775910694528,0.774787852813,0.773732535548,0.77273942023,0.771803714547;0.756201225542,0.757303190423,0.757939102858,0.75818980009,0.758614724147,0.760978407756,0.768950798546,0.745614619586,0.719167533336,0.721423716785,0.756967597184,0.774151906173,0.778692624113,0.801184456479,0.815245969181,0.839027687485,0.823330866077,0.774696120549,0.83358111415,0.832059396136,0.842944046217,0.856010621233,0.856023016969,0.854559752788,0.829349622408,0.820453503547,0.815424140453,0.813759741006,0.811481824049,0.806907632629,0.80391449351,0.801196813434,0.798290396783,0.795466095446,0.792844008,0.790440972052,0.788241248396,0.786222296079,0.784362504961,0.782643145284,0.781048496963,0.779565444534,0.778182974717,0.776891723288,0.775683610858,0.774551566542,0.773489324732,0.772491277621,0.771552368079;0.757109912924,0.758987570715,0.759793003206,0.759642366083,0.759916337557,0.762918293116,0.774300701795,0.751347652216,0.704991503089,0.72599082693,0.752862741669,0.755066064698,0.757541143928,0.787792608029,0.8112777276,0.846017677395,0.821802748403,0.807824996338,0.828845838608,0.831834767221,0.828641428196,0.870962604675,0.829245216024,0.826337191026,0.847492141271,0.80411606333,0.791059016143,0.795584926924,0.813956092355,0.807795950948,0.805670611102,0.802100189414,0.798674376899,0.79562496862,0.792882362114,0.790400049944,0.78814247711,0.78607911322,0.784184207702,0.782436600559,0.780819075352,0.779317560018,0.777920389698,0.776617713127,0.775401049711,0.774262973513,0.773196892857,0.772196897365,0.771257650456;0.758805696847,0.763466785524,0.764656933786,0.761921080751,0.760682702635,0.761013194103,0.761993650856,0.77148878111,0.758822802233,0.749984792239,0.755124045063,0.749896326125,0.75375755258,0.780238911691,0.799062345651,0.814467196211,0.816134336431,0.814929916297,0.818663821821,0.810358587114,0.810958595226,0.813256132749,0.809796192748,0.796566263381,0.79171571761,0.779982524486,0.731047509032,0.695547333067,0.786991763003,0.819969363664,0.81388242749,0.804059960672,0.799408165008,0.79589889502,0.792926697126,0.790316357658,0.787980899702,0.785866094206,0.783934749947,0.782160025826,0.780521813687,0.779004505482,0.777595544663,0.776284483255,0.775062375402,0.773921391147,0.772854570291,0.771855662861,0.77091902199;0.760347810629,0.776468063007,0.783126788643,0.76463738467,0.761764737697,0.76095026178,0.760884731611,0.763910499062,0.761315524031,0.758690247059,0.763961212778,0.766392808968,0.767817056673,0.776480344935,0.78304770955,0.785727691693,0.786748972023,0.788098460381,0.788494734212,0.787000374306,0.786827318201,0.785547646556,0.776543597678,0.782904295663,0.807170236918,0.803515072804,0.786551101272,0.786119824195,0.798006198795,0.813472382747,0.813453102595,0.805559947324,0.800216393912,0.796179691029,0.79292894235,0.790170139728,0.787749684373,0.785581876109,0.783614714168,0.781814363252,0.780157392107,0.778626542442,0.777208327993,0.775891661702,0.774667072285,0.773526255654,0.772461813378,0.771467093925,0.770536089521;0.758494499028,0.767979682681,0.770960778507,0.764461422807,0.764649904631,0.763758065566,0.75997592329,0.758537132145,0.758223573903,0.760175193217,0.772493978556,0.778117094681,0.768820396363,0.780125735141,0.775374576577,0.758625148849,0.756205020439,0.763790472543,0.762811779642,0.75974590055,0.761690309485,0.763084003187,0.744257972117,0.753313805853,0.796915346609,0.814068329996,0.825788566177,0.808877870672,0.806087968704,0.809493998431,0.816662219145,0.80873836532,0.801009745857,0.796329957667,0.792822412181,0.789934581823,0.787440315853,0.785225446986,0.783225503964,0.781401245148,0.77972691794,0.778184145713,0.776758715895,0.775438912646,0.774214656512,0.773077055166,0.772018159428,0.771030820107,0.770108593549;0.754686805392,0.75833992089,0.761120932355,0.763138696751,0.774398510347,0.780090014102,0.758953445846,0.755628298979,0.755429965334,0.757098701671,0.760709590882,0.762464867682,0.762473034134,0.7659695076,0.758617730757,0.718671660079,0.707126717525,0.743174212873,0.732859232738,0.708242031286,0.727481809189,0.742179079164,0.749931673034,0.771401875026,0.806206383095,0.815511855668,0.822948370262,0.818017584039,0.816910224641,0.811800199748,0.820441659102,0.809500672763,0.801052124918,0.796177236721,0.792554803494,0.789595622542,0.787053103387,0.784801472382,0.782771807983,0.780923948956,0.779232159914,0.777677942882,0.776246624648,0.774925790192,0.773704561669,0.772573251754,0.771523179756,0.770546556941,0.769636400331;0.751308505455,0.753892141126,0.759386884434,0.766170096564,0.763138486551,0.760705724466,0.753888009304,0.751942911053,0.751969558362,0.752861202797,0.753954369848,0.754291372113,0.753883021825,0.75266057238,0.747680865099,0.736738358046,0.733311373842,0.73579853414,0.717989828434,0.644929588698,0.675737846697,0.716265781385,0.697990249236,0.764371964386,0.798046342543,0.833021865685,0.823396008085,0.814902007223,0.817083250782,0.813737811793,0.811872490136,0.806219446252,0.800324937755,0.795733655734,0.792140276552,0.7891731043,0.786608173302,0.784325637974,0.782263665722,0.78038785386,0.778675378775,0.777108388678,0.775671611218,0.774351516101,0.773135993314,0.77201419668,0.770976437764,0.77001409181,0.769119504399;0.748417031371,0.749628069915,0.756237351572,0.791931671478,0.750003803817,0.746288339594,0.746837273119,0.748219480169,0.748768229607,0.749438089706,0.749755541823,0.74819789978,0.745863054252,0.743655617763,0.741403504468,0.738955216477,0.73764913422,0.736735591574,0.750153215411,0.690019396865,0.670743825094,0.717238295554,0.722778984787,0.759358965594,0.786399931106,0.815393076689,0.810111095418,0.806594193305,0.811442972049,0.829861085911,0.819733707467,0.806448531497,0.79975231039,0.795182193215,0.791666230498,0.788735357897,0.786155512527,0.783828452248,0.78171672373,0.77979952573,0.77805833449,0.776475009901,0.775032374801,0.773714680197,0.772507765982,0.771399054717,0.770377465592,0.769433289657,0.768558048582;0.746770136619,0.745057413592,0.740951918279,0.733254695795,0.725926642135,0.731831007376,0.740604293633,0.750276700479,0.747430894759,0.748577760028,0.752678359422,0.744485893871,0.737413397175,0.733115769075,0.733090072851,0.734783951484,0.736108195343,0.73648841182,0.734783721823,0.72424981662,0.724054915711,0.735171110738,0.745395158847,0.759538059455,0.774587318457,0.790759780771,0.795170922871,0.799101803637,0.809957997888,0.836876930019,0.822327402506,0.80600290717,0.799030956676,0.794611815912,0.791288466663,0.788426882571,0.785787937197,0.783355214828,0.78114851869,0.779163479249,0.777380208538,0.775775207622,0.774326108548,0.773012916826,0.771818165704,0.770726768662,0.769725780437,0.76880413202,0.767952369735;0.750193268991,0.747952551889,0.730007328627,0.697543251068,0.652489639367,0.713859356232,0.733053684382,0.783938263173,0.743158230149,0.743688965623,0.767491456814,0.752438024987,0.725675525721,0.712003750816,0.719130090111,0.728054694331,0.732911357037,0.735526903354,0.737118687081,0.742151856708,0.804383547457,0.747101054215,0.750229516988,0.757071756983,0.763591017411,0.767032297298,0.774631183401,0.792338214607,0.807453207145,0.81804478921,0.811768744286,0.803896996855,0.798035283334,0.794213600202,0.791389272453,0.788571139537,0.785656530618,0.782953024782,0.780567320009,0.778476235237,0.776634745737,0.775002906159,0.7735478916,0.772242675797,0.771064911434,0.769996108781,