KDR__poly=[0.492100081154,0.501145349353,0.512091692221,0.525360846224,0.541451058143,0.560923255,0.582556584925,0.606828408656,0.654338625485,0.674235919444,0.645011556992,0.640268810388,0.670044006887,0.606082260432,0.611619512933,0.64296173174,0.643946478735,0.623382694685,0.632472292623,0.615501308059,0.590859249168,0.545764615874,0.522721021354,0.534880561012,0.538409379964,0.565546994961,0.581386529811,0.53519247246,0.523197017667,0.517966991299,0.511748927966,0.503505821038,0.495299020777,0.488167025116,0.482032710471,0.476654799786,0.471842761196,0.467467419874,0.463443154822,0.459712048289,0.456233293532,0.452976696331,0.449918815282,0.447040686515,0.444326468393,0.441762612283,0.439337333702,0.437040257048,0.434862163447;0.486140466236,0.494883952087,0.506182960934,0.520648110682,0.539112925218,0.56532237985,0.607353664643,0.611617868378,0.645652617289,0.641265248516,0.647818101054,0.647431656298,0.628772048712,0.602211352466,0.588270228463,0.538513790106,0.587406619005,0.622651442178,0.637620945512,0.589390037341,0.557211955292,0.599798046727,0.592969958675,0.451528836275,0.488017355256,0.527759201465,0.528774222007,0.501370405385,0.520248714194,0.510110301819,0.501486957369,0.494833493408,0.488399384383,0.482485986169,0.477179727807,0.472390141178,0.468011743796,0.463966167731,0.460200394218,0.45667806403,0.453372752183,0.450263899034,0.447334564219,0.444570228329,0.441958147909,0.439486988208,0.437146591588,0.43492781255,0.432822387577;0.477977569895,0.485287452527,0.496542608337,0.512431842767,0.532274181509,0.559559349567,0.605629979812,0.605245167931,0.631021776891,0.623360385971,0.623326439004,0.646327071365,0.639743592229,0.602503153529,0.597638013536,0.550235561521,0.591697175756,0.588010145449,0.556548226105,0.578555135779,0.54873103484,0.647049235249,0.549586568874,0.514480258447,0.39709149173,0.486868032867,0.493998091174,0.467312698347,0.530639885087,0.498678925521,0.493682283417,0.487441468223,0.481479724986,0.476407499721,0.471898294833,0.467742499917,0.463846175047,0.460169007704,0.456691761301,0.453402458403,0.450291091572,0.447347912467,0.444563112572,0.441926959995,0.4394300176,0.437063314774,0.434818447007,0.432687613738,0.430663613442;0.467109954477,0.468816878699,0.479176945667,0.500140641086,0.52129442269,0.5431449024,0.566815710024,0.607491798383,0.608564170607,0.596906261999,0.601391470398,0.615860363621,0.613063054323,0.59196013991,0.589977506598,0.592451131726,0.592358693094,0.568707280457,0.531620497725,0.538935743877,0.529551223703,0.525051432765,0.536054202481,0.530810414534,0.480586271911,0.481853259074,0.512509446945,0.424560874709,0.45791919497,0.471918607648,0.498346956042,0.480420065901,0.474017395521,0.469892163898,0.466286348071,0.462817045373,0.459427964726,0.456134104011,0.452957573966,0.449913411549,0.447008547732,0.444243814493,0.441616145873,0.439120271291,0.436749851174,0.434498177029,0.43235857323,0.430324609258,0.428390198012;0.455309814531,0.434583265801,0.433501007654,0.486306250895,0.510374094019,0.52915764127,0.546722064613,0.568146387003,0.575304316488,0.575902059191,0.586505308274,0.591134702961,0.583194847977,0.577092154181,0.570211812124,0.562014459817,0.553727486019,0.543192350458,0.532624439969,0.526351893124,0.521290193583,0.518020983159,0.517236366409,0.490269345859,0.44085237458,0.444144812919,0.4726947194,0.467551490522,0.461521872078,0.472579461451,0.480687415178,0.468157705075,0.465039033612,0.462923519117,0.460478170109,0.457734252303,0.454842300434,0.451918208545,0.449035657728,0.446236983919,0.443544014455,0.440966079513,0.438505303526,0.436159871551,0.433925952669,0.4317987912,0.429773304238,0.427844395382,0.426007109799;0.448455487165,0.440531023706,0.447629943667,0.479185239418,0.505458385152,0.522023613504,0.52923787965,0.538339937268,0.546382354385,0.5549734384,0.579494966464,0.588581329183,0.565641364903,0.578656247603,0.563836454695,0.534465382061,0.523789179098,0.521660468838,0.515647553377,0.510485365156,0.507797635603,0.505433905876,0.51331168208,0.498632378588,0.455015770086,0.436710621241,0.446013462575,0.471487133491,0.460104407895,0.455742918762,0.438203366294,0.447842283554,0.455227653711,0.456015334108,0.454747455369,0.452639647835,0.450168917523,0.447567056111,0.44495432493,0.442392634011,0.43991236652,0.437527033928,0.435241297286,0.433055280435,0.430966850963,0.42897280939,0.427069499382,0.425253114396,0.423519847535;0.443321485683,0.445402583582,0.452708716036,0.470850627347,0.515697629743,0.544719625979,0.514225312771,0.51723844754,0.523904856669,0.531853175468,0.541338782015,0.545125772719,0.543516320595,0.548127668638,0.536516346696,0.497183260665,0.481974039037,0.501037711006,0.492902854371,0.48365941956,0.494330336897,0.489076371003,0.482739797041,0.468945717885,0.433164559387,0.453807572078,0.471771832972,0.459142400777,0.438139180387,0.443931530771,0.419093531377,0.437559441051,0.448176107646,0.450108303174,0.44940897645,0.447651534127,0.445453839565,0.44309985861,0.440724107557,0.438389016219,0.436122424239,0.433935908204,0.431833477827,0.429815622795,0.427881187936,0.426028241547,0.42425447559,0.422557389558,0.4209343769;0.435429962748,0.43706678739,0.436142712933,0.439249396065,0.47648794346,0.495623771899,0.493306974468,0.496689474287,0.50265356364,0.509265186633,0.515404527768,0.519400323882,0.520613120436,0.519284604048,0.512333988179,0.499118008672,0.490722088139,0.485879646844,0.470259671925,0.466014324965,0.495810418472,0.4696777594,0.440465918325,0.460134309914,0.455540914923,0.455987060364,0.475322061684,0.451555024513,0.4355738661,0.438371818373,0.436316386618,0.440710747647,0.444594754412,0.445480830963,0.444542109279,0.442765672886,0.440669365711,0.438491902086,0.43633080158,0.434221681548,0.432176504326,0.430198993231,0.428290105499,0.426449849856,0.424677854897,0.422973516729,0.421336014375,0.419764297831,0.418257084447;0.425207416644,0.425516785167,0.416883607308,0.360126828847,0.443585253274,0.462507624806,0.469609411347,0.474250709212,0.480851018346,0.487297067308,0.493290621078,0.4992905404,0.501693101257,0.500454888472,0.496616613537,0.490969801771,0.484731579639,0.47488463957,0.423752511443,0.443275291111,0.447115692212,0.463115048507,0.453260494595,0.463021209927,0.469011369779,0.468232825918,0.456767484161,0.459336124147,0.45079707615,0.408714027261,0.422437328823,0.439250177721,0.442096220328,0.441594754857,0.439882475718,0.437790525367,0.43568268156,0.433664029848,0.431734510871,0.429875044678,0.428072613256,0.42632131891,0.42461946592,0.4229674172,0.421366368827,0.419817665028,0.418322425627,0.416881366347,0.415494739;0.412488465386,0.413176244524,0.413646198001,0.41461737441,0.426398523088,0.440835330682,0.446209992876,0.442003692662,0.456467893691,0.463100252342,0.464674743609,0.484438842295,0.48737954895,0.484485654272,0.482274516979,0.480088098292,0.476674194987,0.470943650643,0.462649568236,0.463354928057,0.470245203053,0.469204383194,0.465695788084,0.465900424243,0.466318140827,0.456619203372,0.462026447597,0.469873335936,0.469526106819,0.464635779701,0.429798118546,0.440984866455,0.440355614573,0.437774027044,0.434864510046,0.432305444667,0.430238730409,0.428488257209,0.426880352061,0.425330824558,0.423809848369,0.422309869776,0.420831714408,0.419379298961,0.417957392826,0.41657055179,0.415222622285,0.413916563256,0.412654442646;0.392760296316,0.390747485173,0.403138493327,0.398044036684,0.381460835103,0.423111476625,0.428794761716,0.360196118141,0.438170564649,0.446914494365,0.423649484239,0.506796803624,0.478569060935,0.464683034102,0.466148793462,0.468808212933,0.468705703146,0.467405095328,0.467637716486,0.478577150212,0.602076251676,0.474761382238,0.466791338271,0.4664912863,0.469753450492,0.476551620758,0.484385820131,0.49084633043,0.493841500198,0.488385115502,0.45659408772,0.444229267128,0.438300397933,0.43302181365,0.428419069996,0.425514112424,0.423958141156,0.422826386836,0.421726612084,0.420583144044,0.419396131294,0.418177619842,0.416940984959,0.415699046766,0.41446321806,0.413243050979,0.412046137553,