KLF5__poly=[0.605915489919,0.603138379944,0.600101851837,0.59624424377,0.590451278651,0.581466051506,0.570669801799,0.557255397647,0.507925196925,0.489500120512,0.542624333244,0.565730847908,0.574335792486,0.581666398097,0.654982012985,0.717128903081,0.663217199814,0.696755807078,0.73320714437,0.741187641355,0.73744898224,0.767225538543,0.776896408366,0.754259466357,0.754688284984,0.756850973531,0.685239130383,0.732803455098,0.745090774597,0.747764250172,0.747074031739,0.744124835608,0.740543409613,0.737139605534,0.734020593521,0.731147052245,0.728470810806,0.725954193084,0.723569688154,0.721297434339,0.719123082656,0.717036214441,0.715029188789,0.71309630482,0.711233196812,0.709436402922,0.707703062754,0.706030709396,0.704417129531;0.600963163845,0.597546984235,0.594403221235,0.590749003668,0.584214368212,0.568857720203,0.533424738191,0.554985210548,0.55347090806,0.55751238538,0.539373500378,0.549107027947,0.591713729925,0.632243132886,0.675485871736,0.727551525119,0.697660537923,0.733521114327,0.762683005556,0.739237391101,0.715905009768,0.770736538169,0.788774875945,0.799293906427,0.77764107228,0.765596848374,0.736880574513,0.751203768646,0.757707947269,0.753866207745,0.750428328763,0.747049957191,0.743393488584,0.739830545574,0.736500120828,0.733408406764,0.73052576837,0.727819364634,0.725261526867,0.722830872318,0.720511437767,0.7182914403,0.71616214613,0.714116967418,0.712150787644,0.710259479001,0.708439568312,0.70668801215,0.7050020494;0.594622540507,0.58958846465,0.586591876268,0.584930855032,0.580528695108,0.566693189326,0.528379691314,0.558808233446,0.592293414909,0.587858027703,0.573067434129,0.544987770358,0.566469109106,0.642497156555,0.693673409505,0.759704370869,0.737488248229,0.750100703814,0.766355482766,0.75474196292,0.724945132798,0.788541493365,0.74477398248,0.76041161,0.818657360277,0.772671101724,0.758999965273,0.756051758831,0.772892319816,0.761437460175,0.756984048023,0.751640561532,0.746865655453,0.742725660051,0.739026398843,0.735656043845,0.73254332561,0.729637627235,0.72690232441,0.724311085391,0.721845069665,0.71949073659,0.717238192085,0.71507999263,0.713010311763,0.711024377338,0.709118101813,0.707287845258,0.705530267015;0.586175079119,0.574704630859,0.571447960881,0.577306184088,0.578747269205,0.575046513536,0.567685443304,0.537688883467,0.561439481218,0.594434270674,0.599150561881,0.58831030599,0.603696660725,0.655013835931,0.696186745565,0.73058932316,0.743937365476,0.751297502909,0.757721761938,0.740914412931,0.722745346527,0.72228553288,0.743615419665,0.790324863633,0.784524847579,0.778956395821,0.77269095285,0.669352547118,0.7497588287,0.781015359307,0.770731861492,0.757215197861,0.750641616503,0.745723488983,0.741563464336,0.73787450661,0.734515343558,0.731403537174,0.728487398369,0.725733297937,0.72311878616,0.720628451324,0.718251309523,0.715979145734,0.71380546931,0.71172486648,0.709732605825,0.70782440215,0.705996277859;0.57769351893,0.538869917495,0.522992243576,0.567968990815,0.575465173962,0.578073988995,0.579030625732,0.573640944641,0.586440146152,0.60964884244,0.627249216597,0.636534876278,0.646687818139,0.67094968208,0.69423036506,0.712116529447,0.723549527073,0.730700972791,0.73458650547,0.733479128798,0.731758734674,0.736372988407,0.7513325073,0.769783614736,0.781041854212,0.775559436313,0.763865691704,0.753807002038,0.760864133383,0.774982681168,0.772705096433,0.761761419685,0.754325731339,0.748667704542,0.744041806053,0.740033728155,0.736428989998,0.733111078833,0.730012794749,0.727093582797,0.724327971519,0.721699184511,0.719195477283,0.716808024072,0.71452970767,0.712354434253,0.710276750476,0.70829163259,0.706394372141;0.576670501343,0.55395918172,0.547257858582,0.564028289312,0.565886468943,0.571537599039,0.585613834442,0.596218725427,0.608449290569,0.624717776471,0.653445725686,0.670059707311,0.666000606235,0.694665527947,0.705931939416,0.711709494191,0.719902929737,0.723150643442,0.727515299047,0.731024448561,0.732705971015,0.736514504752,0.750883311835,0.757718818732,0.738351849903,0.728405257426,0.785862835076,0.771138423331,0.767939286073,0.770958273735,0.778540203964,0.768061217871,0.757877157082,0.751422583004,0.746395992976,0.742108501454,0.73827640118,0.734758360449,0.731477441681,0.728389700151,0.725468770782,0.722697680037,0.720064461025,0.717559840075,0.71517603592,0.712906145192,0.71074383256,0.708683177054,0.706718596848;0.579239891101,0.569932576389,0.563413663641,0.56014546692,0.536988158195,0.529000242964,0.587959485495,0.606100682341,0.619249617349,0.632635529458,0.647798908169,0.660227284992,0.671435686196,0.69016820448,0.702229069272,0.719497908108,0.728645074044,0.718834014189,0.725636037352,0.738270665832,0.734299040362,0.729824904926,0.732057183034,0.742216375771,0.75159451413,0.746960451566,0.775685942261,0.778431659942,0.780297359377,0.774952971756,0.78509709114,0.771428110044,0.760544442287,0.753849119464,0.748597872067,0.744099210808,0.740065614684,0.736352971137,0.732885410084,0.729621746726,0.726538003432,0.723618476505,0.720851426764,0.718227088215,0.715736770261,0.713372461264,0.711126658441,0.708992297087,0.706962720461;0.579554668936,0.571381952926,0.557063958289,0.541866086808,0.553364795419,0.568081794417,0.596464358536,0.613959544576,0.626134814148,0.636792851927,0.647976451451,0.65969832415,0.671637271243,0.683840156058,0.694807102887,0.705120126775,0.710601292756,0.710433160913,0.713706468114,0.748915237587,0.743240554035,0.715659792794,0.679133980641,0.729895472634,0.740809602419,0.754946809101,0.773909774533,0.775362335233,0.78228834199,0.779636048794,0.777476467525,0.770259160303,0.762458703017,0.756038197562,0.750703975638,0.746049783635,0.741829887397,0.737916217281,0.734247076655,0.730791854089,0.727532384141,0.724455113348,0.721548294544,0.718801072857,0.716203213345,0.713745038036,0.711417424584,0.709211814036,0.707120210343;0.577680665156,0.570059110514,0.549455116125,0.465814245642,0.564159075128,0.58821192167,0.607889558451,0.623143845826,0.632097487453,0.638064830622,0.646557247863,0.659501809096,0.672038796203,0.682649705944,0.691572035519,0.698761485701,0.703113714259,0.701420083839,0.642606692283,0.715648216032,0.74215177968,0.718189306245,0.704419136662,0.726982071913,0.732010510608,0.730340420095,0.764102168347,0.771049231674,0.780004638771,0.802084000641,0.78996458845,0.773680106797,0.764805436369,0.758258682751,0.752847492576,0.748056880326,0.743635182378,0.739485047694,0.735577822554,0.731902057406,0.728446640362,0.725198749972,0.722144809638,0.719271318078,0.716565299356,0.714014526413,0.71160762019,0.709334074575,0.707184236022;0.572664848741,0.567871859506,0.5627326773,0.558997914831,0.572514242153,0.596064219049,0.61943351392,0.641392837389,0.640288875036,0.632245484473,0.629526697502,0.659126102967,0.674826871363,0.684370573318,0.691375501895,0.696838964145,0.70093295601,0.702516561498,0.701998741686,0.717941610741,0.731387978905,0.727973722771,0.727469179476,0.733892698364,0.742314322132,0.757347654103,0.766534396388,0.77308335839,0.784911149653,0.814412490901,0.796677769524,0.776666953417,0.767228688539,0.760630489607,0.755223601925,0.750296619168,0.745591676611,0.741109584556,0.736892052082,0.732949406601,0.729270334522,0.725836254051,0.722627435123,0.719624952588,0.716811276283,0.714170431208,0.711687987271,0.709350966675,0.707147713789;0.557393046893,0.550808745741,0.564950597264,0.555754364278,0.533086835128,0.597429408686,0.628058300377,0.703679043691,0.649308484228,0.629349958114,0.585328357841,0.682994193015,0.683549209647,0.691495369364,0.694389803699,0.697037521084,0.700977935497,0.705411050799,0.711750888973,0.725247346839,0.795174488016,0.733611860005,0.733671875611,0.738971709925,0.747486931973,0.759101253462,0.769979730008,0.779579092418,0.789741758645,0.798045714805,0.788790612145,0.778024882207,0.769557535165,0.76336858187,0.758271943479,0.753140291649,0.747868635291,0.74283581159,0.73818872729,0.733918062164,0.729983870825,0.726348175892,0.722978338498,0.719846241684,0.716927534059,0.714201094925,0.711648580445,