LATS2_OAC1=[0.553799210302,0.550317951131,0.546171195627,0.541719494916,0.536658644556,0.529485047545,0.513952230976,0.392682855051,0.503047295107,0.519957761967,0.529139775207,0.566637426385,0.596239570841,0.624430066617,0.683898173767,0.657172541981,0.676368613927,0.671987520827,0.680942115203,0.693178847615,0.703914324653,0.714771793907,0.760529232174,0.705133558641,0.685515313677,0.674859933474,0.666750138821,0.660123356773,0.654653246141,0.650116952155,0.64633474256,0.643165524533,0.640495851309,0.638227554867,0.636268814507,0.634530428312,0.632928142414,0.631390523556,0.62986868365,0.628341585325,0.626812808742,0.62530071432,0.623827747639,0.622413217847,0.621070340282,0.619806186155,0.618622925551,0.617519321199,0.616492009197;0.554302548032,0.549148837661,0.54287563275,0.536969419027,0.530940566696,0.523292034726,0.51050833081,0.488428309685,0.491991534093,0.525404368977,0.547715689631,0.578664417981,0.620100806591,0.677390597289,0.647789856194,0.656934247198,0.6791950723,0.679040680001,0.69650347399,0.7042901557,0.704993923754,0.705463329119,0.705002927539,0.694908943846,0.682692917,0.673197394229,0.665682622201,0.659525879022,0.6543958216,0.65009268996,0.646480741749,0.643457707975,0.640935458999,0.638826679055,0.637036313771,0.635458456123,0.633982000422,0.632507988858,0.630973148714,0.629363520099,0.627706415397,0.626047745438,0.624431245589,0.62288830115,0.621436741569,0.620083739937,0.618829418664,0.61766977751,0.616598699715;0.560913300183,0.5505069932,0.538878411697,0.531412716676,0.524841063547,0.517744364855,0.509207880008,0.491709932702,0.47467431015,0.527741108027,0.543469560335,0.566153850423,0.628121721172,0.631698982827,0.628842431613,0.64388405633,0.663700132231,0.684946812238,0.727094023765,0.727504314672,0.727105164201,0.711633018592,0.707810908783,0.691863592199,0.68063056133,0.671741564122,0.664640287711,0.658840982787,0.653992706028,0.649900516536,0.6464626615,0.643613583222,0.641290814278,0.639417858523,0.637893255389,0.636582942333,0.635324497808,0.633960088991,0.632395298616,0.630636516901,0.62876608851,0.626883633173,0.625065539049,0.62335562944,0.621772191363,0.620317790223,0.618986709844,0.617769525466,0.616655622794;0.614783158848,0.553963310187,0.529759970213,0.523937153261,0.516939479428,0.508952480932,0.503208816298,0.501781940696,0.563982165633,0.535208172772,0.526287914639,0.515584085624,0.581898763032,0.608662676086,0.610813661301,0.629364028081,0.671147778393,0.69144188832,0.766878941496,0.722517018549,0.712336535009,0.714095096349,0.714988936435,0.693171122474,0.679965858855,0.670548538645,0.663670112592,0.658186791416,0.653565289029,0.649626566099,0.646331070495,0.64366370903,0.641591673722,0.640051397564,0.638936381681,0.638073929798,0.63720466558,0.636030404692,0.634376153815,0.632311950123,0.630059860144,0.627823890808,0.625721138785,0.623797170874,0.622057943084,0.620491881175,0.619081383755,0.617808030779,0.616654675246;0.565314829922,0.472586555635,0.506844884677,0.515735921448,0.506488563001,0.48999665376,0.483530356122,0.481643540874,0.411716339845,0.510811467778,0.506860831403,0.473025957032,0.548240634063,0.539196615034,0.592367596884,0.593410944881,0.63988799071,0.705484681266,0.732382496023,0.709418151382,0.700523371714,0.697211014377,0.705836867131,0.708717396094,0.679388423681,0.6692135335,0.662893552046,0.657796446877,0.653284605983,0.649355802785,0.646114992524,0.643614514318,0.641848529236,0.640769433169,0.640284075488,0.64020098208,0.640100926738,0.639305414686,0.637373799983,0.634614690157,0.631646073794,0.628852389029,0.62636081647,0.624176154142,0.622263919737,0.620583127124,0.619096566989,0.617773029948,0.616587005794;0.537716481417,0.499535415837,0.509740194166,0.513317660951,0.497872059172,0.430701496303,0.408860169855,0.474799065631,0.492352882376,0.497738659856,0.454904754065,0.507691640752,0.53370983875,0.557356618513,0.577535285898,0.538998491585,0.615627254086,0.672312953,0.70206486287,0.718184378722,0.699668725628,0.687839318779,0.688873464385,0.687744128539,0.674331370661,0.667605436723,0.662998074543,0.658251065411,0.653414339235,0.649149515563,0.645794711808,0.643428843349,0.642037225238,0.641585321036,0.64204460745,0.643357513488,0.645041230601,0.645264284482,0.642353305059,0.63781888145,0.633496139377,0.629876006045,0.626901377483,0.624431723597,0.622348208659,0.62056315618,0.619013093617,0.617651543703,0.616443805125;0.545629021675,0.533818521003,0.52588690376,0.518243913853,0.503493324698,0.475780093263,0.460933427119,0.486797661602,0.501236183132,0.500359050017,0.490931413618,0.491015111811,0.506333874739,0.490430054882,0.565789756304,0.648490876368,0.618105371944,0.664224362797,0.71236348923,0.774219365796,0.698058577345,0.677304170619,0.671349069588,0.669820486339,0.668159751501,0.667959545497,0.666663973024,0.660867960578,0.654222891414,0.648941723222,0.645249867207,0.643004167873,0.642089218239,0.642467214581,0.64422242758,0.647847220736,0.654401776267,0.659295033502,0.651413247982,0.641891423251,0.635297730901,0.63066734845,0.627204718248,0.624481955306,0.622261543332,0.620401717131,0.618812043711,0.617431591668,0.616217453388;0.562323760039,0.549437630782,0.536218867236,0.525682624281,0.51489044352,0.504153628616,0.499357072889,0.503224283488,0.508556108231,0.508661453917,0.492863535424,0.503781746782,0.509530665391,0.517402022917,0.545642305956,0.565268295774,0.60258596017,0.650785873678,0.681730421659,0.702398557106,0.685347833604,0.659107484013,0.655927703203,0.660814464065,0.664853278119,0.675513912681,0.687066445181,0.667426897642,0.655380479692,0.648325696533,0.644207404109,0.642162460601,0.641897744491,0.643389520189,0.64672152007,0.6527887701,0.669562322101,0.735332461511,0.664719991174,0.64506595459,0.636247779567,0.630876220337,0.627105989662,0.62424284649,0.621958362844,0.620072997898,0.618478409292,0.617104374342,0.615902854674;0.644073551705,0.566405228389,0.543616835804,0.532048254553,0.523111145747,0.515332585803,0.509391780633,0.507731023092,0.51228488843,0.517294080362,0.520477940554,0.523159808961,0.523993052897,0.521699999452,0.522620009787,0.40612865416,0.613033085847,0.678668739848,0.677464686846,0.678020559003,0.666634850972,0.594017945898,0.64276225633,0.657747006677,0.662301106839,0.679766450635,0.716129899272,0.673739987462,0.654846251388,0.646461562625,0.642282104007,0.640668375216,0.641303575364,0.64446996197,0.650318780933,0.657161670818,0.667438913963,0.684895128942,0.660017362703,0.643925307109,0.635514838125,0.630224164835,0.626490400569,0.623660592038,0.621411520534,0.619562856839,0.618004888977,0.616666375246,0.61549865448;0.592725815526,0.564263704479,0.546233338716,0.536100623146,0.528255087043,0.520158115601,0.507385235275,0.486522992612,0.507345416306,0.520919240919,0.530173575484,0.534279739533,0.529024121706,0.494790255499,0.444866128468,0.547027404246,0.609231239921,0.649930919151,0.669234980107,0.65827523859,0.659188613937,0.65092079499,0.688766138349,0.66052656701,0.65820517339,0.666193237082,0.697204029884,0.666196517703,0.649854308706,0.642629051447,0.639191836167,0.638281881902,0.639945325894,0.64553210379,0.65903223773,0.673242633711,0.662591103893,0.656077879673,0.647897667242,0.639521752851,0.633258817998,0.628739266633,0.625362937697,0.622736756452,0.620622815299,0.618873741589,0.617394382603,0.616120706904,0.615008000632;0.561043884464,0.554087289096,0.545472970236,0.53835487178,0.532049038834,0.524619111468,0.509349375344,0.452226852636,0.501979151993,0.511858993823,0.539998664664,0.550982837624,0.542851146262,0.515612980947,0.510147499553,0.554421606485,0.605522709086,0.624716382428,0.697450388947,0.649241789253,0.689235097312,0.662098866035,0.663751270163,0.677895840411,0.652992951909,0.650693451688,0.652155662068,0.647727175793,0.641365324907,0.637111008037,0.63499862919,0.634867275245,0.637168107431,0.643989029848,0.666413254698,0.754585654712,0.660847002323,0.647167228746,0.640304288163,0.634804455134,0.630290843174,0.626696193278,0.623836193503,0.621525856168,0.619622707644,0.618024827929,0.616660160875,