LCK__poly=[0.318454124017,0.324267229888,0.331510275761,0.340649428491,0.3522603146,0.366640404924,0.380163359682,0.386093178082,0.380577799852,0.370996545151,0.401429119074,0.426746583789,0.501893501377,0.511329178483,0.400711536727,0.370664941121,0.37157868811,0.351666714183,0.346210600922,0.348608914677,0.332810274269,0.360866825293,0.394322056388,0.369903943793,0.362100786406,0.352426476516,0.421697778108,0.389015527182,0.379449496439,0.372357832285,0.363827496955,0.353096535061,0.342785593942,0.334156056137,0.327030731792,0.321035988805,0.315876957646,0.311347779893,0.30730685827,0.303655408625,0.300322888979,0.297257631427,0.294420848797,0.291782742696,0.289319917788,0.287013622347,0.284848525667,0.28281185451,0.280892775812;0.31496294997,0.320441543524,0.327813563861,0.337867713325,0.352065445539,0.375758569242,0.42006396616,0.399886545885,0.400897473503,0.405529989048,0.437225009706,0.452490305795,0.442718425387,0.427557101573,0.370983537084,0.311933619179,0.332267241816,0.365857324856,0.302084031908,0.323378219015,0.329656875917,0.403910491275,0.312810020123,0.30230902687,0.340616306559,0.345490756722,0.386859164402,0.406546673444,0.397657110133,0.373520256514,0.358044768811,0.347362471426,0.338145794198,0.330310643635,0.323718406428,0.318103897489,0.313230218451,0.308922587701,0.3050580411,0.301549908204,0.298335924794,0.295370290536,0.292618510119,0.290054008349,0.28765585771,0.28540721731,0.283294241881,0.281305311194,0.279430482688;0.310222820114,0.314518539118,0.321503065612,0.332092221774,0.347051608963,0.37228909171,0.424555138054,0.40766231444,0.43103237036,0.413203635198,0.414851271977,0.454269311069,0.447131306765,0.383424833682,0.335473221516,0.267396181857,0.300667487316,0.310084735058,0.285124485552,0.292031597452,0.312411772679,0.247090602998,0.345695899953,0.363058841204,0.314309169908,0.343437334242,0.370962009452,0.400025316376,0.423367702149,0.369386308126,0.355338735562,0.343229356862,0.333476089083,0.325965171381,0.319877313916,0.314717010894,0.310208120752,0.306186748429,0.302548082638,0.299220811551,0.296154089284,0.293310384095,0.290661236111,0.288184552699,0.285862786642,0.283681668716,0.281629314819,0.279695596959,0.277871702553;0.304061313323,0.304378535447,0.31010692646,0.322786711412,0.336726971605,0.353894627943,0.375356821049,0.42277628783,0.413329730863,0.386104651985,0.385507765255,0.405016831295,0.39928867752,0.3567467936,0.321511130385,0.291293944166,0.283871551745,0.283107630722,0.27886076056,0.296438523545,0.302412799022,0.307406087954,0.337321354032,0.341963918121,0.310128379864,0.33810352161,0.385370318434,0.313293322414,0.33801306022,0.352353070781,0.367477200323,0.339175228942,0.327950326322,0.320951085515,0.315544583033,0.310951760895,0.306881188241,0.303196640287,0.299820441102,0.296701471844,0.293803099259,0.291097843017,0.288564522709,0.286186441419,0.283950109061,0.281844321302,0.279859504148,0.277987260555,0.276220065921;0.297891845619,0.283326176808,0.280847774286,0.311971022376,0.324274457841,0.33623833228,0.351607203341,0.373262901755,0.372837054766,0.35880316139,0.349756925924,0.348883030232,0.346962245073,0.330431054415,0.313754150848,0.301607028157,0.295614831644,0.293380208649,0.293083981506,0.29651358931,0.300065556779,0.303186400157,0.303018482171,0.292741654664,0.27840554321,0.297083139563,0.330412620785,0.33291778931,0.332192374173,0.346234693392,0.349456964961,0.328566753918,0.3203788371,0.31515155497,0.310809847304,0.306915927725,0.303338598708,0.300020555217,0.29692678565,0.294031217805,0.291313126748,0.288755920185,0.286346311568,0.284073513274,0.281928501313,0.279903431943,0.277991233165,0.276185348711,0.274479594291;0.295917400519,0.289960776785,0.292324138074,0.306132222113,0.310338071499,0.316551875772,0.328460959082,0.337266438886,0.338799166852,0.333452572684,0.315412990241,0.307444180561,0.318436969595,0.297557951659,0.292582086541,0.29242035186,0.289147000852,0.290311023315,0.289891207895,0.290189899258,0.2921833884,0.292472930222,0.282233307049,0.277206840979,0.278610703884,0.280810621323,0.310135633254,0.337436664422,0.331560195543,0.325616941746,0.308748226591,0.310470079455,0.311484495522,0.309032558862,0.305939271153,0.302773306258,0.299688949479,0.296734950073,0.293923455688,0.291252776947,0.288716994766,0.28630987392,0.284025971654,0.281860561452,0.279809246228,0.277867632991,0.276031162984,0.274295074478,0.272654446333;0.296248472856,0.298794856975,0.304314806265,0.307264128672,0.290724417796,0.281598860967,0.309661548523,0.315984258819,0.317215663784,0.314799360313,0.309490397338,0.306043466817,0.303200702578,0.292515972361,0.28702974313,0.275319732618,0.270259353598,0.283136537664,0.279815149805,0.272877500092,0.280982216664,0.28315472079,0.279329784457,0.273463964744,0.256947002397,0.271269726861,0.307159286182,0.339222545345,0.348199501248,0.317926488172,0.291541320918,0.300117609026,0.304428459478,0.303509017065,0.301297920864,0.298707468251,0.296041970337,0.293414829337,0.290866378026,0.288409469635,0.286048412074,0.283785654353,0.281623211154,0.279562408308,0.277603460429,0.275745307347,0.273985703085,0.272321444369,0.270748640129;0.295268145669,0.301383389605,0.316872742123,0.332094380422,0.303606560745,0.292575417568,0.297586625809,0.299829354048,0.30003490285,0.298704511663,0.296560616123,0.294595369224,0.292284460137,0.288685513523,0.284855727757,0.280099400021,0.277883758429,0.277438782346,0.270278727474,0.25414373009,0.270766624773,0.274707051017,0.257749414462,0.268214254115,0.257698883158,0.233073908008,0.270230457515,0.31808483881,0.335237428307,0.309018790971,0.299911181721,0.299541041522,0.300027790943,0.299026697279,0.29711538037,0.294843591509,0.292477972361,0.290121609619,0.287806489392,0.285543344734,0.283340802614,0.281208796926,0.279156968604,0.27719287542,0.275321214051,0.27354388411,0.27186047469,0.270268863899,0.268765770697;0.291500201952,0.297981679005,0.322601293524,0.425767831065,0.307679673143,0.290868642175,0.28652458911,0.284541295389,0.283676278483,0.282180459103,0.28053314473,0.280399002756,0.280488676623,0.279928640566,0.278818722409,0.277382450179,0.275919704137,0.272963485581,0.248669701015,0.293574319079,0.31626400059,0.27602353818,0.265730997834,0.269268291679,0.263696237929,0.245874431734,0.271848819222,0.297415598488,0.305776734954,0.279877200982,0.287287181397,0.29647009284,0.296895686619,0.295445206085,0.293390310425,0.291194986433,0.289025012337,0.286897201727,0.284790005632,0.282696119956,0.280627292015,0.278603558698,0.276644188844,0.274763572575,0.272970513281,0.271269060337,0.269659750031,0.268140749577,0.266708749052;0.283857636704,0.285999725209,0.294247658941,0.297517293998,0.285652420771,0.278539161269,0.272338901897,0.263235935767,0.265732230495,0.263008614114,0.256697161464,0.262629298618,0.26668677821,0.269013997707,0.270516349115,0.271380767524,0.271348455867,0.270228861375,0.269020445098,0.277034500553,0.279060280639,0.273011183689,0.271165236306,0.271622022208,0.271416329598,0.267896598056,0.279854743418,0.295665337815,0.30915434619,0.332300003881,0.292319300946,0.296805553507,0.295165678897,0.292535486641,0.289916708277,0.287636194454,0.285654244896,0.283774658011,0.28186897549,0.279914467738,0.277941707585,0.275991803526,0.274098117395,0.272282330295,0.270556100926,0.268923968657,0.267385909376,0.265939190155,0.264579598475;0.270033974866,0.265632277914,0.272575001697,0.26531109834,0.246532501133,0.264120300451,0.259701100664,0.212304045693,0.251075833422,0.247429953389,0.221406364961,0.232420612291,0.250391230724,0.254601935603,0.260083813916,0.264167162531,0.265817439693,0.266145069912,0.265777531137,0.2618953164,0.200767893147,0.264448482989,0.268743007887,0.271863785482,0.276964777789,0.286419894445,0.295340730653,0.301050444708,0.311453444534,0.328578952326,0.308816636896,0.300637685831,0.294648869454,0.289809039103,0.286136488459,0.283822104188,0.282303988643,0.280822997402,0.279127519643,0.277258684972,0.275318514571,0.273390205008,0.271525439394,0.269751068023,0.268078079573,0.266508364658,