LEFTY1__poly=[0.420638615889,0.423265369268,0.425146629893,0.426132738025,0.426076765898,0.424841634171,0.42430341833,0.425368834032,0.406261073471,0.477344492319,0.46006185739,0.445469166492,0.41114368983,0.479528937919,0.504096721645,0.444806141197,0.436533943313,0.526447942156,0.577197200889,0.592764405343,0.625403050314,0.612056792494,0.575956701708,0.600149711989,0.595895033478,0.594622945828,0.523691787896,0.549668670292,0.550848204795,0.544165455654,0.533984452408,0.521113463801,0.508160801402,0.496455128643,0.486073279703,0.476837955565,0.468570623522,0.461125301924,0.454385286142,0.448256183836,0.44266032399,0.437532794219,0.432818681976,0.428471119922,0.424449852717,0.420720143235,0.417251906344,0.414019002906,0.410998653092;0.419678618168,0.422438529088,0.423768407084,0.423428763643,0.421121803939,0.413786915117,0.393864883995,0.420104078383,0.437333473608,0.44981874619,0.429577631438,0.429316587751,0.451521921418,0.475468384615,0.474126404204,0.436131471375,0.492159420972,0.559151035668,0.593239161728,0.565213473226,0.604249109367,0.635294633671,0.632939949221,0.637786638004,0.576595208617,0.581583744326,0.557515566386,0.569986854582,0.567556142033,0.549133441968,0.533245202809,0.519229438375,0.506078178073,0.494187727315,0.483616920644,0.474231325541,0.465863961518,0.458364665186,0.451608214236,0.445491648655,0.439929895144,0.43485198894,0.430198207067,0.425917939623,0.421968078243,0.418311756567,0.414917336662,0.411757576359,0.408808937002;0.419979615056,0.423947478016,0.424810218035,0.422380200804,0.41817973183,0.409505756885,0.385683827217,0.415949143515,0.460363843703,0.455364499526,0.443401215704,0.443057696753,0.458233221361,0.466375085372,0.460492845764,0.448135985721,0.519873029652,0.553359889729,0.528072614196,0.516320922316,0.57123789291,0.680859767728,0.557290884256,0.543418260249,0.600425357378,0.568741593938,0.565898156157,0.573431087569,0.592925400204,0.556410836643,0.537259770135,0.519260734787,0.504086178131,0.491365034289,0.480434320742,0.470892090673,0.46247219298,0.454981172635,0.448271435613,0.442226657955,0.436752858351,0.431772738703,0.427221964718,0.423046582965,0.419201112777,0.415647061945,0.4123517321,0.409287239609,0.406429706999;0.422174489731,0.432116193387,0.433012255906,0.423602198087,0.416720122866,0.411924570909,0.408103585583,0.390459245541,0.413208743462,0.441312907161,0.44993025345,0.4598094728,0.466273291689,0.462881325304,0.462490788508,0.489796533694,0.529874985296,0.543650923231,0.52683965538,0.523751799676,0.546267579324,0.555180482091,0.525279176481,0.503081678323,0.54843064363,0.573387088746,0.58025788639,0.487628732215,0.551752283805,0.583775094358,0.553260832516,0.519638729829,0.501402957311,0.487684511354,0.476386563126,0.46674295018,0.458346146043,0.450941178694,0.444351413289,0.438445034045,0.433118668242,0.428288834682,0.423887027129,0.419856533848,0.416150150179,0.412728413026,0.409558187616,0.406611519736,0.403864700393;0.424120165117,0.460826762962,0.473770468102,0.424374850684,0.412822725977,0.409403228941,0.409135453213,0.406685676155,0.418431127816,0.438730250054,0.457853309539,0.464799715464,0.457426357591,0.454255308105,0.459907186197,0.475606910068,0.492596045837,0.504684107939,0.509588183244,0.51285038744,0.518668793729,0.519232538893,0.510331726245,0.524584211145,0.564328624411,0.566435974946,0.547614529564,0.535034750135,0.541156978257,0.556383008424,0.543723662694,0.5161228289,0.49710487954,0.482757436114,0.471286310632,0.461688375199,0.453432719491,0.446212889204,0.439828790207,0.434135739577,0.429022236814,0.42439946758,0.42019557262,0.416351951571,0.412820565503,0.409561839151,0.406542990434,0.403736693532,0.401120010893;0.418209198769,0.437717343063,0.439275774721,0.414283279599,0.401034217594,0.398935501424,0.406168692798,0.413014378555,0.422542476551,0.436964867524,0.470259310841,0.48218428631,0.449363955222,0.425999963485,0.435130305657,0.454434546331,0.467366760417,0.483816942197,0.493638066532,0.498398390364,0.499879331733,0.499300951054,0.485047289207,0.48854771063,0.501734348066,0.502624660251,0.572176119563,0.537470558405,0.527523491926,0.528202203116,0.539195038892,0.514286544056,0.491045418442,0.476280261112,0.464980404655,0.45565255039,0.447690197088,0.440772251692,0.43469093469,0.429294381008,0.424465102449,0.420110216397,0.416155705039,0.412542318495,0.409222402364,0.406157395194,0.403315859386,0.400671942396,0.39820418157;0.40834683459,0.411955784346,0.408454278301,0.398028313619,0.374052585168,0.363213375286,0.399795477242,0.409931508599,0.418290126882,0.428293032181,0.440340780885,0.444830236354,0.439460794126,0.429830946734,0.432829042655,0.428147809208,0.433792346556,0.469716042796,0.485412094127,0.494723049978,0.482341374578,0.486511324136,0.489085249186,0.493305805508,0.509747398617,0.476298613819,0.508521213278,0.523701168919,0.528301673746,0.513339433435,0.533360644387,0.504189289668,0.481647933321,0.468008026783,0.457418270773,0.448609042517,0.44109739018,0.434605574596,0.428933263597,0.423924506669,0.419456744724,0.415434222555,0.411782394592,0.408443133721,0.405370849419,0.402529465955,0.399890122003,0.397429440124,0.395128232961;0.401311930106,0.400659219694,0.391449367225,0.377651434882,0.380255730161,0.384017193343,0.397082112116,0.404360156923,0.410421435116,0.416910793883,0.423515983607,0.428487516665,0.43101805511,0.432573342256,0.435447059189,0.438202978435,0.446629771263,0.462738902149,0.481057542497,0.481345372439,0.446372178946,0.47838416401,0.510606621239,0.481489818436,0.471189277361,0.394711196471,0.436454030788,0.489794646724,0.506932670222,0.491295520718,0.488178379708,0.481287626597,0.469426409602,0.458298362267,0.448724531554,0.440577161734,0.433643478264,0.427704293423,0.422558329432,0.418038735855,0.414016220151,0.410393646937,0.40709855898,0.40407662898,0.401286666759,0.398696985217,0.396282795078,0.394024346667,0.39190560637;0.398614824119,0.397761820086,0.384269394118,0.324224022273,0.386964710791,0.393323342535,0.395024768575,0.396359792952,0.399760033827,0.403641733102,0.408247977214,0.415191851329,0.422263929475,0.428090883807,0.432799742583,0.43746570306,0.444201321852,0.455718656457,0.509118054394,0.448256737962,0.422912956983,0.458943683749,0.475161242365,0.459387404089,0.439338464751,0.398488991742,0.429402296317,0.461795430722,0.476118555225,0.454947861811,0.471019872577,0.468470342111,0.45810626487,0.447970357901,0.439056346554,0.43153978003,0.425290125736,0.420052743312,0.415574847036,0.411661131036,0.408174735589,0.405021586395,0.402136277014,0.399472440606,0.396996489553,0.394683507975,0.392514522204,0.390474675002,0.388552000295;0.401723916453,0.40431254968,0.400205821151,0.399532440014,0.404343842999,0.398982727589,0.389860872525,0.378104970523,0.384814492138,0.385606339183,0.382356666928,0.398564928072,0.413023877447,0.423563500837,0.428998868972,0.432353576413,0.436301737884,0.441773506793,0.446794027249,0.434112802812,0.424552604787,0.43594756965,0.4425388962,0.439998877493,0.431247593696,0.416136519449,0.428009699134,0.450477555396,0.472446808164,0.527351961637,0.491526639583,0.461678867428,0.447948664459,0.437084191027,0.428228511214,0.421286594911,0.415918345321,0.411621275899,0.408003547032,0.404833457062,0.401979847352,0.39936447124,0.396937990868,0.394668085715,0.392532888268,0.39051704991,0.388609311022,0.386800994981,0.385085078453;0.41681663352,0.427531030449,0.414908402789,0.428845555635,0.460886544794,0.406981237599,0.386122482071,0.313914363724,0.373062746515,0.371740344945,0.338146847831,0.363281669059,0.405298895003,0.427176935624,0.428378453791,0.42654729074,0.426954833344,0.427781358915,0.425911804119,0.413961525377,0.314749409494,0.416704208184,0.424251629951,0.424698478042,0.421902592164,0.418897057571,0.42539049006,0.442539273615,0.463682453132,0.489915059964,0.473147024874,0.453439079061,0.437263321622,0.424707020624,0.41534463811,0.409201656057,0.405301491234,0.402393662503,0.399899594585,0.397626914427,0.39550091809,0.393484406344,0.391557296898,0.389708976331,0.387934015447,