LIN28A_OAC1=[0.430522217609,0.437313534166,0.445246673828,0.454292827313,0.46515589065,0.479728911011,0.504163228556,0.629082590134,0.533194570067,0.522907662663,0.521042269355,0.498571713023,0.489823771895,0.495446714992,0.587081703606,0.540013967369,0.54728202934,0.522550275821,0.520698784438,0.530887956912,0.542107620967,0.554688158873,0.623037374493,0.532445163678,0.49811422014,0.478195131112,0.462655828463,0.449889604619,0.439409058535,0.430838558981,0.42383328653,0.418093575781,0.413364689658,0.409426676634,0.406083210532,0.403154955588,0.400481131209,0.397929804406,0.395411508156,0.392886135119,0.390356363848,0.387850687903,0.38540533239,0.383052046573,0.380813000046,0.378700521022,0.376719010359,0.374867307735,0.373140738341;0.425583596002,0.432998688356,0.441642404111,0.450389489051,0.460098218869,0.472602462702,0.491433482475,0.519895013537,0.52272727886,0.496934767087,0.484263065352,0.468460596998,0.448701252843,0.409716709996,0.492305377202,0.506231353047,0.522022323997,0.498370831508,0.489496523861,0.502275072594,0.518762734118,0.523450433583,0.522818526005,0.505237301547,0.483622976348,0.466259229808,0.452268809334,0.440846116122,0.431535847192,0.423991633266,0.41790895431,0.413019735184,0.409089419498,0.405906464419,0.403268642304,0.400973681449,0.398823500854,0.396648378179,0.39434235257,0.391883334083,0.389318444924,0.386725954014,0.384180735392,0.381737347128,0.379427939556,0.377266955203,0.375257018233,0.373393731187,0.371668971462;0.41538342074,0.426744177699,0.438844095507,0.446918480069,0.454595140197,0.463831800845,0.476225837582,0.499340623233,0.522008876961,0.473763378422,0.464292036126,0.457073269909,0.440907602081,0.46068802951,0.456754842197,0.460945492394,0.46568261204,0.475013764612,0.466579378054,0.499024804327,0.535156404125,0.518081543922,0.514791300468,0.488946141268,0.46970401077,0.453848643028,0.441020921783,0.430778865438,0.42266149718,0.416273379375,0.411286628778,0.407434205676,0.404494498613,0.402267318413,0.400545950167,0.399092840102,0.397637457994,0.395924508413,0.393806943978,0.391304957459,0.388563437719,0.385754646638,0.38301145269,0.380412125087,0.377992074339,0.375760134386,0.373710900644,0.371832329414,0.370109946138;0.362026091885,0.42017034347,0.441882389568,0.445352610871,0.450003231398,0.456164986102,0.462913633391,0.470315929686,0.417013288306,0.445619851773,0.446994491578,0.45062949666,0.43935650027,0.421672255653,0.426779340166,0.43074465038,0.419883323884,0.452665916503,0.565138507776,0.497192056726,0.496032719947,0.50882884918,0.515148530666,0.479934434245,0.457593973004,0.440894328406,0.428659938768,0.419552341237,0.412761862232,0.407726005557,0.404041690729,0.401430396089,0.399693441304,0.398661559923,0.398141504804,0.397854403567,0.397388750655,0.396273257814,0.394241632683,0.391431266574,0.388227211223,0.384980676005,0.381896210634,0.379058120633,0.376483816817,0.374160625461,0.372064987688,0.370171201443,0.368454986641;0.407522184581,0.501455637761,0.460158692355,0.444960631581,0.447355056149,0.45448861048,0.452783722856,0.466369367095,0.555819428636,0.45209657266,0.440709579635,0.393098022289,0.414589996301,0.326069987205,0.40278403068,0.44359547036,0.430003699315,0.394963238899,0.414474473027,0.455691125199,0.459486277278,0.466620379197,0.488664289553,0.49605155556,0.445039370116,0.426105271612,0.414535180131,0.406840528425,0.401730491859,0.398372007306,0.396253956187,0.395109740589,0.394806454282,0.395255543713,0.396337662439,0.397782299648,0.398939594319,0.398725889615,0.396451972647,0.392668906272,0.388431004264,0.384395405355,0.380787070372,0.377625181125,0.374862002546,0.372437635862,0.370297279944,0.368395078156,0.366693757725;0.432947909177,0.469690333098,0.45233312626,0.439815816674,0.444369526839,0.496007333655,0.410346531895,0.435284726788,0.449622992997,0.45270850608,0.500764738067,0.441645701515,0.417570300953,0.397467964087,0.414358013265,0.490831565663,0.435491803528,0.410181966106,0.414675630107,0.43675813777,0.435776729598,0.437962173725,0.449776597744,0.449651598959,0.423497239118,0.407559759899,0.397615688336,0.392097645812,0.38942753852,0.388270882454,0.388038361361,0.388588061097,0.389949135191,0.392197805047,0.395418595642,0.399624637189,0.404092324028,0.405826510815,0.402102847227,0.395511221623,0.389151172255,0.383860382112,0.379557743851,0.376021445711,0.373064435043,0.370550169389,0.368381101485,0.366486804758,0.36481542995;0.429792746741,0.435366877646,0.432886285125,0.429177668069,0.431241130792,0.439848208802,0.416528858649,0.418762330523,0.427335240905,0.437135787308,0.461818637021,0.466805831551,0.428517397876,0.364796654675,0.40950035189,0.503908305893,0.40907085687,0.414919576978,0.429906915205,0.350914596861,0.412912162978,0.414362275444,0.414329827195,0.409058153368,0.397562169709,0.384652432464,0.375777073434,0.374364801546,0.375833232956,0.377635562633,0.379587800916,0.381998309964,0.385219746596,0.389583810912,0.395502413385,0.403989786099,0.416952254644,0.42673504578,0.414784213186,0.3999401514,0.389885918183,0.383008571699,0.377986843607,0.374117337977,0.371014750972,0.368452663637,0.366289085415,0.364430028984,0.362810469746;0.43723518207,0.431240734707,0.42277622245,0.4176259886,0.415193670242,0.412959510356,0.408172547177,0.406511501524,0.409466719626,0.414528816428,0.415556461847,0.440117634078,0.414951444161,0.380393249592,0.378867689083,0.369118844243,0.358570248454,0.368084736472,0.379989174407,0.396332057715,0.406359924184,0.400981651438,0.395019116164,0.385187849464,0.374413714416,0.355449739948,0.336601827131,0.352554480059,0.361623653619,0.367010005137,0.371192901192,0.375465707746,0.380683213949,0.387520460478,0.396525892975,0.409466470812,0.439992776139,0.552781834979,0.434875234855,0.403015356107,0.389298146892,0.381259165262,0.375803132269,0.371776462744,0.368640468654,0.366105297501,0.363999138831,0.36221273548,0.360672787173;0.53333251569,0.43839343002,0.41533327267,0.406683874947,0.401496530303,0.396646432234,0.391139636306,0.387694410669,0.3898886924,0.394604057392,0.399341349275,0.400394909511,0.391851140516,0.379103252264,0.357138555243,0.245928675836,0.274041810734,0.289370915411,0.323769181248,0.370188312988,0.38277792697,0.431266690649,0.380208923707,0.365129541692,0.356636209331,0.333206703729,0.291458395177,0.331764234231,0.349079595377,0.357270927038,0.363153187028,0.369015703919,0.376275643041,0.386325341483,0.399890057222,0.414351624527,0.434061583975,0.465464475945,0.424805909287,0.398959941339,0.385980214559,0.378141270928,0.372813621436,0.36890950535,0.365897556094,0.363486058782,0.361500761049,0.35983073257,0.358401743995;0.457040528059,0.424014512208,0.404818425992,0.395742113595,0.389289412279,0.382259069134,0.370870144697,0.353044795959,0.365662993264,0.373927434287,0.380155284451,0.382617906048,0.379186749211,0.385134645421,0.340824561597,0.32146842512,0.294354438291,0.283758767633,0.284826702521,0.316125665295,0.329409310745,0.344561521362,0.316309978088,0.351634432227,0.34660076973,0.331308552765,0.296809981346,0.325230054366,0.340755987566,0.349010462932,0.355552614829,0.362436374277,0.371449105918,0.385733130781,0.412552314078,0.439685325468,0.423676901337,0.414479736599,0.402229744452,0.389484275415,0.380178316579,0.373692374712,0.369022345079,0.365517265752,0.362788483778,0.360599188513,0.358799326166,0.357289959006,0.356003453102;0.406128191574,0.400246356731,0.391781398701,0.384837758652,0.378491035718,0.370761002901,0.356613625784,0.312792863743,0.342641635758,0.345789708011,0.364753727063,0.3776155146,0.37387134085,0.357832095922,0.336839502593,0.31765338911,0.286933048244,0.270888622536,0.202402150167,0.277967798234,0.264080331616,0.303605629962,0.340554525318,0.384986232884,0.341729908249,0.330168570756,0.324860574479,0.328267580265,0.335235083827,0.341774638956,0.348135254115,0.355313870774,0.364956349039,0.381188222609,0.423408112462,0.577774767536,0.418773811547,0.397336289288,0.387369146403,0.3795460447,0.373243839196,0.368365222065,0.364612916081,0.361687947221,0.359362414822,0.357475767407,