LIN28A__poly=[0.692835276623,0.700499577714,0.708718944539,0.717825947917,0.728412699713,0.741122528627,0.755445599482,0.771788173985,0.802035593791,0.817049208293,0.806472109022,0.813315411812,0.845503455932,0.878031714825,0.839446764817,0.844612429458,0.838133734176,0.804818397421,0.792426549829,0.779730917463,0.775118171457,0.730492436853,0.733772157866,0.730292254974,0.742710147753,0.75585034121,0.761889752801,0.733038075983,0.71986728258,0.709483313631,0.699002614626,0.68794940331,0.677667106646,0.668820160846,0.661303505034,0.654873618873,0.649311176948,0.644441071099,0.640127337324,0.636265195569,0.632773967158,0.62959135656,0.626668990843,0.623969006131,0.621461468484,0.619122441769,0.616932547491,0.614875893491,0.612939276608;0.69251770063,0.700504760803,0.708788079196,0.717838508948,0.728880674682,0.744718081623,0.77029435188,0.774355426001,0.796366331079,0.797226327425,0.805882770828,0.813368311072,0.817125396138,0.82322347526,0.818642505739,0.828031824038,0.796018759071,0.734839322349,0.785238797948,0.76985834524,0.77068225553,0.769235002851,0.642909006495,0.624540112229,0.737210455004,0.744853491602,0.741392734675,0.737825444854,0.727188372419,0.709285190442,0.694721229995,0.682839626533,0.67259108245,0.663920477992,0.656633564118,0.650467341034,0.645182404709,0.640586528742,0.636532497181,0.632909651594,0.629635249376,0.626647267713,0.623898859219,0.62135423702,0.618985680467,0.616771378451,0.61469388254,0.612738997519,0.610894983118;0.692473541522,0.701222799587,0.709350327872,0.717348670741,0.727330196568,0.742494990503,0.769531678382,0.770183832665,0.786794673885,0.784957518836,0.7887436315,0.806686145643,0.809750692335,0.797351375998,0.802057344811,0.825695116637,0.781242551323,0.734425129671,0.762014473753,0.76797959921,0.756357905724,0.807733522749,0.732843161443,0.734343032357,0.780773765881,0.723895489435,0.714276088324,0.733511306546,0.741790979964,0.709598158288,0.692259537855,0.67790873999,0.666755308492,0.658066378352,0.651083633014,0.645320884281,0.640450692879,0.636244607303,0.632541931083,0.629229241664,0.626225975581,0.623474296278,0.620932064534,0.618568012317,0.61635844941,0.614285020197,0.612333173065,0.610491110917,0.608749066102;0.693107519951,0.705048278615,0.713085297348,0.717114807003,0.724049585432,0.734241237744,0.747107357156,0.770922423048,0.772379249249,0.767224155221,0.772199421854,0.783470275725,0.785310977695,0.77696393095,0.779021734691,0.782358037094,0.767059741471,0.721117133056,0.74067450609,0.740333254204,0.738752930503,0.737355837468,0.728835998101,0.71331756302,0.724525822191,0.695382486893,0.651659526573,0.730435999707,0.715103914764,0.720721096625,0.696055375708,0.671866611105,0.659514879652,0.651017371173,0.644576448546,0.639428365007,0.635142134881,0.631453967243,0.62819698595,0.625263201067,0.622581236631,0.620102819664,0.617794427752,0.61563207023,0.613598003399,0.611678648405,0.609863260413,0.608143069196,0.606510717217;0.693377905544,0.719466192273,0.733452135972,0.717218738767,0.720804312925,0.727503703034,0.735717261097,0.747410690226,0.75156660972,0.752478253923,0.75966092417,0.763583893606,0.760148820663,0.757161720675,0.752383500635,0.744348827747,0.733402949086,0.722522840816,0.718868282912,0.716896040404,0.714681089131,0.7126945874,0.71176316202,0.704070193227,0.720995656415,0.701977959233,0.670506339612,0.676369672053,0.682679237728,0.689733431321,0.680044128067,0.661592051319,0.650167744627,0.642530391,0.637060138274,0.632823494455,0.62932208601,0.626285983376,0.623564094644,0.621069177009,0.618749323014,0.61657257264,0.614518384893,0.612572841907,0.610725928457,0.60896997784,0.607298777804,0.605707052178,0.604190157444;0.689268281775,0.707038096939,0.716442251205,0.714220121291,0.720208376193,0.724850730124,0.726105474738,0.729708197296,0.733494190558,0.738086711801,0.752298182305,0.757409274922,0.743254440917,0.749405284969,0.736923242576,0.711489292228,0.701242443328,0.70192702657,0.697845015538,0.693711747161,0.692620628933,0.692405094007,0.700727380895,0.701409355578,0.69404751122,0.678127019319,0.618113066101,0.651054702799,0.647447690425,0.652564552189,0.664849654906,0.650891851012,0.638619225927,0.632509387573,0.628594581902,0.62562699599,0.623118648931,0.620855354918,0.618738859091,0.616724149952,0.614791229643,0.612931619973,0.611141854235,0.609420400685,0.607766266894,0.606178414173,0.604655552935,0.603196109414,0.601798262432;0.682711690624,0.693391840403,0.702813059629,0.710823762587,0.729189665327,0.739859484256,0.718474707415,0.717718478267,0.719893105457,0.72319427868,0.727472025745,0.728166168297,0.725162712072,0.72492338887,0.712153006519,0.667790787573,0.651604445481,0.681333762117,0.672591151839,0.656781963367,0.670318667266,0.668437601653,0.667932286505,0.674942356502,0.688633473435,0.651781210327,0.626454805633,0.614834801889,0.596770428076,0.620017102552,0.646166758859,0.632463457293,0.623828154785,0.621044699928,0.619445742558,0.618094762416,0.616742593139,0.615326600267,0.613846586711,0.612322608523,0.610778168607,0.609233948636,0.607706175912,0.606206800066,0.604744217583,0.603324054038,0.601949844529,0.600623578523,0.59934611863;0.676846284278,0.686895170025,0.700494380233,0.714680521105,0.715220379705,0.714837286906,0.70831554481,0.707302505567,0.708426060241,0.710156788398,0.711432888985,0.710856668426,0.708222517178,0.703522149369,0.693994246656,0.678408241586,0.670709692136,0.671175029302,0.659911885857,0.631023838844,0.659216497904,0.638709397314,0.605360467103,0.647945141834,0.658833861121,0.655284669671,0.600409971654,0.589953146881,0.571779526637,0.582034346899,0.591374133395,0.601680380463,0.606457229247,0.608941289012,0.610206860729,0.610647147657,0.610492053671,0.609910705544,0.609036408161,0.60797056176,0.606786455197,0.605535447386,0.604253080148,0.602963833696,0.60168449543,0.600426485914,0.59919746367,0.598002437688,0.596844542319;0.671664760876,0.681378711956,0.698491786034,0.749548480026,0.703568014132,0.698992034257,0.698069596279,0.698854823672,0.699458943597,0.700579447424,0.701230704335,0.699236592254,0.695415390235,0.690136093079,0.68303728245,0.674988695139,0.668866149829,0.665995481836,0.688158494499,0.633456618268,0.606934641623,0.62610921678,0.613555119653,0.627528317201,0.628430551562,0.608327143308,0.587132803963,0.580432995425,0.561430570417,0.507112144495,0.538326289613,0.575929504666,0.590629080239,0.597847359763,0.601766100065,0.603841901884,0.604733639162,0.60484866019,0.604467172289,0.603774596882,0.602889596761,0.601888376351,0.600820863319,0.599720391384,0.598609494008,0.597503503011,0.596412862737,0.595344652716,0.594303605115;0.667745231294,0.675794817054,0.684364648731,0.69261123893,0.692388829691,0.689049015068,0.690809405453,0.69873556198,0.694323242866,0.696097060159,0.70212627568,0.693839364762,0.686969671688,0.680731926754,0.673945409719,0.666982298353,0.661100514343,0.656865121005,0.653387161584,0.640616378994,0.632331970979,0.627454848186,0.620476838822,0.615708446882,0.606729540925,0.580773872508,0.572058630656,0.563826839527,0.538437864513,0.467177630136,0.512962615751,0.561173115159,0.57957197805,0.589321073845,0.595069475301,0.598316245694,0.599872092958,0.600382721934,0.600284424131,0.599826151308,0.599148196904,0.598334934823,0.597440240917,0.596499745028,0.595537483051,0.594569887542,0.593608301035,0.592660593133,0.591732216722;0.669375213447,0.678311791661,0.675557110652,0.686754812163,0.706104179101,0.680271600753,0.681738118247,0.737346140125,0.686566782966,0.688336393886,0.71954464874,0.705548224369,0.683004473769,0.676663066497,0.667130484778,0.658139521937,0.651590231879,0.646495689454,0.642364607482,0.643030508363,0.721867058532,0.626223871108,0.613470464652,0.604543439831,0.595130573559,0.584095314432,0.568697644458,0.543981197968,0.52081610247,0.505735709114,0.534296749947,0.558947532295,0.573935906727,0.584143507838,0.591109996285,0.594871186036,0.59633303716,0.59670976684,0.596587235548,0.596182763032,0.595599479688,0.594901132739,0.594130618044,0.593317223783,0.592481132358,0.591636453852,