LOX_OAC1=[0.260308110924,0.255917353549,0.25183813004,0.247418309956,0.241981630375,0.234628876153,0.22269801262,0.165888088005,0.208137730447,0.212421269822,0.212466837965,0.219207783766,0.215431158796,0.202488222497,0.172760198118,0.196226879524,0.193868859432,0.203688123928,0.202515290643,0.200063056436,0.201555500231,0.201553598521,0.174075722631,0.219283577544,0.238545400899,0.251138489017,0.261862483472,0.271544630925,0.280438969184,0.288708725967,0.296473381027,0.3038091308,0.310753133746,0.317309243171,0.323453593481,0.329142153503,0.334323519068,0.338957637392,0.34303497736,0.346586089229,0.349675572102,0.352384943357,0.354794840804,0.356973819994,0.358974643142,0.360835393266,0.362582526324,0.364234092197,0.365802394338;0.25507603861,0.25085818051,0.24771080404,0.244090576517,0.239127153897,0.232206291985,0.222057130609,0.207636295202,0.205232538018,0.21759082628,0.225420273267,0.229173119377,0.223334286941,0.194055040363,0.209463387698,0.206949252824,0.201929749491,0.213365644292,0.21141040639,0.211643622651,0.214561356818,0.217365533743,0.220933311982,0.231902509849,0.2448158041,0.255979316979,0.265905986017,0.275041511045,0.283616924953,0.291763201263,0.299556671148,0.307035258425,0.314205016063,0.321041154235,0.327486551384,0.3334535764,0.338838193657,0.343552507959,0.347565783128,0.35092595015,0.353742943825,0.356148293026,0.358260153102,0.360167788309,0.361931533206,0.363589325435,0.365163929456,0.366668617486,0.368111033996;0.245025850601,0.242282492594,0.242388277693,0.2406598437,0.236590728308,0.230427559452,0.221975332541,0.207636517291,0.192836623943,0.217814312901,0.233108651452,0.251715471848,0.263168454106,0.263165058596,0.229735428669,0.217236899483,0.218537546544,0.226373101795,0.215130444146,0.216536658376,0.212108093872,0.222283160413,0.225558729776,0.239500794762,0.250731642621,0.260835153356,0.270084044612,0.278758887165,0.28707617625,0.295150485171,0.303027253818,0.310714308507,0.318194052376,0.325419315403,0.332299717148,0.338688092521,0.344388012998,0.349212186542,0.353083476265,0.356093886075,0.358454512758,0.360391578782,0.362078884708,0.363625630346,0.365091608286,0.366505941694,0.367880865217,0.369220109653,0.370523535762;0.206882736774,0.225673381541,0.235434218052,0.237255244847,0.233974018303,0.227906863482,0.220667356839,0.210477973301,0.182192915745,0.213288069796,0.233663750586,0.269597982641,0.289124848494,0.270056017761,0.233524641229,0.200060105068,0.213963170676,0.245928818482,0.284813413784,0.255048172152,0.237950183305,0.229328765037,0.226273163641,0.243546338476,0.255481179631,0.26547466684,0.274234440684,0.28251117929,0.290648769131,0.298747208457,0.306808573856,0.314812177688,0.322730695048,0.330514360545,0.338056341089,0.34514101582,0.351405020591,0.356424391797,0.359997197805,0.362341917578,0.363919396908,0.36513570062,0.366231073098,0.367314204427,0.368421361641,0.369556072021,0.370709506591,0.37186965945,0.373025065557;0.222457016681,0.198934191565,0.227038782623,0.235100443368,0.231080079365,0.221701821058,0.215228068744,0.208391989149,0.171013804397,0.218501123995,0.227870901855,0.220533228039,0.254369865662,0.322280893374,0.234906603103,0.203284078557,0.231244700879,0.291405438456,0.279155290754,0.271574788541,0.259006195983,0.251051131489,0.239163997649,0.23549449408,0.259853489052,0.270078991712,0.278155135986,0.286022816221,0.29412060065,0.302420123064,0.31082664365,0.319295928171,0.327822655645,0.336399605803,0.34496352465,0.353280304169,0.360714825308,0.366192025044,0.369078447097,0.370037844895,0.370223346548,0.37034379032,0.370647412521,0.371167108682,0.371866882805,0.372698532895,0.37361907211,0.374594352314,0.37559847905;0.241326936439,0.224776920596,0.233074764617,0.236760071239,0.229663760021,0.197449999925,0.185477703469,0.212828806159,0.219594072042,0.225170037537,0.210249296562,0.233269764117,0.237961892295,0.236593794183,0.225362993158,0.196944224106,0.229592896209,0.264591493151,0.2808540307,0.284529855678,0.274138097143,0.265807680154,0.257569057947,0.256273166653,0.267499413771,0.274702777321,0.2812136441,0.288736248252,0.297195317628,0.306044208056,0.31502907759,0.324140494328,0.333467288647,0.34312116099,0.353214436585,0.363781139866,0.374082568566,0.381039618613,0.38194627012,0.379617871568,0.377297252103,0.375846131028,0.375180094228,0.375076746491,0.375353620473,0.375882034009,0.376573937808,0.377369035037,0.378225667582;0.25127753793,0.245734939126,0.244184898525,0.242030955334,0.235110229954,0.22108082902,0.212625361391,0.223232207255,0.230362519244,0.235486973217,0.251418334567,0.236673889351,0.223860697336,0.203669975387,0.213696120603,0.182908005521,0.225452584827,0.240224648596,0.268626264462,0.417153392675,0.288446753025,0.277745439364,0.275095066173,0.274293267993,0.275882195638,0.277554706602,0.281130992229,0.289466560162,0.299564600587,0.309591376381,0.319426301979,0.329337961062,0.339646724898,0.350668590432,0.36281570686,0.377131366747,0.395561315147,0.410165322797,0.402103185761,0.390974569729,0.384589344861,0.381248451735,0.379590545507,0.378900734147,0.378794491108,0.379051459405,0.379537966843,0.380169197489,0.380889464464;0.252244670175,0.251119980306,0.250886025676,0.248383226944,0.243438326218,0.237235228118,0.233318080249,0.233723232072,0.236325663817,0.24101455041,0.253090694943,0.242401123171,0.224223374281,0.214735007812,0.212209123268,0.206620309938,0.213570530569,0.228134308434,0.253197783256,0.278980475828,0.276910739642,0.290441368384,0.290567931324,0.285268953799,0.282182935096,0.27437018762,0.266633857452,0.2865917174,0.301428113582,0.313322174522,0.324133891943,0.334889753029,0.346324754985,0.359054204046,0.373589123662,0.391706839446,0.427303374344,0.54574303658,0.429628840226,0.401067783235,0.390736243353,0.385959567977,0.383599601359,0.382494607106,0.382108583785,0.382158410479,0.382480559045,0.382974540155,0.383575810625;0.211565451535,0.250523840932,0.256214436824,0.254668415183,0.250583362419,0.245372901726,0.240280716757,0.237122779021,0.237491044926,0.239431294806,0.240743155383,0.236245742295,0.227430897108,0.217323766853,0.20728989899,0.150129916259,0.175757084021,0.193633749731,0.223859587973,0.246604580249,0.269680027112,0.353826471139,0.307784700155,0.293335404354,0.289195045008,0.274208961732,0.244246950512,0.28359198648,0.30449083832,0.317885149055,0.32933397429,0.340738820498,0.353362664462,0.368522505836,0.386870698722,0.405680144109,0.429341159045,0.464244342585,0.426754901268,0.404185619158,0.394366447276,0.38952191014,0.387016045873,0.385765129799,0.385245158051,0.38517287263,0.385382713347,0.385772306282,0.386275674167;0.248515404018,0.259281017096,0.262935161339,0.261111151708,0.256828564246,0.250623425607,0.241154409566,0.227442303683,0.233043712284,0.235263086961,0.235407247938,0.23265431017,0.226055738455,0.207049657146,0.179666023421,0.206458962101,0.201345464774,0.202550064965,0.210292228475,0.24019380224,0.262388205544,0.290867450089,0.273114537391,0.304776538584,0.30093627285,0.289717980475,0.262744518855,0.292247079856,0.311148447122,0.323853688567,0.335099001663,0.346653019954,0.36017311094,0.378729434022,0.409503480289,0.440066459096,0.427256136914,0.421161137734,0.411971183093,0.402233165386,0.395788536964,0.391993675226,0.389848066529,0.388709821894,0.38819990453,0.388090698531,0.388240778704,0.388559290464,0.388986183498;0.274350056146,0.272481876153,0.271093082524,0.268023262776,0.263172768187,0.256091677288,0.243849758356,0.211023525288,0.227096331468,0.224021602452,0.229426007652,0.2278353641,0.224859156096,0.217319363793,0.212513971306,0.219767579337,0.209959986305,0.206605315305,0.160480676822,0.230584831458,0.23386480371,0.289501956121,0.324069839517,0.362878851235,0.316244328905,0.305768817871,0.30331336401,0.30998791551,0.320557964172,0.330971395412,0.341259712482,0.352267518682,0.365541476845,0.385104458363,0.430021991498,0.584674691488,0.430948443267,0.412579696721,0.405376275808,0.40018025521,0.39636793377,0.393831822398,0.392276438827,0.391410022447,0.391013044091,0.390933094003,