LOX__poly=[0.315190480812,0.307101938261,0.298510111841,0.289083366846,0.278226453586,0.265293363992,0.250820761273,0.234408199168,0.203835598628,0.189100165946,0.2012331046,0.195960547258,0.164683024463,0.133509871526,0.186193170145,0.21514051113,0.181603674791,0.205379341423,0.223140559061,0.225700958996,0.224204227212,0.258149647403,0.309499841419,0.294213082758,0.307576563024,0.355330641563,0.402285427828,0.354974897938,0.344726248944,0.348101482512,0.355041026294,0.359920814051,0.364427226846,0.369480816921,0.374832887817,0.380206436943,0.385448538882,0.390485296279,0.395283967403,0.399833192418,0.404133123708,0.40819027681,0.412014671725,0.415618155524,0.41901337724,0.422213146692,0.425230032217,0.42807611381,0.430762840304;0.314294263798,0.305829425505,0.297125339702,0.287709895321,0.276345915227,0.260189966028,0.234213022705,0.230302020919,0.208227488375,0.208015581637,0.200205947995,0.194230811515,0.193308554416,0.191946971798,0.204045276919,0.191700278779,0.206669802994,0.212800449984,0.295619894882,0.237827664569,0.235607882298,0.233138026045,0.2401673227,0.234413293053,0.275313123503,0.331601331866,0.358988305852,0.361576539179,0.328073957693,0.333401492123,0.344051307586,0.353618243521,0.361941006544,0.369254428243,0.375863478435,0.381954277083,0.387622869836,0.392920420775,0.39787879023,0.402522123543,0.406871516153,0.410946691655,0.41476649369,0.418348943674,0.421711164563,0.424869287504,0.427838384208,0.430632436798,0.433264343499;0.313053159555,0.303762776737,0.295164149559,0.286761367616,0.276421141325,0.26091603972,0.233487229107,0.23290828117,0.216305095136,0.218643667471,0.215657892764,0.198808714144,0.198537657942,0.218822433495,0.241190111592,0.205049724366,0.211064140336,0.213448837342,0.215816172427,0.231139666763,0.266493130454,0.216100165502,0.275213690278,0.267740734855,0.214344915334,0.282576075159,0.314786174211,0.345256137898,0.291466693329,0.317667496686,0.334414332367,0.349463307042,0.361117102904,0.370190414511,0.377748870002,0.384379923815,0.390367705096,0.395854144678,0.400918762645,0.405613117929,0.409975335623,0.41403638044,0.417822877061,0.421358429497,0.424664265635,0.427759577977,0.430661733778,0.433386434537,0.435947858724;0.311058714783,0.29848812364,0.289926833651,0.285466373493,0.278130831516,0.267585904884,0.254437371225,0.23038084469,0.228930413882,0.234297137467,0.229736356017,0.219281638745,0.219436159332,0.233515013329,0.249674995969,0.237391948964,0.219204606072,0.219932713834,0.22414800428,0.249108661521,0.276304556208,0.286645117268,0.274069505433,0.230393831582,0.245504619914,0.259587167109,0.268120776029,0.266521563222,0.291874161043,0.290328259937,0.320383316089,0.34881731176,0.363105438439,0.372920228717,0.380827517174,0.387677940543,0.393804446016,0.399367331939,0.404460289939,0.409146761935,0.413474355015,0.417481389779,0.421200159798,0.424658636791,0.427881402613,0.430890201365,0.433704312944,0.436340845322,0.438814987544;0.309368571756,0.282512643167,0.267934712388,0.283747944007,0.279676501447,0.272535188251,0.263942761998,0.251950184734,0.247550059883,0.246449626929,0.239181193532,0.235252632646,0.238789348772,0.241991537686,0.245487078375,0.244969183748,0.243058209392,0.244927084244,0.250513942584,0.260909138383,0.27175924495,0.275541904151,0.266682938554,0.250700588409,0.238803681191,0.249194859861,0.273221568397,0.289470407872,0.301109853632,0.309388144933,0.333271488274,0.357584358336,0.369160260811,0.377730923724,0.38521397335,0.391928196619,0.397996749299,0.403510210799,0.408542260288,0.41315280498,0.417391091063,0.421298511588,0.424910592313,0.428258224708,0.431368421223,0.434264828896,0.436968138358,0.439496447668,0.441865598085;0.312006187509,0.293509155865,0.28345522029,0.285041952461,0.278454179572,0.273240207457,0.271417572246,0.267291630166,0.263000460452,0.257895702625,0.243247855682,0.237304362753,0.249453173536,0.240097883787,0.244097410024,0.250518419235,0.252366128781,0.257553833137,0.261757749831,0.267279696457,0.274650858849,0.278622609522,0.268510236875,0.260649173969,0.257836527089,0.251020670079,0.246022035353,0.285038798846,0.310711362775,0.336211207138,0.380112856205,0.379251700873,0.378317888056,0.384079077034,0.390722132458,0.397086847436,0.402948527615,0.408300117966,0.41318380319,0.417648349607,0.421739439055,0.425498236153,0.428961498712,0.432161794576,0.435127713679,0.43788414393,0.440452625698,0.442851753706,0.445097585536;0.316966455742,0.305508674955,0.295340444779,0.286603090286,0.267660843513,0.256396312909,0.276688843925,0.276634763523,0.273682303949,0.269560420004,0.264297646795,0.262031284897,0.262206677743,0.257271185283,0.257471952355,0.25151396032,0.250615722431,0.265727255415,0.265217164078,0.261680148185,0.276170294138,0.289421103904,0.291911350428,0.280016541704,0.255911727342,0.259263166106,0.262796389281,0.286038570941,0.307467813342,0.345462550943,0.401474265121,0.389691562902,0.385850377514,0.390853059925,0.397042681026,0.40305737739,0.408628663466,0.413729527676,0.418386910274,0.422638743945,0.426524892367,0.430084616328,0.433354939708,0.436369464109,0.439157785097,0.441745449099,0.444154259384,0.446402745579,0.448506669641;0.321078149422,0.310182199266,0.295797235501,0.280876670416,0.279401175208,0.278803117669,0.284159131936,0.284098928439,0.281935246184,0.279131429364,0.276601228245,0.275394549106,0.275111882999,0.274660950321,0.274486617331,0.273261513577,0.273819848738,0.274817528148,0.266532139932,0.245740308808,0.269292035668,0.308945435533,0.350178865024,0.300714813432,0.276004211266,0.242350266851,0.271674022956,0.30260806192,0.318970328514,0.346341281331,0.368127042933,0.383033672558,0.39114291488,0.397909987087,0.404103624325,0.409784222422,0.414997005184,0.41977505311,0.424141090044,0.428120479553,0.431746173242,0.435055945421,0.4380877877,0.440876638153,0.443452919399,0.445842336326,0.448066313825,0.450142660044,0.452086238147;0.324340710922,0.313711624652,0.295807377975,0.244774087622,0.288530989367,0.291733386842,0.291328935455,0.289239445636,0.287315155696,0.284932978926,0.283031123532,0.283468736097,0.284983511308,0.286549854133,0.28793453131,0.288898974144,0.289139394716,0.285982469134,0.255579856142,0.264727741024,0.275641993419,0.315178402384,0.336519135757,0.317103432139,0.300204621606,0.274875874702,0.3005140071,0.328054193358,0.345444663513,0.332831197244,0.360161678506,0.387027312189,0.398817351683,0.406237620667,0.412074693078,0.417233056624,0.421993971242,0.426398310389,0.43042868238,0.434086036238,0.437398113596,0.440405959796,0.443151945199,0.4456737923,0.448002843627,0.450164375746,0.452178614661,0.454061825173,0.455827245806;0.32617679051,0.31712486477,0.307479970472,0.298078044698,0.296814142784,0.298464889439,0.2951461985,0.28591230877,0.288355130334,0.285083379036,0.278286434494,0.285306104517,0.290899334324,0.295131873901,0.298764691239,0.30164943053,0.302962515202,0.301538014826,0.296415975629,0.29441788975,0.300735503831,0.318345146728,0.328792054612,0.328945178631,0.324119942027,0.315838416558,0.329396330958,0.352676343975,0.375761558533,0.401979767712,0.379912603191,0.401706913513,0.410790795533,0.416410519086,0.42091393584,0.425218342648,0.429489753478,0.433546016183,0.437236128897,0.440532254641,0.443475537486,0.446124914553,0.448534193599,0.450745976489,0.45279225741,0.454696779089,0.456477336538,0.458147560759,0.459718183507;0.322408385431,0.312479166017,0.313668852314,0.301160975023,0.280814656566,0.303515797618,0.300082846589,0.245800866924,0.290776943587,0.286603314583,0.256717979245,0.270117833934,0.292101380833,0.298500072768,0.306677890645,0.313274987746,0.3167031043,0.317819455245,0.317055207355,0.312242787762,0.242555168716,0.327733125532,0.338955996863,0.343214398017,0.34416350277,0.344807989084,0.353830426763,0.374351743424,0.400845652183,0.430483366208,0.423733701048,0.424894677287,0.426371561262,0.427809049019,0.429796703252,0.433114832277,0.437245297733,0.441186918396,0.444584055003,0.447473350086,0.44997644111,0.452199044387,0.454214862626,0.456071702401,0.457800130315,