LRRN1_OAC1=[0.136923147725,0.139167260522,0.14205048728,0.145334049927,0.148750169208,0.151832993148,0.152603310007,0.120298820338,0.156279053483,0.159765306737,0.158993008899,0.165974574277,0.170113471673,0.172260237876,0.151254878042,0.164019951461,0.156646292461,0.163708525331,0.164779414032,0.160811967323,0.155851222093,0.149798653402,0.125103026817,0.153217886991,0.161743836921,0.163672103048,0.162790116147,0.16094827654,0.159118067669,0.157647105517,0.15660342388,0.155952023335,0.155618476764,0.155507234208,0.155506019266,0.155490283135,0.155335146722,0.154936598004,0.154235044492,0.15322783934,0.151962106208,0.150512741914,0.148958784661,0.147367843173,0.145790185738,0.144259296007,0.142795211653,0.141408304703,0.140102485507;0.131780085519,0.133757512925,0.136673474751,0.139755511914,0.142485175109,0.144329029198,0.144020082079,0.139877927857,0.141953891092,0.152328431732,0.158197779957,0.161132882112,0.160016080691,0.146175979617,0.165155810067,0.1635340095,0.156844497655,0.168215021203,0.186741325045,0.177097747107,0.157825999486,0.150415397039,0.1471876096,0.149831492979,0.153505336932,0.155334113019,0.155720511737,0.155363316816,0.154812016075,0.15438210817,0.154211828832,0.154334251897,0.154719956678,0.155293674835,0.1559376977,0.156495210019,0.156787904441,0.156657616416,0.156020479971,0.15489750965,0.153395783267,0.151657094248,0.149811747455,0.147956764798,0.146154334032,0.144439286874,0.142827914433,0.141325058198,0.139928990467;0.124088427736,0.126415412869,0.130574903106,0.134125946892,0.13665447847,0.138060791415,0.137845744496,0.133158458534,0.126821694081,0.145376940455,0.155077010896,0.160258336909,0.16350556394,0.179538620164,0.180300121599,0.172650899107,0.164280439172,0.166735312928,0.215406854598,0.181810042013,0.145157878088,0.143293777096,0.140339654101,0.144756154165,0.147431400698,0.149141273229,0.150061612378,0.150521886095,0.150851269511,0.151278478345,0.151930455962,0.152858658566,0.154056618859,0.155461157022,0.156940630485,0.158280760196,0.15919531174,0.159402030572,0.158756508832,0.157335403923,0.155377803792,0.153151725829,0.150863920861,0.148640959547,0.146546960316,0.144607007282,0.142824742939,0.141193209459,0.139700898065;0.1025308361,0.115042614689,0.123671398535,0.128636417201,0.131117092785,0.13210530948,0.132267096248,0.130230387003,0.115935524458,0.138577329701,0.152136655061,0.15935135117,0.22917459219,0.224595529349,0.206793561513,0.191773251492,0.156369859713,0.15229034467,0.125250095085,0.149550077766,0.145330371103,0.137206537711,0.131997301456,0.138587188568,0.141897184782,0.143953981273,0.145215483231,0.146189207663,0.14717792854,0.148349727677,0.149800175716,0.15158344327,0.153715006537,0.156154304264,0.158767290171,0.161264391902,0.163150457045,0.163835488293,0.163005264489,0.160894361379,0.158068085301,0.155035210087,0.152095866572,0.149380754642,0.146926141214,0.144725246282,0.142755011144,0.140988328118,0.139399089963;0.107730336798,0.0989447192578,0.116167719987,0.12394592486,0.125709738384,0.124605902986,0.12509366685,0.125326187048,0.106427060962,0.14051768846,0.150750348111,0.15068135058,0.193556313512,0.285832960642,0.211038804714,0.19303463998,0.158076902501,0.135157113613,0.130890546616,0.146270158404,0.145997972329,0.140593416403,0.131404538853,0.126664800256,0.136862719378,0.139381112222,0.140759496114,0.1420797806,0.143646323074,0.145539967069,0.14781202131,0.150528674153,0.153752414472,0.157507227913,0.161722675159,0.166091996826,0.169771042628,0.171314140494,0.169820539403,0.166090251657,0.161600462782,0.157270862759,0.153422410694,0.150091648217,0.147222284527,0.144740512631,0.142578717608,0.140680781407,0.139001637236;0.114037560899,0.108934442504,0.116031431268,0.121276779526,0.121257484191,0.107659476854,0.104681395743,0.124729046032,0.134274316274,0.144616176621,0.142298002135,0.165795168052,0.182083328824,0.194295117067,0.181131027827,0.145967442075,0.147367664033,0.142117829307,0.148283463684,0.158165087442,0.148298246353,0.140866049987,0.133718089762,0.130504820103,0.133829378369,0.135153683128,0.136188971152,0.13781481598,0.140059884219,0.142762892734,0.145926776851,0.149677467861,0.154181501131,0.159602102945,0.166090613095,0.173691383964,0.181433270472,0.185234921257,0.181408260795,0.173545011524,0.165906067515,0.15964335668,0.154651103251,0.150632063256,0.147336876928,0.144585081184,0.142249110713,0.140237970708,0.138485545211;0.115702875037,0.115881825412,0.118119344618,0.120307245212,0.120333849295,0.116800248206,0.116349417878,0.127193355286,0.137980527649,0.151371371222,0.182089753197,0.173973177502,0.178992690537,0.255911968054,0.172515510591,0.126431816752,0.140658332039,0.137566943674,0.146685998221,0.217781822234,0.147944932137,0.139025212469,0.134347377683,0.131954582027,0.131059571173,0.130229781093,0.130353125099,0.13279295576,0.136229095079,0.13995706402,0.144098202537,0.148976699622,0.154960146025,0.162429791376,0.17191043492,0.184770029943,0.203600636845,0.217946151075,0.202552706912,0.183171271483,0.170265152346,0.161628642365,0.155461942839,0.150810146577,0.147152580193,0.144185106565,0.141718392901,0.139628182804,0.137829331951;0.113020413363,0.115063140984,0.1177442315,0.119612218086,0.120548961219,0.121132799959,0.12330794161,0.128606361713,0.136808864969,0.150102702915,0.178839772346,0.172094373552,0.16730454652,0.186360708372,0.156665492071,0.134942483847,0.129629056063,0.130719136568,0.136285714051,0.138211936607,0.136353518151,0.133459167315,0.130109775786,0.128823771929,0.12706721849,0.122691654043,0.118335697979,0.126327808915,0.132208205417,0.137170216119,0.14228729065,0.148322416549,0.155989936629,0.165994423645,0.178973811158,0.197272823323,0.239396107424,0.393057044115,0.233591666072,0.190922035636,0.172837776353,0.16242068362,0.155471461164,0.150426834368,0.146558265861,0.143474912406,0.140946011629,0.138825530915,0.13701605863;0.0921128891679,0.111367926775,0.116468819686,0.118585767749,0.119773962947,0.120702790833,0.122062510611,0.124994912573,0.130800232712,0.138983288914,0.147442498037,0.149394238386,0.147852076926,0.143853325958,0.132945051855,0.0918544218784,0.103892624341,0.111664580473,0.125340112107,0.132539664614,0.134757884444,0.119706309485,0.120519873426,0.124221367585,0.123138034383,0.116693440328,0.103681755016,0.120030185991,0.128681703277,0.134585345956,0.140433782374,0.147496165917,0.157021436987,0.170599941758,0.189067492537,0.208808959055,0.235660051422,0.278293710525,0.223637199737,0.188995082745,0.171719341977,0.161374059585,0.154407075779,0.149349019892,0.145482341457,0.14241338725,0.139907283027,0.137814752998,0.136036128098;0.104997167594,0.111657695909,0.115576276717,0.117338088211,0.11821010381,0.118409733289,0.117265149888,0.114187183925,0.121195016712,0.12697542206,0.131460759714,0.133275760433,0.131685341866,0.121297200349,0.104446467327,0.118965956726,0.116802633247,0.121050943588,0.127707501918,0.141923587147,0.156163672495,0.139742937983,0.111941922727,0.120290204134,0.12015243464,0.117092052743,0.106610835812,0.118669431233,0.126517856665,0.132310318718,0.138382334763,0.14606941654,0.157217908124,0.175790162651,0.211409036894,0.247598272446,0.225940148963,0.213478431172,0.196951572885,0.179785048516,0.167259039646,0.1585366517,0.152265049657,0.147566581795,0.143916654274,0.140995199238,0.138599124485,0.136594342998,0.134889087056;0.112334039009,0.11351132748,0.115041792451,0.116023842823,0.116393235648,0.115916893281,0.113175355034,0.10060885673,0.111367504672,0.112977300155,0.118646055948,0.12014853888,0.120046602201,0.116518342488,0.113963092396,0.119252181722,0.119424330273,0.135698321105,0.138478350355,0.149793302553,0.244521783446,0.155046430796,0.122458569732,0.110506700816,0.117000821144,0.117506906561,0.117697539434,0.120662427856,0.125174914424,0.130099832783,0.135881381578,0.143500782527,0.154903616821,0.175441183949,0.230912730779,0.436349934679,0.223567424438,0.194480220867,0.180776202747,0.169989437251,0.161280053405,0.154512075516,0.14928261411,0.145186953297,0.141915984962,0.139251264212,