LUM_OAC1=[0.135336676694,0.13244970222,0.1297019587,0.12674239886,0.1232082536,0.118623962113,0.111632536257,0.0822551767642,0.101713045763,0.101752368982,0.0991533110691,0.0994826050258,0.0960416696476,0.0905070915352,0.0783612009013,0.0897828845868,0.0883402217352,0.091724140713,0.0903000009904,0.0891189145007,0.0904881642833,0.0916348200828,0.0802777443608,0.102600732129,0.113214111698,0.120860098051,0.127745582389,0.134244764943,0.14046632679,0.14647709117,0.152321367371,0.158017785553,0.163558035689,0.168906899093,0.174003759243,0.178768385808,0.183114594154,0.186972236838,0.190310484827,0.193149709895,0.195554242831,0.197611276448,0.199408717408,0.201021050273,0.202504446691,0.203897895972,0.205226802605,0.206506849617,0.207747205514;0.132873379783,0.130187367704,0.128066409151,0.125701267531,0.12262894727,0.118501438933,0.112599179333,0.104262852572,0.101342076677,0.104278152948,0.102699539822,0.0972698450562,0.0892387108318,0.0777097222656,0.0874161818331,0.0883770643062,0.0861210276792,0.0895706987476,0.0876769963214,0.0885092170477,0.0918415677005,0.0954278934274,0.0992501146885,0.106332581588,0.11435518547,0.121642111231,0.128426256367,0.134919510643,0.141235103383,0.147436950783,0.15355811772,0.159605026122,0.165556240411,0.17135803577,0.176919386408,0.182112571809,0.186789790706,0.190823152662,0.194155764154,0.196829178909,0.19896361213,0.200708255963,0.202197782021,0.203532681428,0.204778802918,0.205975158064,0.207142697262,0.208291246882,0.20942423382;0.127881402849,0.126077841017,0.125796340749,0.124606225798,0.122248942499,0.118829881514,0.114165276887,0.106202144258,0.0972881241048,0.106208795112,0.104990720953,0.0956480504769,0.0814756944525,0.0852357748699,0.0884776308876,0.0877517411401,0.0876868014299,0.0870688985142,0.0791934975508,0.0824611982559,0.085816806432,0.0940421003307,0.0986655629794,0.107615889867,0.115277110413,0.122405055734,0.129162972732,0.13570892327,0.142167161898,0.148609468274,0.15506772736,0.161544912617,0.168015067705,0.174412811927,0.180615638289,0.186427596694,0.191589078921,0.195849545258,0.19909370213,0.201416572532,0.203063318146,0.204300880574,0.205333629336,0.206287427936,0.207227904303,0.208183401709,0.209161948086,0.210161603566,0.21117617822;0.108158361695,0.11772353113,0.122622111003,0.12348002753,0.121817438209,0.118863467071,0.115447656877,0.110522335267,0.0956851896665,0.109989009391,0.111182971449,0.0972295245586,0.0817043790639,0.0840608710977,0.0852575289759,0.0783003742121,0.0816488921122,0.0842621515286,0.067800758008,0.0845809372025,0.0911092346503,0.0937019097466,0.0965123578004,0.107330210954,0.11567271079,0.123073370363,0.12989831419,0.136535533043,0.14318727673,0.149937731179,0.156816967369,0.163832434011,0.170969784492,0.178172919432,0.185305170465,0.192088630649,0.198057457461,0.202666185321,0.205641612266,0.207233100688,0.207995428117,0.20842002494,0.208795180513,0.209247095604,0.209812693797,0.210488754336,0.211257228646,0.212096663023,0.212986823133;0.116455800791,0.103978180308,0.118594054245,0.122896881787,0.121126806196,0.116874916098,0.114624669714,0.112910958724,0.095293592234,0.126580870537,0.130908577711,0.10677773925,0.101255983122,0.07502171609,0.0852183233925,0.0805100419037,0.0868352341536,0.0803721543252,0.0785739927628,0.0895045732856,0.0955603648954,0.0996024899949,0.0997206871665,0.101909836246,0.115935953932,0.123745995628,0.130548393328,0.137274405266,0.144192984104,0.1513530319,0.158764389562,0.166451661192,0.174443057508,0.182738210288,0.191253772751,0.199687460596,0.20723420476,0.212535533725,0.214774432151,0.214748734251,0.213875290363,0.213025597378,0.21250027955,0.212332286068,0.212468940672,0.212842680382,0.213392903492,0.214070564761,0.214837472201;0.126436365088,0.117629458608,0.121977683733,0.124134029358,0.120964136744,0.104926917757,0.1001787055,0.11843539171,0.129632922935,0.15345507055,0.236009809602,0.144451381125,0.115157997333,0.100466229462,0.0946538959472,0.0832241044281,0.0920414034437,0.0917189583542,0.0897550148397,0.0884147136695,0.0966750312096,0.102775205357,0.105176943064,0.108952230835,0.117636238396,0.124434677322,0.13082163053,0.137663541347,0.14503701694,0.152781756825,0.160865568258,0.169372006869,0.178428949408,0.188166687998,0.198708619227,0.210079158184,0.221340847258,0.22863306803,0.228538014599,0.224525665261,0.22062688921,0.21791167146,0.216268418375,0.215411979285,0.215106682597,0.215184243228,0.215527621149,0.216055042495,0.21670863675;0.131672447961,0.128637684863,0.127866757702,0.127031835313,0.124064998398,0.117871762438,0.1155115802,0.125535998992,0.138607640938,0.163855956355,0.206106123217,0.149079287196,0.119085461278,0.098737951623,0.100025504925,0.08458779515,0.101591768741,0.100421665684,0.0913726898088,0.0729779189331,0.0979384059768,0.105324607366,0.109705749309,0.114305590922,0.119504652064,0.124309253021,0.129674979722,0.13714917004,0.14556386892,0.154187971608,0.163089196315,0.172545389421,0.182881548289,0.19443623306,0.207683884923,0.223896895171,0.245487317624,0.262523167962,0.251365082114,0.23645337463,0.22756903956,0.222589111245,0.219804070478,0.218310976373,0.217620154088,0.217447903343,0.217619733572,0.21802305374,0.218582449061;0.132111903032,0.131368725137,0.13126405222,0.130224663872,0.128273986644,0.126212356796,0.126267015894,0.130323335136,0.138975815991,0.156934436312,0.208634198625,0.147090660903,0.121949143604,0.110025446336,0.106731546917,0.105173213211,0.112055618124,0.120135873549,0.11235484494,0.100281352191,0.101940903109,0.106322327682,0.110326299756,0.115764761948,0.120242910877,0.121502613737,0.121998689062,0.134991933743,0.145864676274,0.155667098059,0.165432188512,0.175890258029,0.187711744196,0.20154435765,0.217960988919,0.239144158018,0.282483610115,0.430048994235,0.28345313571,0.246734595531,0.232992338185,0.226316298919,0.222758349416,0.220850589849,0.219911221845,0.219576804134,0.219634959812,0.219953321082,0.220445430626;0.110677334495,0.130845745411,0.133755494333,0.133109191528,0.131453426637,0.12965674123,0.128571764016,0.129488448659,0.133757910423,0.140408784941,0.143912122822,0.134382021816,0.122353475554,0.113684448057,0.109324757947,0.0836851361856,0.11098309723,0.205702116974,0.135858569818,0.112300901036,0.107062613861,0.0976868546836,0.105164081393,0.115706806237,0.121118071609,0.120110047501,0.110946286539,0.132873940193,0.146756074221,0.157492954131,0.167891726723,0.179226614042,0.192693375678,0.209777714732,0.231218168036,0.253542109658,0.2822211657,0.325284004115,0.277298417546,0.248153333645,0.23515697837,0.228512699275,0.224890661107,0.222916017471,0.221919872441,0.221537675132,0.22155417286,0.221834633829,0.222290980303;0.129782745637,0.135093293781,0.136806366648,0.135842327738,0.133837950105,0.131139970327,0.127101345897,0.121185675324,0.125896439437,0.128650916744,0.128687709799,0.124851798485,0.118645680797,0.107969217647,0.0964559645676,0.12298033666,0.157688159694,0.162798472589,0.128347890966,0.117077696319,0.110829815952,0.107667372397,0.0994875104939,0.116573031504,0.123400092832,0.125685288587,0.118688583148,0.136332883195,0.149373754556,0.15988732266,0.170375917142,0.182176283757,0.197044960766,0.218696276718,0.256109300142,0.293594770058,0.276565171835,0.268133074321,0.25589035525,0.243037739237,0.234429264549,0.22924522243,0.226211506413,0.224507376239,0.223645383688,0.223330659502,0.223378365967,0.223668525602,0.22412089136;0.142966805134,0.141545737289,0.140468286612,0.138645398563,0.136061827104,0.132512811386,0.126479261606,0.109854772352,0.118667273319,0.117198722816,0.119452373039,0.117312974935,0.114429778684,0.110393316467,0.110907695046,0.127140564122,0.171336349293,0.146995191858,0.0899197403364,0.112520797765,0.101537984782,0.112002709774,0.114354349242,0.113396103618,0.126607771873,0.132169926815,0.136717589025,0.144159774815,0.153272801186,0.162653106513,0.172671188477,0.184247888323,0.199200631356,0.222521239772,0.278296211333,0.473522103834,0.278002997444,0.254161026094,0.244583876554,0.237639521709,0.232523812033,0.229089647072,