MASP1_OAC1=[0.0900046968701,0.0872563809269,0.0845551496367,0.0816752320103,0.0784006872504,0.0744684409445,0.06910308607,0.050223033133,0.061348121612,0.0608052644729,0.0589468942453,0.0590876381928,0.0571800236291,0.0541500350031,0.0472656484091,0.0548540233293,0.054905442222,0.0580887958463,0.0582211858521,0.0583930986015,0.0601481128636,0.0617064191986,0.0547085711966,0.0707065372716,0.0788478334824,0.085022271818,0.0907340448826,0.0962348588241,0.101593592964,0.106849977388,0.112026731585,0.117125668222,0.12212509969,0.126978406834,0.131614466765,0.135942939884,0.139868138869,0.143311903222,0.146238023438,0.148664783759,0.150657381675,0.152305688373,0.153700823114,0.154920130212,0.156021903326,0.15704648356,0.158019988435,0.158958345307,0.159870649179;0.088250587241,0.0855895255698,0.0832319084899,0.0806421839268,0.0775366557514,0.0737353489318,0.0688715050128,0.0626826504103,0.0600037851701,0.0611226824507,0.0601037598634,0.0573967651429,0.0535021316993,0.0475100119659,0.0544991315929,0.0560586895848,0.055413040886,0.0583147471163,0.0576753630899,0.0588005438663,0.0616213306161,0.0646734145798,0.0679468555463,0.0735318352344,0.0798699031058,0.0857939989463,0.0914513691324,0.0969811754894,0.102456593526,0.107916708891,0.113377441231,0.118832320315,0.124249067361,0.129563583198,0.134673848919,0.139440040848,0.143701676002,0.147319552728,0.150229606374,0.152472050432,0.154170738807,0.155480836051,0.156542825301,0.157461577068,0.158305686402,0.159115585733,0.159912731756,0.160706885798,0.161501079209;0.0848725720032,0.0827663740334,0.0815500417879,0.0796136449785,0.0768051608095,0.0732240391588,0.0688216795689,0.0625180814244,0.055973589783,0.0601326125536,0.0594102243587,0.0551910783512,0.0486514104615,0.0529034449228,0.0568172957588,0.0576848420467,0.0583244317105,0.058169550215,0.0530393385255,0.055433598364,0.0580239858444,0.0640644735267,0.0677959433606,0.0746320255699,0.0807109183334,0.0865326653633,0.0921973209969,0.0978073898792,0.103445803122,0.109160007885,0.114968162821,0.120864105435,0.126813709363,0.13274237438,0.138515895091,0.143923030375,0.148685542933,0.152534613494,0.155343946995,0.157209468914,0.158386446443,0.159154241298,0.159727052936,0.160236742516,0.160751846947,0.16130165361,0.161894042247,0.162526379338,0.16319154454;0.0717833633232,0.0772337019633,0.0793641540433,0.0786446876383,0.0761035378035,0.0725418385175,0.0684777697428,0.0633427633663,0.0527437652852,0.0585450229285,0.0587326924422,0.0533894193172,0.0479872050399,0.0529773481177,0.0569457492263,0.0540213434812,0.0565740951911,0.0578332730952,0.046119543583,0.0573480691416,0.0619079481472,0.0640360180691,0.066470957803,0.0745781087466,0.081134902621,0.0871692668245,0.0929183267637,0.0986472031413,0.104497790438,0.110531345136,0.116770553781,0.123218997833,0.129857401195,0.136622042386,0.143364246432,0.149786645083,0.155393650876,0.159604976882,0.162126564221,0.163215839852,0.163454178067,0.163358020171,0.163230591893,0.163204515437,0.163318296027,0.163568052135,0.16393420796,0.164393553704,0.164924137887;0.0773614345181,0.0682485627669,0.0767358652435,0.0781508737625,0.0753853849642,0.070776764298,0.0669721879691,0.0628501886341,0.0495940647519,0.0602892504637,0.0590563989424,0.052927738074,0.057692686382,0.0484570488672,0.0612048318584,0.0607991851132,0.0639897026518,0.05674037116,0.0539808198436,0.0608557365511,0.0649837437136,0.0681038355374,0.0687244034732,0.0708690752035,0.0814027380391,0.0877609943864,0.0935427756744,0.0993996149266,0.105527717636,0.111970825528,0.118746300575,0.125881982953,0.13340429658,0.141307528564,0.149498525691,0.157654095769,0.164921322895,0.169862188701,0.171606545479,0.170987594884,0.169495742138,0.168049467332,0.166966020979,0.166280219038,0.165936304032,0.16586261628,0.165994710901,0.16628025598,0.166678323515;0.0841569277601,0.0773488077487,0.0790399451402,0.0789951421075,0.0752325147861,0.0633204293074,0.0579925823513,0.0644820900984,0.0638637748106,0.0620522454158,0.0548329453921,0.0602960527398,0.0633867148108,0.0674753167475,0.0794806106126,0.0799428371827,0.0746278322323,0.0658827004989,0.0613526678839,0.0596755775701,0.0654311526449,0.0701046034597,0.0724063019219,0.0757386093551,0.0826082657386,0.0883060716937,0.0938510117328,0.0998639093684,0.106416324095,0.113411702249,0.120849533679,0.128819318609,0.13744670883,0.146859152311,0.157178940586,0.168426591565,0.179610927569,0.186656643363,0.185944456281,0.181119398981,0.176431113454,0.173010649511,0.170741870972,0.169324500626,0.168509851469,0.168120008533,0.16803094998,0.168155766971,0.168432718119;0.0879130470514,0.0848651236703,0.0831411439507,0.0811235435481,0.0774238273774,0.0713365944088,0.0669588210655,0.0681630001629,0.0673466326514,0.0637973988655,0.0562940653488,0.0586569350906,0.0646518676237,0.0676843480598,0.0998777656671,0.231296084718,0.0859994075563,0.0695928100801,0.0601359393318,0.0481902298695,0.0656278541767,0.0715226335982,0.0753455226597,0.0793441075393,0.083852573241,0.0882054776841,0.0930842504129,0.0996272653135,0.107037097142,0.114811928908,0.123037543583,0.131973532483,0.141932788332,0.153252507953,0.166421042933,0.182773220455,0.204852055478,0.222190831877,0.209823240948,0.193496508719,0.183540797573,0.177723979293,0.174244788691,0.172151090192,0.170926073873,0.170269940251,0.169997961186,0.169990635659,0.170167642623;0.0885769874537,0.0870789439356,0.0858161695324,0.0836949728095,0.0806707321577,0.0771370759177,0.0741873890504,0.072269003409,0.0702608632657,0.0667779895967,0.0582027852837,0.0622313685377,0.0674491187642,0.0726919560423,0.0844942436819,0.0899523766165,0.0783744962312,0.0711592798629,0.0671664713097,0.0640580421783,0.0676358811492,0.0719129249691,0.0755497863662,0.0801504934789,0.0842071318316,0.086123423095,0.0875663283022,0.0981432768909,0.107445845174,0.116225175162,0.125280773102,0.135246675649,0.146764136473,0.160484141955,0.17699631124,0.19859522412,0.243617809162,0.398698451494,0.243461288349,0.20410931232,0.189017472745,0.181404144026,0.177104528025,0.174569761678,0.173080026766,0.172251220279,0.171858525887,0.171761486925,0.171868055143;0.074592088928,0.0872595852575,0.0880796677448,0.0863127328846,0.08361709832,0.080476181883,0.0772764140288,0.074525951954,0.0725559852695,0.070593633076,0.0688693673624,0.0691146011664,0.0706223567439,0.0720412973384,0.0731930650238,0.0544548976558,0.0619546827299,0.064840754699,0.0699551347975,0.0709691233021,0.0712438609244,0.0660417070516,0.0717541442711,0.0797598109253,0.0845176460842,0.0849495094466,0.0795665417961,0.0966332975935,0.108238838195,0.117839413621,0.127540353745,0.138437732559,0.151700333006,0.168856698569,0.190674411002,0.213495267579,0.243084628446,0.287927165489,0.236698794247,0.205329724711,0.191019142797,0.183435121802,0.179064907921,0.176457633621,0.174906969476,0.174027544902,0.173591425857,0.173455585147,0.173526193302;0.0879959806064,0.0907353218656,0.0908669394867,0.0890328017769,0.0863181424354,0.082931791722,0.0784647543716,0.0726663397654,0.0730394417255,0.0724352785063,0.0718291692206,0.0716175916817,0.0713161699308,0.0674194516817,0.0604219526531,0.071450338814,0.0718892978603,0.0757228546207,0.0788337203037,0.0799633741885,0.0756339474919,0.0728562333888,0.0673629577109,0.0796885344006,0.0855839671494,0.088575997842,0.0849880950023,0.0991363621774,0.110260129694,0.119810542751,0.129703739308,0.141148903134,0.155923335093,0.177912408186,0.216576284121,0.255412275151,0.236828453188,0.227314649447,0.213782810869,0.199608974444,0.189928982247,0.183885140524,0.180135160552,0.177813306658,0.176404842967,0.175597940574,0.17519672563,0.1750736859,0.175143193046;0.0975780434884,0.095816925631,0.0941867604164,0.0919404645276,0.0890691699918,0.0854543192641,0.0801796285965,0.0683559805434,0.0725164793092,0.0706938600817,0.0719350336157,0.0715139074323,0.0711134614041,0.0695018353228,0.0690783339822,0.0739724460338,0.0766523777365,0.0933226956909,0.103908097121,0.0897161941912,0.0710420732485,0.0747934566828,0.0758179569322,0.0762677329356,0.0869660708272,