MASP1__poly=[0.209862355494,0.203637348981,0.197097843011,0.190034500324,0.182071034748,0.172807452671,0.162621113532,0.151281175577,0.130970321758,0.121017598658,0.128374513663,0.124814996064,0.105076997089,0.0860102401994,0.123816699633,0.155840165336,0.119808596644,0.124873972717,0.128727963948,0.132309638838,0.123055660614,0.119932356436,0.118605945206,0.125708207871,0.12588794371,0.122946442476,0.121631848933,0.138201299431,0.147245507678,0.155219756125,0.163539371753,0.172432676807,0.181136387416,0.189223958652,0.196688399249,0.203608636258,0.2100609234,0.216106811347,0.221794562122,0.227162087739,0.232239511248,0.237051168169,0.241617124469,0.245954307059,0.250077331033,0.253999094393,0.257731198561,0.261284241477,0.264668019663;0.209634528755,0.203149253638,0.196524563727,0.189455674578,0.181143390908,0.169757690876,0.152087059185,0.148842241182,0.133958061995,0.133248280486,0.127770082492,0.123620725786,0.122908023695,0.122335355292,0.132045576062,0.129829726812,0.137756519096,0.126672673282,0.125512139085,0.136144784915,0.125973431292,0.113726176424,0.111729595372,0.108448107668,0.120284238699,0.122521544499,0.125824161778,0.130108272845,0.13854256991,0.150966471627,0.16194651337,0.171751557635,0.180880109229,0.189296331668,0.197036669198,0.204184459109,0.210823220056,0.217022905849,0.22283891578,0.228314460118,0.233483373114,0.23837256042,0.243003914799,0.2473957357,0.251563744003,0.25552178816,0.259282325474,0.262856745034,0.26625558234;0.209199519229,0.202155172481,0.195591259885,0.189178116453,0.181517635161,0.170524586475,0.151860279596,0.150744221037,0.139319521304,0.140162877303,0.137632491021,0.126341446083,0.125553176494,0.136824124501,0.141543134563,0.161322467856,0.15878270289,0.143149214033,0.169908869387,0.146711009722,0.135996236868,0.100071198907,0.135301788513,0.134006513995,0.103221721802,0.125081402588,0.127947125192,0.125204534106,0.12610380458,0.146182323184,0.159105043534,0.170725563092,0.180861801474,0.189795176888,0.197841950127,0.205196556523,0.211987980474,0.218307606504,0.224221852599,0.229779780713,0.235018378501,0.239966312875,0.244646560292,0.24907820833,0.253277661063,0.257259428458,0.261036634109,0.264621337542,0.268024737608;0.208281960065,0.199042256934,0.192503769601,0.188695144012,0.182992402695,0.175207511334,0.165772381833,0.149338025184,0.147635999331,0.150319789069,0.146636999833,0.13922224468,0.138416587201,0.14542984466,0.149222129722,0.161211721916,0.155054465308,0.149923776369,0.171768505453,0.159298807406,0.144227109093,0.138939314651,0.150528004329,0.172999031918,0.127515335162,0.124285239523,0.122394546786,0.119442098659,0.133523177794,0.135955568783,0.152866866306,0.17003791449,0.18142490636,0.190863651811,0.19917269693,0.206682027322,0.21357735589,0.219975660857,0.225954563833,0.231567651848,0.236853469751,0.241841066864,0.24655346847,0.251009837263,0.255226799547,0.259219244516,0.263000797704,0.26658409779,0.269980958042;0.207587361428,0.188789299,0.17828008462,0.187956115581,0.18439214364,0.178806811939,0.172290508309,0.163598075676,0.15987148524,0.158279931765,0.152744948915,0.149366250615,0.150692212343,0.151793529586,0.153996702267,0.156915487341,0.157314197321,0.157145922287,0.158338990779,0.155676606919,0.150454443699,0.146935285791,0.144215219511,0.13693375485,0.124044014684,0.123747632097,0.131794977485,0.137555361921,0.142403648974,0.145567298756,0.156172063774,0.171214858032,0.182918788871,0.192652080557,0.201098150367,0.208670847194,0.215603702683,0.222032628753,0.22804085764,0.233682211762,0.238993732448,0.244002803728,0.248731212715,0.253197438634,0.257417914244,0.261407700812,0.265180837163,0.268750514041,0.272129159555;0.209820970144,0.196577675213,0.189034088979,0.18924162744,0.183999362727,0.179663163114,0.17754082716,0.173894195959,0.170134442599,0.165851404979,0.155481653668,0.150742562921,0.157493187689,0.150794884982,0.152910505614,0.156913471403,0.15738129398,0.158514255631,0.157328684155,0.154755392178,0.152283186231,0.14935796482,0.141620968579,0.136228221406,0.13251035894,0.126390553121,0.121705876414,0.139068516765,0.149316265644,0.155962779738,0.158230200169,0.172184580411,0.185365950337,0.195253628808,0.203652635858,0.211165754983,0.218059057441,0.224469709471,0.230474871452,0.23612135023,0.241440337183,0.246455084816,0.251184848838,0.255646822706,0.25985702327,0.263830652661,0.267582214797,0.271125529029,0.274473710828;0.213648577322,0.205096073851,0.197432282273,0.190739771501,0.177297751852,0.168993774047,0.181411430509,0.180368326533,0.177395572649,0.173642557542,0.169147412933,0.166566591412,0.165534822036,0.161323591949,0.160389107664,0.155516687886,0.153303097323,0.15988976815,0.155816749234,0.148858257284,0.15090478786,0.150951443898,0.147633403648,0.142352797569,0.130346662737,0.131105007911,0.131536752213,0.141606880529,0.149844852893,0.16176349693,0.160837295217,0.176356316854,0.189310490862,0.198722377778,0.206802909091,0.214121769803,0.220904940155,0.227259390527,0.233239791289,0.238876878432,0.244191254986,0.24919985527,0.253918611643,0.258363324621,0.262549777251,0.266493581656,0.270209968533,0.273713602279,0.277018447319;0.216935053792,0.208743746374,0.198236176436,0.187411690092,0.18556066582,0.184247195761,0.1867946405,0.185700120423,0.183172350092,0.180179484726,0.177315871004,0.175247864152,0.173705224561,0.171979691797,0.170299652398,0.167715898786,0.16576815957,0.163398877907,0.154757263683,0.138276021555,0.144835914114,0.151321716022,0.143153481114,0.147863507402,0.139519233679,0.122590996926,0.136634392071,0.151207721388,0.158210041426,0.169246955681,0.176392031966,0.185427385401,0.194607545535,0.202862546643,0.21039781354,0.217429079629,0.224065895439,0.230354070307,0.236308939863,0.241936459067,0.247243166305,0.252238994845,0.256937048108,0.261352573074,0.265501946592,0.269401880629,0.273068858877,0.276518767262,0.279766672888;0.21966987476,0.211651120823,0.19876403498,0.163769015559,0.192164869257,0.193347813533,0.192063019233,0.189600654923,0.187179650617,0.184389667906,0.181834631937,0.180685929347,0.180095352571,0.17937268246,0.178314253212,0.176681652134,0.17417509454,0.169098864151,0.147661869026,0.148479805349,0.14829728022,0.157443896798,0.155371842516,0.157008938959,0.151656710332,0.138815310546,0.150974572967,0.164469193347,0.174526586646,0.169337004893,0.180282568238,0.192233531326,0.199975438589,0.207195623446,0.21416427462,0.220909377194,0.227429001691,0.233689367748,0.239650614999,0.245288080334,0.250594873539,0.255576671798,0.26024653963,0.26462142091,0.268719953453,0.272561127837,0.276163482971,0.279544650629,0.282721126466;0.221446951041,0.214499907219,0.207166443102,0.200003991817,0.198276927432,0.198428768219,0.195204576229,0.188026170976,0.188456393982,0.18505060997,0.179288490459,0.182297010968,0.184174353557,0.184946067312,0.185053663778,0.184344227343,0.1822522815,0.178045818333,0.171182479942,0.16556531944,0.163759653824,0.16709397973,0.168048567153,0.167223628434,0.164228549063,0.15873510495,0.163887564557,0.174922367595,0.192939880625,0.235893576564,0.194063425074,0.199024684524,0.204836541839,0.211228255855,0.217744853489,0.224311086313,0.23084542506,0.237193915934,0.243238452915,0.248927695534,0.254252197928,0.259222288806,0.263856994567,0.268178860842,0.27221131796,0.275977258738,0.279498293783,0.282794413052,0.285883888251;0.219400739229,0.211891010511,0.211915121772,0.202672155283,0.188186970913,0.202469311376,0.199171423172,0.16223519112,0.190736594308,0.186711724126,0.165970034763,0.173153123354,0.185470356926,0.187511459798,0.190317648519,0.191721768333,0.190734168856,0.187892410144,0.183483674962,0.176360526513,0.133372187004,0.175365072226,0.177184084902,0.176298430038,0.174140077225,0.171580131117,0.172368645689,0.177782433911,0.191977106906,0.221814706063,0.204121149014,0.203068891124,0.208403358879,0.214459710579,0.220612979541,0.227233287067,0.234130524456,0.240813672432,0.247070156092,0.252869830439,0.258233585152,0.263193389248,0.267783284157,0.272036647443,0.275984838459,0.279656521035,