MYC_OAC1=[0.82120578294,0.8229668812,0.826197381788,0.829769990268,0.833197849894,0.836754328524,0.842282063485,0.87992915758,0.84838559575,0.848237096989,0.850352810478,0.841729907716,0.828033672546,0.812464385673,0.860968604862,0.85746290081,0.867173917023,0.865756686334,0.868283495529,0.86625247378,0.853887639926,0.830787027645,0.676728500145,0.809552543762,0.844663743974,0.856546085711,0.862396247785,0.865775307219,0.867941639455,0.869435829269,0.870522102433,0.871343900547,0.871984214901,0.872491393213,0.872891708826,0.873196854674,0.873409927946,0.873531285107,0.873563816986,0.873515989709,0.873401575896,0.873236940347,0.87303792521,0.872817824383,0.872586714573,0.872351689559,0.872117466401,0.8718870279,0.87166215882;0.811195660994,0.814721156799,0.821277704448,0.827430311083,0.832821830006,0.838535038997,0.846241192955,0.857245260263,0.860854630672,0.855359361198,0.852141283676,0.846290859907,0.827694673,0.716406331461,0.83771777357,0.861518741414,0.873483799494,0.872052349156,0.876175513955,0.87453649721,0.866421629563,0.853218556455,0.837616159855,0.842708149415,0.85461860585,0.861815602417,0.866031339719,0.868654607207,0.870381773326,0.871576174692,0.872440951498,0.873095729016,0.873611662869,0.874028465132,0.874363440638,0.874617407372,0.874780854658,0.874842436038,0.874798509861,0.874658668605,0.874443627596,0.874178090245,0.873884233665,0.873578706993,0.87327255552,0.872972433831,0.872681985798,0.87240294897,0.872135918082;0.787824883609,0.798281833117,0.814309755802,0.824059614492,0.830732731081,0.837512651759,0.846618719542,0.860592373995,0.874792393165,0.863529314833,0.859611462216,0.855744741302,0.831012485657,0.813653661492,0.851173531884,0.868656775416,0.874377522053,0.876928158708,0.890087240726,0.888354861405,0.885395775454,0.874650274976,0.870017722103,0.865241445775,0.866421986671,0.868741315183,0.870729712713,0.872204693091,0.873255546737,0.87400585041,0.87456077796,0.8749967124,0.875362422266,0.87568270362,0.875961037963,0.876181177328,0.876311320827,0.876316990067,0.876181817463,0.875920528354,0.875570832375,0.875174116744,0.874762364265,0.87435547151,0.873963917743,0.873592253527,0.873241722925,0.872911885882,0.872601530431;0.677355328831,0.76793406192,0.809268854693,0.820712966445,0.826265821212,0.832155458656,0.84306449595,0.858817591947,0.884853513169,0.872546637447,0.869174836964,0.872307502398,0.86042230754,0.850515359296,0.873450320995,0.89059490829,0.88496007799,0.874656899521,0.902446448476,0.888624720746,0.886360465669,0.886769267417,0.886745440954,0.87903350848,0.876216369743,0.875502811889,0.87568829344,0.876061330123,0.876382211275,0.876621026841,0.876813227795,0.876999004275,0.87720480882,0.877439565849,0.877692072708,0.877924598499,0.878067223678,0.87803482641,0.877781656265,0.877341733253,0.876797500521,0.876223409576,0.875663590463,0.875137452889,0.874650579142,0.874202212491,0.873789168104,0.873407625811,0.873053874829;0.746137283735,0.808339516028,0.815768152452,0.818493431111,0.817958069301,0.814729231196,0.831329202612,0.857168939129,0.893794203305,0.874319073656,0.877551173255,0.889004484087,0.877883689043,0.903317880066,0.891053915202,0.896967527647,0.880203837494,0.827333871071,0.867299959599,0.885820199374,0.88840046383,0.888721017677,0.892258819812,0.893695797874,0.883834845974,0.881364675435,0.880458397313,0.879981717303,0.879613507128,0.879316195666,0.879118088634,0.879042103271,0.879096694569,0.879278110089,0.87956758197,0.879913066913,0.880186125738,0.88017191921,0.879734374161,0.878984504348,0.878133461411,0.877313216571,0.876569629517,0.875907532803,0.8753183667,0.874791068494,0.874315503897,0.873883233597,0.87348744599;0.797224246599,0.814855429755,0.817592257678,0.817156540034,0.808831846561,0.731760661187,0.818136301893,0.851379871362,0.866387053291,0.87609731564,0.893676392265,0.886367126301,0.886307721468,0.890991390825,0.893830752256,0.904673453767,0.88787558489,0.867999994658,0.878842070299,0.897904635847,0.89584286129,0.89334127544,0.893953393256,0.89331796854,0.888529043815,0.886307370915,0.885076687181,0.883960584695,0.88288160429,0.881999373104,0.881388787775,0.881055615122,0.880986269649,0.881167824197,0.881593428873,0.882248724687,0.882980120787,0.883190827499,0.882337760585,0.880924653671,0.879559081228,0.878405288284,0.877447080469,0.876640670574,0.875949176488,0.875345705428,0.874811071384,0.874331444282,0.873896658577;0.800153266872,0.80703141191,0.814455624596,0.818009675645,0.814647204245,0.800456425292,0.826202666377,0.850183355537,0.864019138452,0.877611751921,0.896420239855,0.897114865018,0.894564729499,0.903573506319,0.899221951042,0.914493498834,0.89709927767,0.89704532402,0.90668528709,0.927041032609,0.903886360125,0.898315042985,0.89599226041,0.893999793388,0.89209219974,0.891171687099,0.890333831593,0.888305337438,0.886167229017,0.884566931143,0.8835244261,0.882959017129,0.882813762895,0.883066752799,0.883741931716,0.884999989157,0.887188746637,0.888812710467,0.886249338029,0.883135084248,0.880962311374,0.87941818688,0.878245096421,0.877305217303,0.876522625939,0.875852426965,0.875266276143,0.874745278326,0.874276264197;0.781841446542,0.796298334678,0.811844699342,0.820574845513,0.82490824105,0.829142988285,0.839491412746,0.852274877706,0.863623059452,0.875923602237,0.896510834213,0.895117422796,0.894471774313,0.898461899989,0.90112396518,0.906036228607,0.906532543165,0.906722411709,0.909005817564,0.912868268915,0.908546860411,0.903892030262,0.900878444203,0.897537088812,0.895844340782,0.897541720211,0.90028957618,0.893480804583,0.88929603091,0.886838704174,0.885398245545,0.884662723534,0.884516750041,0.884940918988,0.885956527584,0.887850770918,0.893200892873,0.914398836915,0.891479956011,0.885028090131,0.8820750021,0.880232549729,0.878905170634,0.877869367698,0.877019789702,0.876299093826,0.875672837131,0.875118794668,0.87462182102;0.642002664887,0.775863207272,0.810119767591,0.823410542747,0.831152432224,0.838064439426,0.846388036287,0.855251960782,0.86300041692,0.870988094231,0.879187243766,0.885032432756,0.890269811578,0.89711470087,0.904524987775,0.933096747401,0.924788190773,0.921463803831,0.915213562175,0.912534866063,0.910381119666,0.916183519789,0.909526236884,0.901433864936,0.898679691448,0.901928184211,0.912009605807,0.898083334585,0.891604801751,0.888536405077,0.886873711715,0.886075822056,0.886027006543,0.886808485174,0.888464937337,0.890456408497,0.89356241815,0.898986812464,0.890841943415,0.885502839465,0.882627226498,0.880755112485,0.879386246091,0.87831167709,0.877427992832,0.876677491198,0.876025042086,0.875447798669,0.87493011483;0.73996458769,0.786782574336,0.814206681503,0.826937679778,0.834978479653,0.842061490948,0.850777536159,0.862277237021,0.86277427357,0.866589964681,0.872486090729,0.879582843734,0.887892341216,0.901604305066,0.918141802363,0.909618050707,0.915205830252,0.918173557658,0.918948401093,0.912207648766,0.910584230814,0.910640466422,0.916992311392,0.903539543382,0.899618925237,0.900111820079,0.908287364209,0.898012227497,0.8922946422,0.889462156291,0.887871113808,0.887122004143,0.887223814784,0.88859897398,0.892509440962,0.896693403495,0.893040356257,0.890702574685,0.887839759673,0.884917418511,0.882673439302,0.880993162944,0.879686644618,0.87862893662,0.877744105034,0.876984878956,0.876320547772,0.875730287259,0.875199422503;0.802055973013,0.810804536835,0.822424542679,0.831056498276,0.837480893891,0.843247290321,0.850869744119,0.870335248233,0.859937799257,0.863512508119,0.865831611968,0.875151258245,0.885322730606,0.896492100891,0.904815254472,0.906179026417,0.913284996593,0.917128117819,0.93773202591,0.914255697195,0.918612562425,0.908277380976,0.906175815578,0.907976058236,0.899179332625,0.897263809089,0.896687784727,0.894489669696,0.891779208659,0.889755458556,0.888433557428,0.887769793539,0.887907877677,0.889501266933,0.896017358565,0.92319988437,0.893479075309,0.888809722043,0.886293522921,0.88422054769,0.882473539832,0.881032360914,0.879839097717,0.878834967136,0.877974267399,0.877223962154,0.876560410705,