NACC1_OAC1=[0.949509664428,0.95020630143,0.950832733567,0.951423387975,0.952015615375,0.952738547167,0.954251651221,0.965454556743,0.957283176138,0.959083079918,0.963165534262,0.966241262651,0.970068287902,0.973795929425,0.978631634899,0.976593934916,0.977687421778,0.977354447008,0.978112346293,0.978757466641,0.978781366197,0.978864171838,0.981792820082,0.977128042537,0.975205449913,0.9740085555,0.973036649087,0.97220269408,0.971478584534,0.970844995522,0.970286285218,0.969790035594,0.969346121484,0.968945670494,0.968580301317,0.968241798194,0.967922310917,0.967615052721,0.967315184479,0.967020330382,0.966730341538,0.966446455733,0.966170353997,0.965903506107,0.965646888223,0.965400960996,0.965165767839,0.964941060368,0.964726408355;0.948596956537,0.949249852585,0.949663368852,0.949975026775,0.950137604153,0.950019917395,0.949712188873,0.949926301833,0.94925774422,0.950953631492,0.957824714798,0.964981406844,0.971034893324,0.976690477121,0.975326318299,0.976208857627,0.977660855321,0.977446399194,0.978464109141,0.978727502998,0.978363128066,0.977942442682,0.977483925188,0.976324699925,0.975017602695,0.973936900788,0.973026729205,0.972238443831,0.971545739598,0.970932483426,0.970387471655,0.969902052155,0.969468594916,0.96907940735,0.968726012223,0.968398867687,0.96808784264,0.967783734685,0.967480381038,0.967175949147,0.966872323968,0.966573156466,0.966282022048,0.966001485961,0.965732960868,0.965476938834,0.965233297104,0.965001551432,0.96478103186;0.948419154316,0.948842279398,0.948678835055,0.948640460269,0.948444020902,0.947441708141,0.944568060972,0.938664673854,0.930329529708,0.934431297141,0.952225065891,0.964358813709,0.973126239479,0.974063404836,0.974627884415,0.975999959381,0.976944361858,0.977857299461,0.980425269689,0.98011514515,0.979758508994,0.978269821353,0.977649443301,0.976097770757,0.974902090804,0.973889538426,0.973023063244,0.97226852679,0.971600352683,0.971004091067,0.970472059584,0.969999102422,0.969580049427,0.969208352065,0.968875155618,0.968568604779,0.968274155176,0.967977411055,0.967669334019,0.967349708852,0.967025156964,0.966704044549,0.966392864486,0.966095330896,0.965812939548,0.965545804296,0.96529330324,0.965054480902,0.964828272438;0.954093931967,0.949936945763,0.947942484933,0.947466941555,0.947335841356,0.946228208151,0.941884026325,0.927319543932,0.810883329496,0.905311027791,0.948920294055,0.964858919312,0.973611646447,0.974607375638,0.975525253149,0.978500231482,0.978463560044,0.97855140105,0.983261127772,0.979653952934,0.978574824022,0.97841890594,0.978213617256,0.976253484828,0.974927497344,0.973883251923,0.973037215147,0.972307433474,0.971655532834,0.971069053551,0.970545724745,0.970084780115,0.969683720252,0.969337271972,0.969036320678,0.968765824298,0.968502894602,0.968220798296,0.967903132676,0.967554902794,0.967194825909,0.966840469914,0.966502009019,0.966183400642,0.965885112606,0.965606044531,0.965344541558,0.965098859938,0.964867358222;0.947131670866,0.953055277411,0.947272562582,0.946124324507,0.946973142635,0.947600681812,0.944945989915,0.936861787561,0.934011034198,0.931910591018,0.952592664929,0.966363911243,0.969241495778,0.977870178162,0.975733968392,0.977984620587,0.977228817022,0.979719994,0.980796429928,0.978672244633,0.977705306438,0.97720888127,0.977616354363,0.977572853412,0.975007341418,0.973895985159,0.973084454818,0.972377134942,0.971727156015,0.971135667919,0.970611819806,0.970160318603,0.969780989604,0.969470069126,0.96921979253,0.969013741674,0.968815390116,0.968564819682,0.968221740338,0.967811212619,0.967386422105,0.966980959648,0.966606108746,0.966262381061,0.965946755581,0.965655572466,0.965385459919,0.965133547915,0.964897454152;0.936704299523,0.942231134762,0.942468403634,0.943791755405,0.946730080753,0.954206515863,0.955818593193,0.94692404817,0.944646313288,0.949541045824,0.961592713077,0.963925106323,0.967523801829,0.971063028572,0.973258033309,0.977424018903,0.976234434048,0.977368842555,0.978564153735,0.979321850632,0.977747876665,0.976712381412,0.97657283086,0.976183481283,0.974802966741,0.97392312704,0.973220836177,0.972524584923,0.971836779065,0.971209211397,0.970669035755,0.970222934406,0.969870077301,0.96960801879,0.969434810512,0.969345980248,0.96930017041,0.969137706819,0.968709220428,0.968142536698,0.967597321485,0.967117206008,0.966697727545,0.966326811469,0.965994088405,0.965691812756,0.96541430423,0.965157344111,0.964917733505;0.92261635464,0.928069725077,0.934717886463,0.940266224819,0.945044319411,0.949868721357,0.952451713894,0.950749232376,0.95139045556,0.955920638261,0.964210959276,0.966439500304,0.967422832829,0.971564476671,0.971608828363,0.977227869426,0.974556240451,0.976415035032,0.979171456086,0.983457433705,0.977883120685,0.976430815419,0.975791224272,0.97520964547,0.974588145799,0.974134895512,0.973652601498,0.972851521769,0.972004257571,0.97128352155,0.970707215423,0.970264088391,0.969945271884,0.969748413288,0.969681599204,0.969788170173,0.970161553718,0.970406408022,0.969548173627,0.968545663096,0.967799862716,0.967229023145,0.96676456182,0.966369362092,0.966022680492,0.965712027387,0.965429347754,0.965169142789,0.964927481838;0.893128871589,0.909066437064,0.926131724791,0.936374360585,0.942809646122,0.947208509329,0.94999377629,0.951700371765,0.953766025834,0.957460011751,0.964756780705,0.964749900757,0.965011614105,0.966917158174,0.968750863199,0.971716280671,0.973556683075,0.975155836409,0.976770233319,0.978260618822,0.977474039427,0.976525219083,0.97590497616,0.975116538011,0.974637523613,0.974911313483,0.975399573889,0.973491987509,0.972199690832,0.971324131189,0.970703397862,0.97026882574,0.969997546296,0.969888974829,0.969951759161,0.970264253632,0.971516700564,0.977045597391,0.970751702067,0.968865384108,0.967923242511,0.967285422055,0.966791966319,0.966382536342,0.966028443593,0.965713883961,0.965429221495,0.965168130264,0.964926217769;0.728886200185,0.880664469109,0.919074390377,0.933595782674,0.941339461132,0.946307335863,0.949868739,0.952525536691,0.95456197557,0.956702489158,0.958821306563,0.959879140441,0.960551898841,0.962241751986,0.965402730126,0.977001985785,0.975973867225,0.976654272447,0.976242499888,0.976549466337,0.976720695225,0.978692085793,0.977289031008,0.975384354701,0.974685946171,0.975400338395,0.977797240884,0.97410415247,0.972256207957,0.971261845297,0.970625635202,0.97021751124,0.97001347366,0.970039434512,0.970311004386,0.970686780132,0.971376704946,0.972709058389,0.970379530687,0.968802626771,0.967894452522,0.967261868439,0.96676978546,0.966361549137,0.966008946764,0.965696103814,0.965413255178,0.965153974308,0.964913802994;0.836295247829,0.889089462154,0.919666483084,0.933297982219,0.940970856439,0.946191000145,0.950646817019,0.955163833707,0.95550718118,0.956232661243,0.956653567546,0.956304248992,0.955335846753,0.957000084839,0.963829474728,0.963549044045,0.969562157357,0.973434364196,0.975701628609,0.975272305298,0.975988454732,0.976782906274,0.978817287337,0.975523883476,0.974486036658,0.974482307965,0.976423468464,0.973610660614,0.971952767019,0.971038668049,0.970451007981,0.970090352873,0.969962833762,0.970184645518,0.971099278082,0.972104007445,0.970999430475,0.970250745194,0.969359188446,0.968450691541,0.967727942429,0.967160987284,0.966698516081,0.966306557062,0.965964351716,0.965658900131,0.965381700198,0.965126944915,0.964890510854;0.903251863422,0.913052282902,0.925878290983,0.935097752829,0.941445687751,0.946279547756,0.95094887686,0.958821764734,0.956588432728,0.957519556907,0.955903050522,0.953848479707,0.948489878636,0.93781761603,0.938463436397,0.953958067185,0.965489430394,0.971279181583,0.980491662717,0.975226350443,0.977998637473,0.976325188174,0.976228676848,0.976638690331,0.974163643102,0.973410320388,0.973030696299,0.972258074485,0.971370819613,0.97067920314,0.970185268481,0.969876409156,0.969791164326,0.970107110551,0.971768627771,0.979077373178,0.970885752422,0.969514372399,0.968730618195,0.968068082207,0.967495243307,0.967007125944,0.966588176376,0.966222421923,0.965897378125,