NANOG_OAC1=[0.853546120406,0.858087824942,0.862610924667,0.86749195135,0.873089132551,0.879830829342,0.888956189908,0.919734972271,0.902630172982,0.904305898991,0.908155935493,0.908974346154,0.912968615161,0.918546355575,0.929629878594,0.918961435164,0.919273242626,0.914788699397,0.914661049335,0.914434889189,0.911918784603,0.909770369988,0.920212700169,0.897285639186,0.886065306006,0.877964740671,0.870816197705,0.864269757047,0.858231985883,0.852640624931,0.847443065273,0.84259617669,0.838063238646,0.833809715296,0.829799991633,0.825996131114,0.822359382261,0.818854506259,0.815455337523,0.81214844155,0.808932499481,0.805814023398,0.802802167177,0.799904957714,0.797127564702,0.794472068595,0.791937960165,0.789522838225,0.78722304781;0.855644604578,0.860014197155,0.863948531965,0.868336652053,0.873654394344,0.880203153499,0.888575991314,0.89917234733,0.904216876442,0.903384554032,0.906145285084,0.911656163529,0.918957510351,0.929179439095,0.919873955624,0.918346053981,0.919613514507,0.915395647372,0.91614012262,0.914295864453,0.910046286588,0.905583485096,0.900964724922,0.893187580159,0.884581943682,0.876884038729,0.869908092002,0.863476051668,0.857498987036,0.851926885822,0.846726906624,0.841873604383,0.837342314453,0.833104126425,0.829122326258,0.825350986474,0.821737687858,0.818232306006,0.814799653146,0.811427966002,0.808126574511,0.804915396756,0.801814439461,0.798838170078,0.795994410386,0.793285485277,0.790709903622,0.788263808217,0.785942015698;0.860391808933,0.863808393923,0.865820858129,0.869096073952,0.873902359374,0.880091606694,0.887752177531,0.898630840852,0.909988653207,0.904379752954,0.906913239612,0.915121756525,0.926814873979,0.922264391945,0.918199690371,0.917948712391,0.917191317837,0.916973147536,0.923715329329,0.919728563747,0.915587918742,0.906600633185,0.901192673145,0.891523437705,0.883274005209,0.875759119354,0.868871464945,0.862497341799,0.856548407372,0.850980418011,0.845776500433,0.840928199477,0.836423287179,0.83223871335,0.828335383101,0.824653930056,0.821116002857,0.81764015951,0.814172381363,0.810707984933,0.807282355321,0.803942463462,0.800725580888,0.797653295372,0.794734223119,0.791968615738,0.789352053697,0.786877812764,0.784538227982;0.881222270969,0.872084053536,0.868482357418,0.869674749678,0.873986687129,0.88011514148,0.887224915732,0.89626566129,0.914354546165,0.906103854481,0.907436807776,0.917853988917,0.928449327022,0.923890135489,0.920983760011,0.926371477538,0.922503563825,0.919397071286,0.934580453505,0.917561702906,0.910233544787,0.906717169975,0.903054832791,0.891435916489,0.882452189433,0.874656060505,0.867747522397,0.861390257158,0.855431386293,0.849834016518,0.844607568865,0.839766253796,0.835312409193,0.831230400302,0.827480022599,0.823983887716,0.820615191286,0.817219154315,0.813695135857,0.81006493439,0.806432839131,0.802900074151,0.79952662301,0.796336427584,0.79333256162,0.790508289144,0.787853050245,0.785355300828,0.783003744874;0.871197351701,0.886183296562,0.871855540379,0.869376006853,0.873976415434,0.881787744628,0.888420064774,0.895786279417,0.918426143676,0.902091553301,0.905954222732,0.918174832371,0.914663058538,0.932673249619,0.920860472383,0.924075558128,0.91763570485,0.923448190933,0.924601119366,0.913125022613,0.906006829371,0.900774927137,0.899586892967,0.896553354734,0.881705772032,0.873454465471,0.866596454775,0.860250582655,0.854214563809,0.848516177194,0.843223513928,0.838381144881,0.834005854521,0.830092114662,0.826608777104,0.823471637252,0.820475362356,0.817269501805,0.813606056869,0.809616773564,0.805607464789,0.801776633499,0.798193513668,0.794863119818,0.791768391207,0.78888744998,0.786199350458,0.783685568923,0.781330087409;0.858983082537,0.870071535094,0.866922043414,0.866728519837,0.872889544283,0.892956435997,0.902051443381,0.891432399465,0.893173557279,0.897407493731,0.91110774262,0.905409591801,0.906013509246,0.909614313571,0.911285399258,0.921285856013,0.913410802823,0.914077608458,0.915346000656,0.915209705099,0.905456271582,0.897712651481,0.893871451343,0.888978695634,0.879401363081,0.872113143131,0.86568492654,0.859305966553,0.852996922757,0.847040258485,0.841602340303,0.836743678658,0.832482030857,0.828822896691,0.825771335721,0.823315054985,0.82122383662,0.818560888851,0.81441663781,0.809512703222,0.804791023245,0.800518957863,0.796676484385,0.793194934067,0.790013477961,0.787085493069,0.784375778781,0.781857282461,0.7795086672;0.85172571743,0.856380039608,0.858811295001,0.861770437181,0.867663087265,0.877761288435,0.885104051149,0.88310093762,0.884920675695,0.891907135696,0.906151938541,0.905055547045,0.901078336746,0.908231403639,0.903737934379,0.919574809434,0.906609302104,0.909946079477,0.917225710023,0.931638875067,0.905150560168,0.895367004254,0.889041965177,0.882993742208,0.876788202882,0.871455517315,0.866057209487,0.859081099078,0.851874005009,0.845358684413,0.839672304532,0.83479107997,0.830696238452,0.827399527708,0.824968875537,0.823676922165,0.824098761541,0.823917998879,0.817255888644,0.809746109909,0.803815765395,0.798999029627,0.794893800063,0.791280371329,0.788034507721,0.785080104292,0.78236688069,0.779859424489,0.777531445087;0.849630453144,0.851521095551,0.852983011287,0.855903041417,0.860400063632,0.865847832607,0.8704042586,0.873357164757,0.876783338906,0.883256455825,0.899141629698,0.894013378455,0.888919900554,0.88903180097,0.89096904855,0.898839312048,0.902534053202,0.904795401665,0.907118432805,0.90935857242,0.902309203128,0.894443185122,0.888019934464,0.880832310281,0.875175466227,0.873411665903,0.873023465972,0.860305610702,0.850681260085,0.843266758312,0.837286386772,0.832420845388,0.828582589842,0.825800681541,0.82415352404,0.824129833519,0.829886914587,0.861671972227,0.822283029618,0.809381194345,0.802240656312,0.797016132928,0.792745557561,0.789064731189,0.785799014797,0.782850740202,0.780158997228,0.777682568126,0.775391736911;0.872565452274,0.85010807996,0.847779230574,0.849828110423,0.853441099199,0.857817942025,0.862332268989,0.866158526872,0.868817976168,0.871856061933,0.874901768747,0.874448726121,0.870573347087,0.864795428129,0.871627899287,0.917187846095,0.911940343726,0.910593316033,0.904438592852,0.901164704357,0.897641743847,0.902686804948,0.892695399018,0.880094048973,0.873254551009,0.873728988616,0.883429633744,0.861216487557,0.848498006284,0.840354094201,0.834237469898,0.82949731209,0.826045980728,0.824075068925,0.823716164938,0.824156879695,0.82667450734,0.833311376305,0.81764715141,0.80654364178,0.799589100899,0.794400323333,0.790155479934,0.786508054677,0.783283743128,0.780382842037,0.77774254104,0.775320181694,0.773085001729;0.848759955027,0.843034704704,0.841635158149,0.843502382895,0.846773276162,0.851101044436,0.857274381329,0.865896836944,0.8631997355,0.862585227655,0.862481598099,0.861264993441,0.855486073739,0.823062135184,0.834096941311,0.873995279476,0.89132414427,0.898722331208,0.90147087844,0.894259886333,0.892544145764,0.891924773371,0.897928220685,0.878390732611,0.869717817071,0.866454295863,0.873841934921,0.855918497991,0.844037278982,0.836244196342,0.830355528066,0.825874635135,0.822886351978,0.822127012654,0.825727019291,0.830127275136,0.821807829338,0.815699879981,0.808746621781,0.801722968371,0.795911768384,0.79114531382,0.787111453917,0.783600191179,0.780481154675,0.777670988698,0.775113666166,0.772769578351,0.770609414682;0.831367205446,0.833170146827,0.834574139674,0.836851130753,0.839989590578,0.844169041846,0.851063573051,0.870098236175,0.858432430797,0.8582763141,0.85343989799,0.85336632177,0.85062156062,0.841187658105,0.846772345837,0.864717644375,0.881659618812,0.890386865208,0.919622287884,0.891779787134,0.899235054177,0.887168522178,0.882747523433,0.881239577195,0.865090616303,0.857788639688,0.852613973818,0.845408667575,0.837620966946,0.83100527958,0.825624486825,0.821448489062,0.818744323732,0.818627916469,0.826953644044,0.870553164324,0.818334601532,0.808298060642,0.801978293924,0.796483281446,0.791626085978,0.787383728494,0.783662128301,0.780361042457,0.777400128972,