NODAL__poly=[0.372638237724,0.375435734327,0.377267032121,0.377948708293,0.377316736541,0.375147861902,0.3727541229,0.36977533089,0.342784117822,0.334151737759,0.373945797399,0.393417862456,0.378755049358,0.464630972467,0.510614229563,0.534320172954,0.545499281542,0.57181350514,0.585964293187,0.584966411068,0.6054086426,0.600183115259,0.581649553094,0.520123469484,0.49759147562,0.494706598017,0.41905306742,0.42469825939,0.4199768549,0.417108995464,0.413078174386,0.404782266846,0.395310435455,0.386589507776,0.37889710698,0.372122219987,0.366115247568,0.360749578155,0.355925505038,0.351564536997,0.347603755776,0.343991699086,0.340685555617,0.33764925185,0.334852106032,0.332267840682,0.329873828088,0.327650494549,0.325580838741;0.372830143003,0.375912235165,0.377263380801,0.376625182506,0.373816332067,0.366190137672,0.34708817807,0.368157841327,0.381381606928,0.382212902176,0.366517323092,0.375015021952,0.408887921149,0.452857140282,0.474566999264,0.461930035022,0.543552214346,0.594993185632,0.615360277606,0.574794734561,0.580923266388,0.59357540843,0.583894668759,0.567672530228,0.467982380073,0.462567015282,0.421190684362,0.39544185917,0.391464240438,0.398488088626,0.399194301209,0.393868891785,0.386459985324,0.379007344373,0.372161323125,0.366013319441,0.360505053451,0.355554980382,0.351088369118,0.347041706142,0.343361532366,0.340002628694,0.336926503829,0.334100233948,0.331495558874,0.329088153734,0.326857025989,0.324784008715,0.322853332321;0.374672388094,0.379283771158,0.380300732347,0.377490419615,0.372655260196,0.363684296257,0.34134906208,0.367411024558,0.410306054725,0.399580457171,0.382677755198,0.364519500261,0.381292907077,0.433759814033,0.454488186428,0.546449129979,0.527305088052,0.57102057533,0.597548023855,0.576536716331,0.539140309205,0.400461558963,0.477434847835,0.455702667384,0.398969127075,0.41935126966,0.406487918933,0.386967281823,0.36145349071,0.388321868577,0.392512056427,0.385805053404,0.377966041527,0.37098255466,0.36481104875,0.359300922465,0.354347082497,0.349874151527,0.345822276729,0.342140830185,0.338785852934,0.335718928989,0.332906537637,0.330319536644,0.327932672348,0.325724102038,0.323674939913,0.321768839868,0.319991623254;0.378918990681,0.390332264942,0.391674388739,0.381444839674,0.373434300487,0.367464748898,0.362635141617,0.346035007001,0.365570380829,0.388605853413,0.391878565757,0.384811938504,0.393961623772,0.425420553009,0.443862669595,0.47154167977,0.485018890274,0.544016227961,0.559300836431,0.527663398255,0.50871179002,0.48686866374,0.446827396753,0.423490221127,0.422608413829,0.39333414908,0.377277045359,0.463716631605,0.392044946535,0.38605304404,0.40393143122,0.378898158266,0.36890404394,0.36228100183,0.356839869415,0.352031857335,0.347691737189,0.343750377401,0.340163052683,0.336891934309,0.333902489312,0.331163194892,0.328645761179,0.3263252066,0.324179722092,0.322190396131,0.320340877882,0.318617031945,0.31700661483;0.383351355882,0.42405480655,0.438817583694,0.386189485653,0.372785229114,0.367223070626,0.3649471008,0.361380788439,0.371041912837,0.388826125282,0.40659863846,0.412306978681,0.40944104058,0.41849522535,0.435241910381,0.456173537827,0.474641685029,0.491079953892,0.495990344636,0.486904220994,0.472517001638,0.453918308077,0.430590407097,0.430367300213,0.440343443966,0.378260306038,0.395604558691,0.397894152687,0.383199678619,0.384735253264,0.385331209866,0.365261387189,0.357617787792,0.352587366911,0.348234323492,0.344252857441,0.340590314884,0.337228780853,0.334149264378,0.33132841536,0.328740879549,0.326361699079,0.324167772251,0.32213848763,0.32025583565,0.318504246836,0.316870315151,0.315342494255,0.313910809731;0.379913384233,0.403621207269,0.407809698444,0.382068897994,0.366296892439,0.360402237894,0.363694334867,0.367754680153,0.375379376168,0.388885161973,0.424105851204,0.438130910382,0.407429460334,0.393255069662,0.412618240992,0.447638201339,0.462541949514,0.464633891246,0.464763838208,0.458524760555,0.446006179249,0.430246838053,0.402417715366,0.387862985771,0.380452952294,0.375577689516,0.449652773978,0.394981971519,0.369089427456,0.358571799707,0.339990167299,0.342670318292,0.344429324137,0.342166111344,0.339136929228,0.336048941863,0.333101830904,0.330355802431,0.327820634694,0.325485787693,0.32333332614,0.321343899923,0.319499342199,0.317783585844,0.316182797644,0.314685190171,0.313280731386,0.311960849149,0.310718168454;0.372664436982,0.382512892783,0.386278171448,0.378341124715,0.348882021468,0.331292685448,0.359195712677,0.365172081646,0.371303822126,0.380524293345,0.393287890134,0.399598533956,0.397812851795,0.395343910797,0.410518983153,0.454419182717,0.471122012358,0.447056158396,0.448742890239,0.448898689052,0.423837677725,0.413771297758,0.399874207671,0.375841654062,0.339571129067,0.350281249102,0.381892673079,0.362827932412,0.337446837261,0.338095558772,0.316520902744,0.327441383089,0.332534035464,0.331797829456,0.329789934638,0.327518117648,0.325281474255,0.323173737165,0.32121553955,0.319400620221,0.317714565919,0.316142241475,0.314670270146,0.31328751626,0.31198487665,0.310754900294,0.309591419494,0.308489245367,0.307443933208;0.367853684972,0.377847312373,0.391906960352,0.401567426609,0.368974344353,0.353777643145,0.357184619475,0.35942535227,0.362894160882,0.368366583954,0.375198343589,0.381527767186,0.386842304053,0.393236274761,0.404247315671,0.420278603529,0.428425398262,0.429125137356,0.438125667548,0.434253197066,0.387165794914,0.404280461542,0.425255386948,0.367084294439,0.330632298984,0.28532536972,0.311929589685,0.326877183427,0.319163336498,0.323749235862,0.322438416252,0.322583602414,0.322679940573,0.321739525963,0.32028241199,0.318697329492,0.317155904564,0.315712435324,0.314368729211,0.313110313178,0.311922042516,0.31079238895,0.309713460435,0.308680038899,0.307688667449,0.306736981294,0.30582325834,0.304946131784,0.304104414286;0.365228936334,0.37667633012,0.400481256666,0.491258755115,0.383085173178,0.362459227675,0.353944420438,0.350250106616,0.350928416477,0.35363409697,0.358150547253,0.365687921481,0.374279262074,0.382734752762,0.39099453787,0.398663794386,0.404241727081,0.410672739475,0.46294261535,0.394335585045,0.360632920554,0.382339070104,0.387049941086,0.355322146401,0.325988203543,0.28827819387,0.302134421123,0.312739955954,0.312824029428,0.300767161256,0.315176585749,0.314635800134,0.312705199712,0.311492006565,0.310453389995,0.309520525181,0.308706851565,0.307985528619,0.307312338996,0.306654955902,0.305997294731,0.30533398195,0.304665198694,0.303993638835,0.3033229091,0.302656709761,0.301998431592,0.301350981475,0.300716734072;0.365685469677,0.376320588943,0.385778137584,0.3928875785,0.38182756396,0.36232992342,0.345660932395,0.330708735701,0.334185584971,0.333933797838,0.331264536161,0.346399111218,0.360872791013,0.372291765839,0.378807919235,0.382493302113,0.385060448605,0.387523632963,0.388986236242,0.371587037923,0.355059309236,0.355968444388,0.351621674323,0.338090544151,0.319998207283,0.298378445097,0.29563551553,0.29816783568,0.296691300341,0.30832683245,0.323532567007,0.303986516579,0.301298852692,0.300462949764,0.300002115385,0.299819983318,0.299869968057,0.299997424578,0.300083456215,0.300082269759,0.299988527155,0.29981173889,0.299565460569,0.299263431453,0.298918203088,0.298540683041,0.298140067706,0.297723953682,0.29729852371;0.377463205892,0.392020061819,0.382015036483,0.39683039147,0.426030758615,0.36256155728,0.336884188201,0.270530848576,0.319268376255,0.31707037445,0.288329569045,0.310717518921,0.349114880296,0.370946167097,0.371729390777,0.369046629697,0.367916491031,0.366250914905,0.361127134815,0.34598525892,0.258170648578,0.334362776629,0.33183720538,0.322411198927,0.309430721125,0.294983685856,0.284860488779,0.278555443783,0.273707826668,0.273674514327,0.285150258782,0.286869022094,0.287910579142,0.288306642111,0.288476279379,0.289261784686,0.290541293757,0.291769153111,0.29274065939,0.293455078631,0.293953482855,0.294276326083,0.29445792101,0.294526810471,0.294506532348,0.294416321068,0.294271775833,