NODAL_OAC1=[0.226192047456,0.228949873783,0.232438762061,0.236238030418,0.239880668845,0.242658020661,0.241962417068,0.191494477245,0.260988574512,0.304936766941,0.334961379521,0.329236528018,0.333920466581,0.345270483335,0.451991692786,0.379560062925,0.387486841651,0.359055385924,0.360117499551,0.359935576515,0.337228717398,0.305736890066,0.236498229487,0.268747640324,0.268201222807,0.262638010323,0.25727357942,0.252444165928,0.248029215105,0.24394863081,0.240164950794,0.236653202747,0.233387775475,0.230340747794,0.227485631004,0.224802293663,0.222279548912,0.219913299024,0.217701177151,0.215637452476,0.213711513826,0.211909866723,0.210219131098,0.208627972047,0.207127563636,0.205711165051,0.204373447587,0.203109918586,0.201916538849;0.21961003237,0.222060288938,0.225814709057,0.229682049686,0.232977558573,0.235167373638,0.234927647136,0.230917864602,0.241707464126,0.272192207457,0.294654305902,0.31623013014,0.335290805648,0.282029287227,0.339605340861,0.347416139852,0.365079365748,0.332546856965,0.318901622013,0.310352712302,0.299164869186,0.283980561273,0.268619479482,0.262489301003,0.259372800371,0.255500312409,0.25145749876,0.247521809287,0.24375195351,0.240167775789,0.236784766733,0.233607255612,0.23062318558,0.227807982014,0.22513496136,0.222587329373,0.220165131589,0.217881401988,0.215749020179,0.213768831386,0.21192832448,0.210208870125,0.208593230498,0.207068818783,0.205627455402,0.204263849726,0.202974186681,0.201755222064,0.200603827448;0.209072649667,0.212172327362,0.218068190919,0.222842100246,0.226068673241,0.227921502992,0.228010531885,0.222031112364,0.214611908244,0.250553622568,0.272417107061,0.296494461909,0.337750441565,0.295592762217,0.294121763902,0.293612672862,0.299278665344,0.308848011845,0.304882128506,0.283816165588,0.259861512961,0.258322451037,0.248965214479,0.251114009097,0.250103974527,0.248101699197,0.245500619839,0.242553352105,0.239456465557,0.236359813917,0.233365653901,0.230522548457,0.227830570918,0.225257719534,0.222764034699,0.220329041494,0.217970556125,0.215737023905,0.213672057372,0.211783253577,0.210045278688,0.208424265201,0.206895041821,0.205444026486,0.204065367483,0.202756757096,0.201516865354,0.200344185346,0.199236684734;0.175248662241,0.195733925449,0.209094114302,0.216067532791,0.219039684514,0.219974146388,0.220161032249,0.217304669469,0.194161468483,0.232270354441,0.252804972107,0.255563820268,0.309433905817,0.284937520791,0.258306113739,0.236505295797,0.253493777234,0.289868224233,0.428140422044,0.299698564157,0.259963483272,0.240437829739,0.228914712408,0.237764228161,0.240606358817,0.241120875316,0.240015811887,0.237961877433,0.235401606121,0.23267516956,0.23000251425,0.227476758255,0.225092242438,0.222781735956,0.220460113254,0.218081781103,0.215695140634,0.213435087696,0.211418726097,0.209650666173,0.208055717643,0.20656229279,0.205134515167,0.203762728629,0.202448304059,0.201194873892,0.200004971495,0.198879307217,0.197817004405;0.187889381029,0.17145988024,0.199392867931,0.210643857375,0.211873826783,0.208796753316,0.208921780531,0.208951616922,0.177000742216,0.231781862177,0.242984948175,0.230017972083,0.261450142278,0.208135073828,0.237902110296,0.226731022173,0.248279446104,0.242624117817,0.261422046649,0.267392696677,0.249596297609,0.238369552817,0.223246246969,0.215345580473,0.232332547004,0.235624978677,0.235795121959,0.234277264188,0.231867106086,0.229237345637,0.226757826581,0.224532566168,0.222504341046,0.220517646878,0.218372570676,0.21593059584,0.21328238944,0.210807027101,0.208838176566,0.207305119178,0.205953604121,0.204638085611,0.203328135938,0.202037089478,0.200784068464,0.199582950968,0.198441422339,0.197362509092,0.196346218068;0.20522407553,0.193959343249,0.203174188035,0.208903211762,0.206167507222,0.181380482428,0.175329517148,0.208143762984,0.223391056806,0.239061432232,0.229935552534,0.254674767034,0.259138875719,0.258154240225,0.258264506921,0.233831389037,0.247251695625,0.248365057008,0.244227964636,0.225028564336,0.228886928146,0.229649574908,0.22354654395,0.221081755896,0.229000026086,0.233065711184,0.234139665009,0.23227463408,0.229096919439,0.226062704763,0.223612243268,0.221716207708,0.220183248516,0.218696968538,0.216807819935,0.214066478724,0.210495129887,0.207242075673,0.205512778025,0.204646845424,0.203764025451,0.202691160983,0.201502948828,0.200281978373,0.19908000485,0.197924406674,0.19682782529,0.195794692164,0.194825050393;0.220286364814,0.21577449368,0.212618005207,0.210491632859,0.206397806026,0.19775436269,0.195430216315,0.212801791245,0.231073875838,0.256776671512,0.310311738041,0.272789382178,0.263350662286,0.334018813993,0.283969850286,0.373798387065,0.255774912249,0.264941128629,0.273140392607,0.166844890389,0.212715425769,0.223085049011,0.224724030858,0.224899850079,0.228645792693,0.235429822819,0.238732619273,0.233278492472,0.227023371006,0.222899837788,0.220404499295,0.218991780996,0.218267530508,0.217726521213,0.216469609263,0.213136905963,0.206560875445,0.199929066493,0.200370193532,0.201711690592,0.201628714231,0.200802986985,0.199694729388,0.198510700434,0.197339914243,0.196219550783,0.195163559545,0.194175302336,0.193253336592;0.245278769337,0.232617990328,0.219678483641,0.212637544326,0.208362590943,0.205906349827,0.207592308679,0.215593425451,0.230009532899,0.25852344269,0.343103117931,0.277932238029,0.254885708097,0.272609691075,0.257962783679,0.257073740633,0.24703286733,0.234892051475,0.226251365375,0.197971319409,0.205836430012,0.226017824014,0.227216090509,0.222749449643,0.227338426718,0.248680687667,0.273349674528,0.237520719728,0.224254166023,0.219063073513,0.216821287927,0.216235786974,0.216874886772,0.21826490743,0.218962345251,0.215606744998,0.201791806758,0.157153471246,0.193335858687,0.199403963524,0.199883168013,0.199075483124,0.197928332652,0.196724654188,0.195559332896,0.194463597948,0.19344502372,0.192502108399,0.191630014548;0.38284424649,0.255209136145,0.223915094469,0.213008969713,0.207932657563,0.20561230943,0.205736838383,0.209609620962,0.219253344984,0.233900289125,0.247018818437,0.241911761205,0.232280643377,0.225700071409,0.220187172308,0.18443960457,0.226709700196,0.182732764442,0.187318881648,0.189279892956,0.202191383806,0.287428056123,0.233921160812,0.214604407464,0.21939767663,0.244670218749,0.283930653517,0.228224163107,0.217742030063,0.213792072482,0.21253966979,0.213205446341,0.215898818304,0.221072934041,0.227778882297,0.228162663683,0.21313921393,0.191064370651,0.196965730205,0.19933372464,0.198764423685,0.197520083471,0.196180092013,0.194900954631,0.193721711582,0.192645734138,0.191665634224,0.190771455187,0.189953405417;0.289694571783,0.245688881147,0.220759076309,0.210339084899,0.205018845861,0.201626062057,0.197688520178,0.191574611837,0.202875962041,0.21175656249,0.216696838758,0.21504334729,0.208072487329,0.190254290783,0.166330152861,0.196139034095,0.186852975466,0.171319952109,0.164553679207,0.177146304599,0.186413264553,0.204154500701,0.183313976467,0.198145343382,0.204439491641,0.211184651303,0.197894032091,0.208198843945,0.208341706885,0.207233298434,0.207439042049,0.209500974055,0.214508620266,0.225530820877,0.250907991536,0.27406945332,0.237248776138,0.213459340018,0.204134838776,0.200297435403,0.197865810844,0.195955183991,0.194358368746,0.192990352481,0.191799730922,0.19075070966,0.189817084229,0.188979159111,0.18822182852;0.229906469549,0.222282039748,0.212175826769,0.205194023575,0.20058447083,0.196777032465,0.190702517246,0.169246356067,0.187698169338,0.190398541954,0.197567388231,0.194708150725,0.188519447175,0.178345605553,0.171170557574,0.174776392208,0.163920079527,0.155649407224,0.1157614234,0.158800583482,0.151862178828,0.173624776299,0.177657906806,0.172823561663,0.189783621168,0.195614982883,0.197436319333,0.198688098837,0.199538121885,0.200180347054,0.201600012198,0.20466721699,0.21096192126,0.225236787274,0.271771362989,0.461347422354,0.25092420835,0.218349536771,0.205946433003,0.199930988633,0.196450067209,0.194100886647,0.192340657468,0.19093403663,0.189763647779,