OTX2__poly=[0.346013515564,0.353044065716,0.361902691982,0.373235453492,0.387952264832,0.407170057005,0.429762260131,0.457099702608,0.518340264912,0.542036619487,0.494416153628,0.472082794882,0.430770991833,0.448525195961,0.454746070378,0.43620241255,0.457663263552,0.435696764501,0.410670432044,0.383827288133,0.349375919937,0.33846210598,0.323231270283,0.34457644428,0.335831053282,0.31716401252,0.371945709957,0.31627746627,0.294324894217,0.284014794161,0.278601343732,0.276240668199,0.274872036811,0.273562942224,0.272197702419,0.270817944132,0.269467813926,0.268175456721,0.2669559242,0.26581557282,0.264755318279,0.263772811023,0.262863860562,0.262023358983,0.261245869684,0.260525991165,0.259858570154,0.259238815164,0.258662345745;0.341831830986,0.348246407064,0.356896391571,0.368658888598,0.385066125566,0.411599125536,0.460109949651,0.458254361077,0.501657879407,0.493434765622,0.499373366323,0.491961905341,0.456725548534,0.439808950144,0.439296270326,0.407258896455,0.44344808467,0.390947029887,0.359035344048,0.379655200159,0.353541087084,0.400639830334,0.293327687139,0.282170400952,0.326330621184,0.308203047892,0.315213282551,0.284687891995,0.269364995985,0.269291926377,0.269137683456,0.268554147594,0.26806103342,0.267446690651,0.266678761001,0.265809766289,0.264896432655,0.263980517289,0.26308883399,0.262236960738,0.261432788292,0.260679221405,0.259976083546,0.259321407105,0.258712280156,0.25814538432,0.257617323105,0.257124811641,0.256664777115;0.336100612484,0.340894875757,0.348705188544,0.360434394422,0.376476373473,0.401835454591,0.451346607637,0.434008239207,0.468379118786,0.463767860992,0.465364862554,0.498052227508,0.491493468745,0.449291142812,0.463166514373,0.537705371737,0.456405589493,0.39897982064,0.389885618486,0.396419602169,0.345047509779,0.25192290731,0.330646400288,0.32731596349,0.295131997202,0.301334508493,0.284267604904,0.255069262328,0.23509297887,0.251902775137,0.256127537025,0.259015473058,0.260446858891,0.26092536411,0.260901370191,0.260603596763,0.260157568653,0.25963787984,0.259089772856,0.258540280652,0.258004921014,0.257491973816,0.257005258246,0.256545927613,0.256113611971,0.255707130415,0.255324923492,0.254965306889,0.254626613253;0.328650775424,0.328698974264,0.334705854563,0.348271072334,0.362657306279,0.378170831263,0.390185629199,0.374820357484,0.394646089461,0.420410367819,0.431359835156,0.455085893595,0.458455569593,0.438850769841,0.449672108975,0.469087553172,0.451329832894,0.39053633554,0.375475916097,0.357396574238,0.334047641172,0.317373669359,0.324971806093,0.33101992051,0.305879824087,0.30204731,0.262552832811,0.232225813626,0.238217820497,0.224890124327,0.236811927969,0.248830914446,0.252572202691,0.254217151335,0.254974238744,0.255265912334,0.255297735062,0.255183045788,0.254987530709,0.254749915764,0.254492991517,0.25422998265,0.253968378836,0.253712267452,0.25346374985,0.253223792459,0.252992731044,0.252770564275,0.252557120884;0.321016738108,0.304380695501,0.301010790429,0.334154131132,0.347266396805,0.358364356857,0.367159952859,0.368503854536,0.378433794296,0.391531514131,0.394621769379,0.402994063784,0.415269797093,0.41926322735,0.418294133604,0.41142158895,0.396176371952,0.375421666251,0.358475894208,0.343198391177,0.328270990984,0.315552613071,0.305786285787,0.304692844817,0.28767759523,0.323851006131,0.27849590656,0.258148294834,0.242660976462,0.229683750939,0.231235399957,0.240202549862,0.244918487949,0.247538105575,0.249014331137,0.24986629811,0.250363116305,0.250650211529,0.250809811497,0.250889743375,0.250918326079,0.250912617367,0.250883133528,0.250836574339,0.250777394953,0.250708710026,0.250632812802,0.250551473299,0.250466110518;0.317772245926,0.309050207568,0.309438200386,0.323688993483,0.329987035978,0.338532492367,0.351257023416,0.360095071887,0.367189788202,0.371597481615,0.360682990334,0.361349419305,0.391886268012,0.423733365194,0.410906164551,0.377667257225,0.362497939606,0.352671345943,0.340498988071,0.328851866309,0.317594655382,0.30430672464,0.283981894743,0.273363564386,0.270227813589,0.270951644438,0.311658250878,0.252142927914,0.240638333191,0.232509975859,0.222085963761,0.230041222267,0.237459796246,0.241022717283,0.24310809506,0.244457613178,0.245389638242,0.246067252047,0.246580703441,0.246981892291,0.247301715299,0.247559430854,0.247767769706,0.24793571106,0.248069989646,0.248175920478,0.24825785818,0.248319460449,0.248363846241;0.31725422751,0.31467954264,0.313549020148,0.314326505958,0.303986576811,0.301992507124,0.337776298254,0.348951454665,0.355119990033,0.358295461416,0.35878601848,0.36288929263,0.372848797482,0.38724177634,0.377903727351,0.341921776171,0.325134059273,0.331603043187,0.320682103856,0.311071141348,0.309856109465,0.293042082657,0.276982397534,0.262437656233,0.239127848272,0.245314304929,0.249591768745,0.233736148303,0.223558151511,0.2246446753,0.21173505852,0.222702597397,0.230825315348,0.234782940765,0.237292838386,0.239061564824,0.240394809424,0.241451508198,0.242318756947,0.24304602992,0.243663250764,0.24419019076,0.244641155975,0.245027287017,0.245357705416,0.245640109185,0.24588110288,0.246086397857,0.246260947945;0.317030583455,0.31363188939,0.306282328455,0.298370003742,0.305473864929,0.314676440002,0.331312318477,0.340807614991,0.345411551016,0.347382274205,0.348797949415,0.351108570139,0.353848806556,0.354443329394,0.347955137584,0.334380942401,0.323333770164,0.314742867998,0.300959247775,0.307337397242,0.32135552146,0.278398832127,0.250005216072,0.250759140187,0.231637376728,0.199431564434,0.214028699635,0.220927909932,0.213854164763,0.214601895757,0.214654443894,0.2195199863,0.22482931171,0.228725611952,0.231529677144,0.233659765465,0.23537264558,0.236807461822,0.238036510803,0.239099733312,0.240022890699,0.240825355191,0.241523093284,0.242129817428,0.242657487785,0.243116578007,0.243516251283,0.24386450154,0.244168280143;0.318559827708,0.313893075835,0.30036168885,0.252709653709,0.304833903558,0.317940779699,0.329721172829,0.338134167527,0.339299219571,0.337189130486,0.33677844011,0.33836739345,0.338180057687,0.335230070185,0.329522591364,0.321433842369,0.312174981774,0.30033300481,0.263431758581,0.272629674552,0.267870214615,0.265754362783,0.25062025338,0.245050060618,0.229796689571,0.203415921111,0.211217105061,0.215191077585,0.208981633006,0.187704632086,0.198041692655,0.211831349635,0.218389233878,0.222627129058,0.225722794093,0.228191532208,0.230290173511,0.232126606019,0.233742290717,0.235160502606,0.236401992838,0.237487050292,0.238434859745,0.239262974757,0.239987123455,0.240621204202,0.241177377256,0.241666205706,0.242096818849;0.324798005663,0.320530843656,0.309183372483,0.299869691823,0.303273381677,0.315341150242,0.33236983526,0.353939419371,0.340369173553,0.325265193905,0.319318199782,0.329889579765,0.327051341641,0.320144896336,0.314179641614,0.30795532042,0.300290367657,0.290322260099,0.277446788588,0.266896837165,0.259272253298,0.256274698814,0.249381854883,0.240631814114,0.229037508348,0.213426291324,0.209882096255,0.20817814276,0.198917722348,0.171672707772,0.187378333022,0.204668317714,0.211932753031,0.216428981542,0.219734788538,0.2225333066,0.225079638182,0.227390833482,0.22944583648,0.231249978846,0.232825840461,0.234200426294,0.235399861909,0.236447834698,0.237365261592,0.23817034471,0.23887877476,0.239503995841,0.240057486692;0.343640767843,0.345288775345,0.316626776056,0.294704093334,0.276069107515,0.307919194409,0.331287030949,0.45195679703,0.340627518198,0.313609290552,0.292242745583,0.36349371709,0.321690285573,0.30318957156,0.298617266062,0.295133130925,0.289272552358,0.281400640746,0.271669206752,0.257787824272,0.191522515398,0.246077919689,0.242325964221,0.234746836474,0.225253245092,0.214433789279,0.205882247902,0.198656977108,0.19013609562,0.182547499775,0.190345975562,0.199162360773,0.205675228486,0.209991004828,0.213223910959,0.216400770638,0.219627925878,0.222588125125,0.225170639256,0.227400338988,0.229326625703,0.230994977265,0.232444133779,0.233706960201,0.234811294751,0.235780629628,0.236634726098,