OTX2_OAC1=[0.106578101751,0.107659600046,0.109068254385,0.110545840777,0.111768974657,0.112208711064,0.110289076182,0.0848833387308,0.109593375139,0.11482817574,0.118267993407,0.126617366218,0.129864127714,0.127290783449,0.11534554049,0.155216119382,0.18714703005,0.143957137742,0.129886020722,0.129224558884,0.143146087177,0.157510063527,0.120191304897,0.132595747355,0.130762736015,0.127762207175,0.125707293859,0.124502814795,0.123921027414,0.123806822665,0.124055758693,0.124584190571,0.125311250968,0.126147930681,0.126991339678,0.127725908415,0.128234708709,0.128421098716,0.128232990719,0.127675773319,0.126804949468,0.125703559122,0.124457977589,0.123142042579,0.121811119245,0.120502795527,0.11924041236,0.118037024162,0.116898748716;0.104956594619,0.106343360923,0.108496607372,0.110842317657,0.113035229292,0.114733238854,0.114958907757,0.11220706142,0.114317731504,0.123440703462,0.130552984395,0.138118297363,0.143771684067,0.130310063477,0.144483417874,0.163601718389,0.192464508629,0.146957183534,0.130696701154,0.129569160283,0.138050611339,0.147905155501,0.146801827741,0.13961012163,0.133616655468,0.129389022152,0.126739239205,0.125240970023,0.124569512099,0.124514987551,0.124937920586,0.125732465095,0.126800729758,0.128033422734,0.129295390225,0.130420310576,0.131224518569,0.131547633962,0.131307009449,0.130528346704,0.129325777035,0.127848759411,0.126234494394,0.124585557896,0.122968378098,0.121420983968,0.11996211002,0.118598514851,0.117330019654;0.1010869693,0.103220351066,0.107038947131,0.110700336161,0.114115668083,0.117600684298,0.121141639135,0.121409478016,0.116845585047,0.130670570014,0.138470710921,0.150942267738,0.187903164648,0.200633244614,0.160249189297,0.148283118133,0.145756066137,0.138905622036,0.121337282178,0.12262847903,0.131041976026,0.168343297473,0.176342635357,0.147066936865,0.135273189575,0.129767584256,0.126840882388,0.125335039115,0.124785335803,0.124952663598,0.125689733993,0.126889750407,0.128454879023,0.130268049956,0.132164206613,0.133906454115,0.135191856154,0.135726503228,0.13536118404,0.134175482769,0.132416511419,0.130361209127,0.128223516989,0.12613494242,0.124162783489,0.122334181944,0.120654182404,0.119116856171,0.117711507086;0.0853367293487,0.0962991137271,0.104387410027,0.109968481377,0.114414402668,0.11942028864,0.127650892519,0.142163912278,0.135516628359,0.138458082252,0.141097978575,0.151331235462,0.242761876928,0.230928659638,0.163521555978,0.127882989647,0.12926942452,0.142488686249,0.11582053593,0.128351145351,0.13756901646,0.181463179414,0.194841610918,0.14489361287,0.133201207287,0.128375982533,0.125876970787,0.12471276111,0.124514653181,0.1250825901,0.126292036057,0.128060410162,0.130316249972,0.132962286533,0.135825497823,0.138586301671,0.140722753268,0.141621469516,0.140956116316,0.138965910276,0.136230472726,0.133271787935,0.130397986315,0.127743563339,0.125346288451,0.123199866802,0.121281347292,0.119563628412,0.118020611553;0.0914607066024,0.0846998416763,0.100567573232,0.109038316319,0.113339155774,0.117105455456,0.127769668552,0.163449870667,0.313214819806,0.148812681206,0.137387166368,0.13414337867,0.175296734262,0.264640330222,0.15957702415,0.123368809414,0.13092105258,0.154645074758,0.185584211846,0.133051291068,0.132814995268,0.141248421439,0.137242870246,0.124618308657,0.127537889237,0.125426182028,0.123899718068,0.123358722949,0.123732520155,0.124886525959,0.126734640061,0.129247979897,0.13242145348,0.136230687526,0.140569441371,0.145100066729,0.148941848011,0.150603212729,0.149155332167,0.145415098105,0.14089451888,0.136534803498,0.132664059369,0.129319340892,0.126442868715,0.12395910425,0.121798965229,0.119905208106,0.118231937112;0.0985754666031,0.0951128574803,0.10261302334,0.109076329709,0.111635993095,0.102614438964,0.105566117338,0.137911039996,0.151827347427,0.137109249059,0.117759985492,0.132730655167,0.144873760566,0.150346308368,0.137958234665,0.112728089869,0.122859071829,0.130041274352,0.129255618672,0.116429433042,0.121460065317,0.126338118154,0.124838799085,0.121735694521,0.122739949411,0.121787769535,0.121008256934,0.12123262947,0.122420253147,0.124363365935,0.127013865076,0.130445792559,0.134780988794,0.140147863104,0.146672389571,0.154379134773,0.16225956835,0.166126450456,0.162198147929,0.154146159237,0.146328631674,0.139922744513,0.134819042929,0.130712514475,0.127347431606,0.124538765367,0.122155747169,0.120105115369,0.118319120907;0.101653527564,0.102958531451,0.106370663796,0.110121303901,0.112340623826,0.111627920619,0.11400359548,0.126216525469,0.131590733414,0.126108705386,0.111292161397,0.115745532658,0.124296473534,0.116947578258,0.121152273243,0.0997402967883,0.116421802839,0.114335910414,0.105143855345,0.0843565774565,0.112680837401,0.119313943715,0.120490458588,0.119978359463,0.119022200754,0.117461222485,0.116668665582,0.11807632878,0.120568498277,0.123547535546,0.127134338476,0.13162607306,0.137363067888,0.144705610767,0.154167502101,0.167130069358,0.186230840312,0.200777352489,0.184949653434,0.165055857999,0.151789039617,0.142894318872,0.136531240377,0.131722890588,0.127936292448,0.12485990742,0.122299639199,0.120127988239,0.118257498118;0.100764579274,0.103841698033,0.107760676429,0.111218621297,0.114030946626,0.116512336039,0.119949864903,0.124426119056,0.12687070728,0.123984920827,0.109192140613,0.115714596727,0.120502112056,0.118313069916,0.115817365076,0.109752206465,0.108996847033,0.109414328081,0.108293693702,0.105331621069,0.111202644696,0.115538630456,0.116158495298,0.116540786872,0.11530854794,0.111105367065,0.106726175133,0.113460640117,0.118353495113,0.122563812637,0.127107735042,0.132716375676,0.140087137862,0.1499170337,0.162841755407,0.181242654027,0.223993679846,0.380616027834,0.217713392352,0.174000833648,0.155392716858,0.144623334587,0.137405979811,0.132144028784,0.128092812671,0.124852393416,0.122186303238,0.119944639873,0.118027208589;0.083221286398,0.101950041504,0.108218069378,0.11201211955,0.115112422612,0.117933432664,0.12070195755,0.123735582537,0.127029564097,0.128598405452,0.128084790527,0.127862331287,0.125787826768,0.119727138868,0.112038381354,0.0793348555811,0.0908884787987,0.0976236100136,0.108450644103,0.114345988004,0.118250068798,0.10710892252,0.109191265725,0.113276264853,0.112499319413,0.106489416596,0.094366150046,0.108923022906,0.116483750249,0.121645838567,0.126919947319,0.13353148374,0.142724604013,0.156105181528,0.174518897215,0.194282342099,0.221335456411,0.264518702245,0.208575330932,0.173030037127,0.155199956149,0.144451442752,0.137163655896,0.131837840923,0.127741329831,0.124471566601,0.121787882552,0.119536937453,0.117616046803;0.0959983961108,0.103554429771,0.108941051984,0.112635652434,0.115771257053,0.118464787378,0.119856781967,0.119010819147,0.12819044816,0.135210875513,0.139843901074,0.140588254979,0.134317842943,0.117558330606,0.097766740447,0.109731579519,0.107219779689,0.111058932578,0.117180755104,0.13042095068,0.145200562602,0.129924599275,0.103706156079,0.111326096836,0.111061236203,0.108008259274,0.0980843334087,0.108889486228,0.115829050146,0.120952216637,0.126464023876,0.13367782337,0.144455579811,0.162821745062,0.198565122765,0.234956358715,0.212564850677,0.199541423969,0.182396796634,0.164615287512,0.151575884404,0.142429705821,0.135799955579,0.130792291586,0.126871283332,0.123709546244,0.121098769193,0.118900953253,0.117021279395;0.103783640612,0.106499005445,0.109874789705,0.113128730641,0.116268499982,0.119166350178,0.120490448854,0.111948894018,0.131164154228,0.142283624805,0.158137318267,0.166723752144,0.155542020271,0.129880644547,0.116258209469,0.116488669939,0.114527864427,0.129927242884,0.133812594427,0.143352947746,0.23862556354,0.148654017841,0.116000646338,0.104071738057,0.109723948124,0.109801922016,0.109625963468,0.112066181645,0.115974778121,0.120316486323,0.125546121927,0.132654396384,0.143617855382,0.163875460561,0.219628278079,0.427734177294,0.211252271241,0.181272458115,0.166938676977,0.155592700213,0.146383594398,0.139174553977,0.133555934888,0.129115170524,