PHC1__poly=[0.761660129639,0.768254334914,0.775296598838,0.783039702279,0.791931142512,0.802449502294,0.814186881286,0.827432253987,0.851099412676,0.863211899013,0.856283782525,0.862455037387,0.887245201033,0.912067528002,0.886316529352,0.893368176238,0.894951668506,0.881626481229,0.877580245251,0.87335904273,0.877281576453,0.874671372925,0.86888445252,0.850503774958,0.839760747206,0.838204027613,0.838817614038,0.817072838473,0.805840703447,0.796402582625,0.78685518134,0.776885402864,0.767453686201,0.759054703004,0.751635477569,0.745040275603,0.739127132065,0.733782285302,0.728916582452,0.724460038103,0.720357225052,0.716563728136,0.713043485064,0.709766808405,0.706708917626,0.703848849039,0.701168644159,0.69865274241,0.696287523546;0.761095949533,0.767931627527,0.775012605575,0.782699385175,0.791925394395,0.804815978251,0.82508817603,0.828943837246,0.846377194201,0.84783423076,0.855170082221,0.861627447675,0.865325967021,0.870751443132,0.868559218536,0.878013755925,0.86729336284,0.875462918555,0.87802640061,0.863351399699,0.866090366942,0.873079287034,0.869328005965,0.862063238615,0.824623152159,0.82194262586,0.823322703205,0.820645969547,0.811464347649,0.796811355475,0.784332816974,0.773692976008,0.764191605708,0.755814158067,0.748447928055,0.741929656966,0.736108928862,0.73086380899,0.726099231207,0.721741629221,0.71773373049,0.71403038475,0.710595432829,0.707399417541,0.704417927554,0.701630402011,0.699019265371,0.696569297077,0.694267167732;0.760721318001,0.76813903515,0.775086880471,0.781947849664,0.790345267157,0.802711895253,0.824102230063,0.825317618543,0.838647681325,0.838000621292,0.841599931589,0.855714300631,0.858527083911,0.849404716042,0.851417872776,0.86264195255,0.835408706268,0.854849248205,0.864141942294,0.857432982474,0.849085360638,0.883245188508,0.843058745553,0.837425945034,0.741769896319,0.796653991725,0.809245249186,0.819938513208,0.822580759928,0.797760877473,0.783191086268,0.770693675068,0.760426960494,0.751901005349,0.74461077464,0.738243512797,0.732593430135,0.727516896011,0.72291057848,0.718698459125,0.714823360288,0.71124126023,0.707917443112,0.70482387751,0.701937421936,0.699238587885,0.69671067893,0.694339183792,0.692111341447;0.760856111415,0.770745039288,0.777604502471,0.781377321,0.787415069953,0.795961644483,0.806537769555,0.825416012791,0.827199782903,0.823976668732,0.828384410407,0.837393256683,0.839028669995,0.832265917382,0.830696596173,0.815661460338,0.790436884422,0.834570739804,0.842866020695,0.832955936047,0.829246882251,0.827463024448,0.823968648505,0.844179470006,0.801002445476,0.780588469413,0.806527287258,0.821070575138,0.8055566464,0.806282968993,0.78652358017,0.766997727514,0.755733705606,0.747167238703,0.74007865533,0.733976263851,0.728590957197,0.723757492532,0.71936753329,0.715346348185,0.711640074084,0.708208307426,0.705019603903,0.702048664608,0.699274540139,0.696679463561,0.69424807722,0.691966908784,0.689824006587;0.760693066274,0.781593217918,0.793034459953,0.781059914278,0.784500573143,0.790357673552,0.797370764476,0.807014954876,0.810855368586,0.812184733199,0.818186402182,0.821562899632,0.819104024671,0.816389072973,0.811118102527,0.80241057593,0.799743300048,0.807430228042,0.811603975104,0.809564920589,0.805105618964,0.798114682894,0.784834102352,0.788430836111,0.790515370105,0.744210244065,0.784217999854,0.786166100508,0.784466486904,0.785510139215,0.776021324709,0.760458787165,0.749673668638,0.741472818912,0.734822149457,0.729143699017,0.724132460576,0.719618721802,0.715500340406,0.711711122472,0.708205229345,0.704948938749,0.701916063486,0.6990853204,0.69643878276,0.693960947455,0.691638155824,0.689458220334,0.687410172694;0.757093823373,0.771532472273,0.779439835749,0.778334734729,0.783632998993,0.787902415989,0.789570526124,0.793034884398,0.796598301167,0.800701103619,0.811988930651,0.816189583977,0.805559847286,0.809912004288,0.799459432336,0.778457777023,0.775017068514,0.786263511209,0.791256207353,0.790565605016,0.784974203203,0.775052727641,0.746518433355,0.747074137555,0.779740882464,0.789625846551,0.801156717421,0.773688183525,0.760260562924,0.760134616949,0.766317417485,0.753958125911,0.742299687507,0.734792778382,0.728881587778,0.723809654137,0.719281730358,0.715156089668,0.711354491949,0.707829001307,0.704547306085,0.701485512168,0.698624479947,0.695947952277,0.693441592911,0.69109248377,0.688888851527,0.686819907701,0.684875744116;0.751556769441,0.76047805586,0.768427491724,0.775293734364,0.790197380644,0.799111571441,0.783327415148,0.783477374273,0.785831104576,0.788944647607,0.792653803463,0.793455507187,0.791225683651,0.790743038444,0.779733427032,0.736836947784,0.725558063492,0.768637873956,0.777697460428,0.781673343384,0.769171592327,0.755883050405,0.747653775644,0.758427035833,0.785416822638,0.786014275283,0.782482071631,0.744653491769,0.715385275342,0.737731078183,0.75500195754,0.742779937893,0.733057740373,0.727219251167,0.722412210895,0.718108022866,0.714144135976,0.710450273451,0.706990887518,0.703745684118,0.700700683231,0.697844148981,0.69516501433,0.692652429484,0.690295737439,0.688084576569,0.686008995923,0.684059545201,0.682227331172;0.746534065273,0.754972264036,0.766199793443,0.777889658831,0.778988883188,0.779434478852,0.775198415313,0.775238929449,0.776865942128,0.778816284775,0.780209459345,0.77995611641,0.777913228606,0.774064894856,0.766131337967,0.753004841108,0.750113597429,0.75933277482,0.767292629826,0.777469547781,0.754994664299,0.72817070542,0.690196787999,0.744388219425,0.769884521494,0.799889357502,0.773634360019,0.72857942133,0.702414011522,0.715303920333,0.721184404297,0.724605488081,0.722590703581,0.719255771152,0.715730903137,0.712249440801,0.70886666324,0.705605216371,0.702483080798,0.699513510434,0.696703159795,0.694052760997,0.69155883936,0.689215288118,0.687014516008,0.684948223427,0.683007911087,0.681185203054,0.679472042141;0.742022716744,0.750205792267,0.764201094503,0.804673702424,0.769547999781,0.766841459935,0.767079034405,0.768688501513,0.770109164548,0.771722802333,0.772629435081,0.771132838832,0.767955316956,0.763552525238,0.757866607372,0.752059573023,0.749348440112,0.750947497992,0.771135880101,0.723039295493,0.693153648637,0.715662900591,0.705254775538,0.730389913686,0.749268002925,0.772832710682,0.75246174608,0.728628605364,0.713184532791,0.665739742294,0.696021920089,0.712669991282,0.713527584149,0.711752048661,0.709255738293,0.706499284077,0.703629441663,0.700741587619,0.697911102248,0.695186305836,0.692592086974,0.690138303604,0.687826235789,0.685652425336,0.683610868752,0.681694305291,0.679894990389,0.678205156687,0.676617278836;0.738481671666,0.745357544593,0.752675523154,0.759799102785,0.760418974045,0.758796287605,0.761335618073,0.768768188276,0.766757545293,0.769228338616,0.7742780465,0.767690721442,0.761653112233,0.756013079154,0.750228687394,0.744871399057,0.741098608193,0.739081893302,0.736914997848,0.72466838254,0.717000854272,0.716003823407,0.714741588899,0.719700467172,0.727694798107,0.737811073824,0.729998115025,0.716781467473,0.712306201908,0.730461067471,0.713999972289,0.707738140421,0.706663105687,0.705190817091,0.703369503253,0.701166308919,0.6986432829,0.695987234038,0.693351144016,0.690811662602,0.688399260539,0.68612349702,0.683984489051,0.681977744397,0.680096499639,0.678333015469,0.676679322084,0.675127633915,0.673670562406;0.739302361483,0.74685611641,0.745250761924,0.754683931222,0.770603256865,0.751555736534,0.75419244277,0.798749915308,0.762135616697,0.765642778198,0.789912329623,0.778406082052,0.759338505284,0.752553290346,0.7438333747,0.736094452192,0.730728712917,0.726707287002,0.723191037157,0.722981223503,0.784033874118,0.711237048281,0.705094756489,0.704906501971,0.707423738921,0.710065044657,0.706467529242,0.698026832048,0.698158182379,0.712882210644,0.708180214646,0.703609232434,0.700904166867,0.699587026534,0.698561169525,0.696731629877,0.694168250811,0.691457295624,0.68885817689,0.68642084675,0.684145309471,0.682023579403,0.680045950562,0.678201985479,0.6764811697,0.674873429082,