POU5F1_OAC1=[0.793797398191,0.799550540428,0.805263956902,0.811375728581,0.81828876633,0.826509257941,0.837747686772,0.8806526978,0.851468595143,0.848424557335,0.846356205562,0.836933006261,0.83830195335,0.854469525108,0.882132218253,0.871561081922,0.877157289084,0.874054835406,0.876507378411,0.878132605304,0.876099693825,0.874360629602,0.889855967496,0.859275478509,0.844959564381,0.834958892331,0.826276710196,0.818419572363,0.811246911911,0.804663593762,0.798590519908,0.792963886139,0.787730554514,0.782842002315,0.778249671906,0.77390307375,0.769751528274,0.765749573932,0.761863938519,0.758078022784,0.754390891165,0.750811611619,0.747352526415,0.744024419115,0.740834331002,0.737785302765,0.73487704438,0.73210684707,0.729470409532;0.795688199842,0.801357236334,0.806445336423,0.812083638649,0.818804547103,0.826892801134,0.83706721431,0.849797775479,0.853064272107,0.84448212872,0.835442145845,0.81560556978,0.795714293012,0.854172582859,0.857873916221,0.867666369367,0.876580947016,0.874473331329,0.878408121886,0.877765317941,0.873308659784,0.868374305437,0.863135021892,0.853525509958,0.842831987351,0.833425429945,0.825026279938,0.817372241097,0.810327078153,0.803811218906,0.797771630417,0.792168010407,0.786963375329,0.782116952315,0.777579182371,0.773289663581,0.769180529688,0.765187658175,0.761266744458,0.757403895581,0.753612288014,0.749918458658,0.746348788002,0.742922349483,0.739649583777,0.736533843208,0.733573588183,0.730764264878,0.728099643863;0.801048572372,0.805600312231,0.80827649629,0.81270125358,0.819060105435,0.826954546711,0.836337591991,0.849610352629,0.862538948906,0.84650685073,0.835713309822,0.811967037643,0.7457731554,0.803298266858,0.849557860056,0.866301305404,0.872985323501,0.877029956092,0.889513010962,0.885537408294,0.881053486865,0.869672590057,0.863307930575,0.851104389335,0.840941650312,0.831839871835,0.823620768733,0.816103777,0.809150197039,0.802686919254,0.796682015561,0.791118024735,0.785974877984,0.781220068106,0.776801523685,0.772641995939,0.768640721123,0.764693933908,0.760733957409,0.756756829222,0.752809753474,0.748954221213,0.745238773371,0.741691547664,0.738323940191,0.735136613579,0.732124273719,0.72927871373,0.726590559269;0.829082171619,0.815903326295,0.810993713894,0.813009996103,0.819239796664,0.827581161207,0.836661289226,0.847697867964,0.871240368819,0.853025928331,0.844631851875,0.844290701697,0.83484940249,0.832149459823,0.860960411504,0.882743626408,0.882723828155,0.881541437529,0.905617418899,0.882600002964,0.873468927645,0.869686903426,0.86570030355,0.850804464178,0.839688033515,0.830279311772,0.822111932979,0.814691553482,0.807788678852,0.801339562323,0.795347939091,0.789827290103,0.784777641172,0.780177001344,0.775972548141,0.772064303094,0.768289603409,0.764451160162,0.760422701776,0.756235643157,0.752026355538,0.747925982967,0.744011963266,0.740315228872,0.73683993936,0.733577751493,0.730515504886,0.72763884868,0.724933802874;0.811882751922,0.834132191488,0.81428924426,0.811886709651,0.819380878224,0.830877251509,0.839980196369,0.849352539854,0.880248606872,0.852524359448,0.852665731407,0.864927921646,0.852575351124,0.885330547133,0.873175474797,0.884214414629,0.878164041226,0.888814068951,0.891782114615,0.876420910638,0.867353277006,0.861078647681,0.860574722505,0.857573979491,0.83848139778,0.828569176948,0.820580775339,0.813269322706,0.806338894518,0.799814825519,0.793781173241,0.788293337568,0.783371672942,0.779008353413,0.775162970425,0.771727155782,0.768437381908,0.764845599289,0.760638640132,0.755991646891,0.751300236007,0.746819682276,0.742638583972,0.738763217225,0.735171782047,0.73183650576,0.728730954396,0.725831893262,0.723119359603;0.78887043564,0.806728333147,0.80464094897,0.807059357636,0.818027128071,0.847873909861,0.861232483303,0.84596994312,0.847459206561,0.85174610802,0.869354341995,0.858412727302,0.857794749864,0.864060281718,0.868886276244,0.885454870205,0.87512458616,0.876693672176,0.878958994977,0.879248242453,0.86606672698,0.856123775046,0.852026622969,0.846691428103,0.83505856578,0.826650317069,0.819395215638,0.81215406027,0.804945008154,0.798141577016,0.791962100919,0.786485296593,0.781734323815,0.777716652815,0.774439200428,0.771886326126,0.769761767152,0.766863930301,0.762035714372,0.756214953023,0.750612082045,0.745568165229,0.741056191729,0.736987649242,0.733284619807,0.729887696701,0.726752280925,0.723844310454,0.721137100959;0.767321614325,0.778443100229,0.788626889033,0.798492180865,0.8108374821,0.827644335886,0.8394453821,0.837480272877,0.840297770056,0.849870110569,0.869400114361,0.867814553875,0.862752057005,0.873359366162,0.867135941447,0.887965709715,0.868231620402,0.871700011272,0.881495921393,0.902016744077,0.864389346354,0.851446755839,0.84416112767,0.837684795135,0.831106209964,0.825658269581,0.819984713307,0.812068451827,0.803752201376,0.796271743012,0.789807791575,0.784329408719,0.779813174804,0.776275312169,0.773803993255,0.77274988518,0.773848915408,0.774121610453,0.766053522305,0.756894957239,0.749747875841,0.744009234689,0.739161973188,0.734924294378,0.731137317006,0.727704086824,0.724560861769,0.721663011033,0.71897762009;0.735687876993,0.754427772322,0.774043301841,0.788553468252,0.801057004729,0.812593708942,0.821575466893,0.8275808767,0.833745774758,0.843721174081,0.866163684153,0.861133196477,0.85714992763,0.859573475438,0.860385358429,0.864851489754,0.863996070393,0.863683321553,0.865551156659,0.867998584676,0.857535667552,0.847376761362,0.84077487894,0.833610474746,0.828462980589,0.828274277311,0.829524182933,0.814015041035,0.802566223413,0.793953535377,0.787138320116,0.781700712154,0.777528252546,0.774659704488,0.773195951734,0.773763988965,0.78169253749,0.822868216823,0.772881206658,0.756835231087,0.748146699883,0.741889161544,0.736830618563,0.732505211032,0.728690026562,0.725260811458,0.722140425621,0.719276962839,0.716633246887;0.595416088539,0.724504094612,0.761550377282,0.779483629437,0.792446089045,0.803550728231,0.813426870478,0.821619004257,0.827834632951,0.834317455983,0.84091468028,0.844152002963,0.846363844434,0.850761469541,0.855783888753,0.893778214872,0.874395606896,0.867508328687,0.858177825191,0.851558736123,0.844001897521,0.853914476004,0.844413711235,0.831301888355,0.82551100595,0.828848754439,0.843806524511,0.81568061791,0.800199004265,0.790667808395,0.783696119724,0.778431080814,0.774761211496,0.772934606453,0.773117708227,0.774262953164,0.778009016678,0.78695764647,0.767383825748,0.75365214749,0.745206138019,0.738994934045,0.733967568613,0.729681541722,0.725914783074,0.722540702546,0.71947991914,0.71667882869,0.714099033008;0.6777383981,0.7253969415,0.755631055008,0.772580041877,0.785279360002,0.796851829058,0.809707259169,0.825110428519,0.825491282885,0.828432394277,0.831856806482,0.835069245105,0.839248155851,0.851580505117,0.868846186506,0.840914548272,0.817004601549,0.832069686615,0.849319968808,0.833385788048,0.812726893188,0.82315482187,0.848417873769,0.828074620969,0.82082227175,0.819507871342,0.831532821135,0.809299097571,0.79499096414,0.785942030581,0.779271465377,0.774338296615,0.771257236125,0.770976551461,0.776222271785,0.782406482249,0.772255677863,0.764923661775,0.756502847258,0.74798455221,0.740997437812,0.73532252947,0.730560166163,0.726442458701,0.722803658258,0.71953822531,0.716575583529,0.713866141935,0.711373457089;0.726163532929,0.738762206479,0.754229000214,0.767305186014,0.778755772411,0.79016625821,0.804574242795,0.834278262927,0.825009867137,0.830284996138,0.828448213332,0.830961383541,0.83378273924,0.839450804247,0.841368455705,0.826444212419,0.788414757736,0.816336306683,0.878462415779,0.826907717229,0.720973248824,0.799445744672,0.825417812124,0.833002626992,0.815597524505,0.808891090085,0.804182577775,0.796303790116,0.787404757975,0.779881646621,0.773851150843,0.769291884788,0.76655633973,0.767077883958,0.778342428906,0.834575078855,0.768332320594,0.756002115821,0.748399298449,0.741831017504,0.736056398043,0.731043900649,0.726672724532,0.722815193956,0.719369504119,0.716260144137,