PRDM14_OAC1=[0.713605081965,0.721923855276,0.730283504373,0.739426638187,0.750062509647,0.763038630166,0.780800834454,0.841419287081,0.807481415493,0.810658871427,0.818126489063,0.819548610525,0.827199528912,0.837927376018,0.859585841485,0.837733133384,0.837697947682,0.827909710284,0.826835606912,0.825550001083,0.819595866543,0.814412851582,0.835283085642,0.787316074529,0.763584793628,0.746504713396,0.731673132244,0.718415882776,0.706551761369,0.695928489778,0.68639062861,0.677793824103,0.670009215158,0.6629201649,0.656417040319,0.650394079468,0.644751080735,0.639400602021,0.634277618483,0.629345440079,0.624593331299,0.620027216775,0.615659001105,0.611498993591,0.607552499551,0.603819395772,0.600295126453,0.596972058445,0.593840695265;0.71721398259,0.725189935327,0.732394426417,0.740579644209,0.750692678708,0.763336406084,0.779684658004,0.800519847488,0.810433197203,0.80874011805,0.814146830923,0.824947984153,0.839216918676,0.859204405883,0.840215485444,0.836506398965,0.838251488485,0.82882123994,0.829331125607,0.824543980552,0.814787396541,0.804560768522,0.79402882604,0.776983843527,0.758330032746,0.741819654272,0.727186932645,0.714131791553,0.702473831421,0.692056268363,0.682728077117,0.674350743404,0.666799950324,0.659959597519,0.653713092833,0.647937395625,0.642505639072,0.637302468122,0.632247274759,0.627309112306,0.622500337533,0.617854731069,0.613406402144,0.609178786307,0.605182686555,0.601418700864,0.597880601295,0.594558184314,0.591439271129;0.726003443257,0.732105032928,0.735523469932,0.741519070884,0.750645227034,0.762627042788,0.777645722588,0.799152794702,0.821691199652,0.810669398287,0.815777565901,0.832048721213,0.85509482697,0.845801673826,0.837200282185,0.835914228309,0.833392827128,0.831793680567,0.844312728176,0.834959001302,0.825197052899,0.805281731475,0.792751610453,0.771287585067,0.752925068711,0.736432362185,0.72178178641,0.708847290912,0.697425701825,0.687305574133,0.678300813265,0.670261995821,0.663067674062,0.656606151214,0.650755835897,0.645369259867,0.640271155007,0.635287789848,0.630305722073,0.625312522997,0.620375489975,0.615583762723,0.611006341932,0.606681011587,0.602620321824,0.598821004631,0.595271357866,0.5919558899,0.588857935435;0.766421296403,0.747840297957,0.740171763988,0.742040544789,0.750199671184,0.762105032765,0.776115471875,0.794111385728,0.830170417433,0.814089174173,0.817052688804,0.837884882959,0.858864278762,0.849680200791,0.84338571303,0.853207502291,0.844298811932,0.836612405443,0.8661428994,0.829740113634,0.812934153088,0.803954470277,0.79465403055,0.768426700039,0.747838527236,0.730178840711,0.71519621991,0.702382289976,0.691319229305,0.681648588766,0.673111169304,0.665544884789,0.658844364946,0.652918322854,0.647652673294,0.642872368074,0.638311903342,0.633657716817,0.628711473946,0.62352132141,0.618296361834,0.613235072464,0.608451573092,0.603988113193,0.599846251916,0.59600910472,0.592453197,0.589153973357,0.586088101602;0.74616835527,0.775108302655,0.746190464828,0.740743198808,0.749465090178,0.764747803271,0.777885827129,0.792694977654,0.838028190596,0.806167601452,0.814510522904,0.839221344367,0.832753480721,0.868044707504,0.844312642979,0.849515229359,0.835061861925,0.844887153522,0.845361285203,0.819713693234,0.802752946265,0.789565928502,0.784888422831,0.776239447953,0.741891280678,0.722216440195,0.70686591461,0.694404131903,0.684019443599,0.675060347996,0.667173847754,0.660224746483,0.654166140982,0.648962992539,0.644546086093,0.640742960939,0.637139344685,0.633037605666,0.627958819396,0.622185588619,0.616334851625,0.610798164946,0.60570627857,0.601062862172,0.596829317465,0.59295899694,0.58940833928,0.586139561635,0.58312061363;0.721468497197,0.742621568761,0.735675898088,0.734667782019,0.746453065908,0.786215005528,0.80432287776,0.783339839312,0.787421995231,0.796846045865,0.825160985653,0.815372238399,0.817753819573,0.82519628487,0.827772950337,0.845591244655,0.827632779076,0.82616677378,0.825984680876,0.823096888405,0.800031312104,0.780853284161,0.769709645603,0.755830301396,0.730938259112,0.711135534285,0.695714286026,0.684355317873,0.675409020005,0.667579412504,0.660540260311,0.654336540739,0.6490637725,0.644795538103,0.641582878989,0.639421557558,0.637853167489,0.635002448846,0.629091517206,0.62161899249,0.614475565872,0.608181634401,0.602685190817,0.597841629428,0.593525193328,0.589640537907,0.586116491055,0.582899108608,0.5799465574;0.706433537525,0.714724373518,0.71869869825,0.723832150466,0.734980701726,0.754779455506,0.769349063001,0.765569019281,0.770074544525,0.785609499869,0.815940378452,0.816428961307,0.811504502992,0.826694913509,0.817550103833,0.845013046094,0.815859368716,0.818265475796,0.829391015559,0.856459174633,0.79755371204,0.77327988613,0.755857855962,0.737820315768,0.716972094538,0.695274678571,0.678737884445,0.671325783721,0.665653056011,0.659422736561,0.653316190458,0.64791397876,0.643547933758,0.640436331029,0.638814854761,0.639281338272,0.643002720208,0.645274386852,0.634391807469,0.621825933549,0.612401977516,0.605147652232,0.599241391,0.594236260886,0.589880549571,0.586021029764,0.58255745824,0.579420206997,0.576558500679;0.701541502556,0.704221222758,0.706109081074,0.71099225527,0.719155374375,0.729399662433,0.738109665542,0.744067354668,0.751909240294,0.767251613044,0.802410898225,0.797513517748,0.794278444553,0.7999042526,0.80291325057,0.810866011437,0.810379126054,0.808348405641,0.807755623387,0.808075993661,0.789189586065,0.768384229144,0.750115815974,0.728210448223,0.704063129842,0.669812328257,0.636176925744,0.655781792312,0.656020581506,0.651051200835,0.645612362912,0.640946601601,0.637589921576,0.635906506164,0.636187766864,0.639483016453,0.654228563657,0.721032374664,0.644202279266,0.620961558827,0.609257461653,0.601316391792,0.595193534492,0.590153427626,0.585844627231,0.582071971511,0.578715137343,0.575694007426,0.572951999935;0.746413308639,0.700509342615,0.69463809372,0.697557280505,0.703664747019,0.71134740311,0.719355905474,0.726227409163,0.731858132642,0.741060379486,0.753738477602,0.762686183784,0.770204062799,0.780903855408,0.793034564217,0.852380296644,0.831059704854,0.819985754215,0.800716515968,0.78823314539,0.775982743353,0.783339607694,0.757242308893,0.723155939002,0.695910095592,0.660069307008,0.621352170976,0.653336078197,0.648703690166,0.642719754417,0.637368107141,0.633299260369,0.631062805421,0.631352025619,0.634542439893,0.638987132564,0.647319128613,0.663609608066,0.634802569535,0.615312487939,0.604116416926,0.596370193218,0.590407974855,0.585529729194,0.581385510121,0.577777201087,0.574581867234,0.571717675828,0.569127052337;0.698257416629,0.685415520228,0.681173163925,0.683481385062,0.688576997468,0.695639302295,0.706026120991,0.720693540828,0.711520064351,0.712611022793,0.724506443928,0.737758770227,0.751218711408,0.776315107465,0.809111591266,0.783884884365,0.792257807449,0.794695494254,0.791829683048,0.76944907304,0.760206415155,0.754892068419,0.765657827081,0.717092162701,0.690596728063,0.672317262506,0.68648503488,0.655531254151,0.641356846793,0.633676677931,0.628221186305,0.624657257283,0.623544204352,0.62658141121,0.638192104096,0.65089105412,0.637194972854,0.627977753466,0.617009298144,0.60587139389,0.597098780225,0.590315402182,0.584878249777,0.580361073583,0.576502721382,0.573138929679,0.570161570612,0.567496135201,0.565089109086;0.662679485006,0.664617315523,0.665767336777,0.668667217032,0.673219726314,0.679548772521,0.690419981608,0.72383384019,0.679899065557,0.665107023654,0.697153975882,0.719138029906,0.734403085252,0.7515322418,0.76333301177,0.758921659811,0.77033592016,0.774495947296,0.826727467783,0.757761694398,0.768497764477,0.737344331969,0.725676630632,0.721236617198,0.681789388856,0.662910427624,0.651754134232,0.640488819297,0.63029117836,0.622903737139,0.617734500711,0.614633998393,0.614200751475,0.618777259734,0.640427118416,0.733840875949,0.630079435388,0.613122808068,0.603663689045,0.595774094852,0.589052434017,0.583433477247,0.578718258918,0.574703013399,0.571228450162,0.568178754897,