PRDM14__poly=[0.674406043796,0.684270607309,0.694938808835,0.706736321865,0.720219484184,0.735949749465,0.753280734362,0.772496530728,0.805160647172,0.822373530687,0.814782857766,0.82398275576,0.856546285268,0.888516762131,0.855872829806,0.864442529326,0.865908866587,0.847692560559,0.841852459828,0.839895049319,0.852176948768,0.856730436859,0.857290425596,0.844557277791,0.838545926536,0.836589475238,0.83342997894,0.806241351599,0.789790303743,0.775299736666,0.760706818151,0.745612750808,0.73109961902,0.717784807437,0.705668857091,0.694620291973,0.684507585591,0.675218263661,0.666657800816,0.658746163093,0.651414882903,0.644604886135,0.638264882973,0.632350134091,0.62682146416,0.621644446673,0.616788717608,0.612227393512,0.607936578099;0.671572418807,0.681755613029,0.692537991412,0.704406260957,0.718570515502,0.737770291943,0.766760774262,0.773737841266,0.798516444626,0.802166630183,0.813351458983,0.823159681936,0.829078318663,0.836496550294,0.832836040924,0.842478890572,0.82811997497,0.833651488182,0.827915943677,0.810689440149,0.835735011448,0.85702220625,0.862876592048,0.866695184389,0.846408247006,0.836608774626,0.826420442931,0.815984341873,0.800415987558,0.779500081177,0.760989761168,0.744524594057,0.729373247137,0.715584454396,0.703095289077,0.691767034877,0.681455583659,0.672033167187,0.663391047011,0.655437277282,0.648093827949,0.64129411434,0.634981035092,0.629105408131,0.623624694203,0.618501936283,0.613704872672,0.609205196635,0.604977941436;0.668508457914,0.679422397241,0.69004993739,0.70095240314,0.714297604125,0.733209217433,0.764179673398,0.767967694672,0.787744421,0.789030450478,0.795847398898,0.815962537174,0.821261035741,0.810846276919,0.811615554713,0.800080274249,0.793407845875,0.79324781096,0.771040153885,0.759281087589,0.81517909265,0.871771152076,0.841706560129,0.853492449102,0.87183502132,0.832649695512,0.821648667929,0.820849005127,0.816256456445,0.784173087414,0.762789462141,0.743620231974,0.726973099412,0.712443640891,0.699554743806,0.688000885253,0.677567647328,0.668091548678,0.659442583122,0.651514693225,0.644219882895,0.637484346212,0.631245739837,0.625451113476,0.620055253912,0.615019328386,0.610309770196,0.605897369057,0.601756534198;0.66551464259,0.679682879457,0.690119311499,0.696898960248,0.7074317736,0.721760732865,0.738870013126,0.766870310629,0.77179525488,0.770202482027,0.778674092491,0.793014093267,0.797903395065,0.792249852119,0.792624555029,0.784125270581,0.78728484324,0.777864263114,0.76838559845,0.783427211901,0.802340664241,0.818379499893,0.830433288039,0.8622220892,0.84186099754,0.830994896699,0.826505725107,0.826453562373,0.802730209324,0.796717370283,0.769416081352,0.741873747308,0.72335281451,0.708109527983,0.694906430103,0.683231173772,0.672780732328,0.663348106443,0.654779649648,0.646954944108,0.639776543619,0.63316425021,0.627051449028,0.62138242802,0.61611026438,0.611195121775,0.606602885402,0.602304080426,0.598273022591;0.661273509425,0.690606113954,0.707201433627,0.691805689176,0.69939448329,0.710995649795,0.724190543271,0.740619617667,0.748945781237,0.75389684908,0.765056416573,0.773046610447,0.774204568074,0.776065861585,0.77644116674,0.774802406531,0.773468088534,0.771537661726,0.772327319155,0.778588426283,0.787952044284,0.798586254825,0.812264153253,0.826248182526,0.833622700167,0.825692726214,0.808660494173,0.79632315428,0.786202276896,0.77920742289,0.761323122613,0.736918834423,0.717927884992,0.70230040453,0.688994215514,0.677366115711,0.667037390917,0.657765527548,0.649378107032,0.641743069512,0.634755297291,0.628329734423,0.622396994021,0.616900042632,0.611791554173,0.607031812449,0.602587085184,0.598428386019,0.594530539779;0.651046641854,0.670276923339,0.680849572035,0.680568782414,0.6922198424,0.703446814877,0.71068435217,0.719700448383,0.728306904621,0.737415519144,0.755985676504,0.76569511185,0.757813137389,0.770715603206,0.769907579319,0.765552071638,0.765356020439,0.763741943186,0.766283504964,0.771349034121,0.776781522742,0.784013640609,0.798447254119,0.807004945406,0.80958013746,0.814645568278,0.818408008136,0.789741381026,0.771890693346,0.759720356653,0.754646222939,0.731842630651,0.710578286292,0.694796812976,0.681693870436,0.670336392697,0.660296417835,0.651319565433,0.643225473966,0.63587487069,0.629157407675,0.622985315712,0.617288576696,0.612010839683,0.607106103137,0.602536173883,0.598268800678,0.594276331274,0.590534748683;0.636681905317,0.645495729676,0.652065511682,0.66180262788,0.692183367369,0.714095775682,0.698824983629,0.704332998711,0.711752129108,0.71975775999,0.728749534709,0.734816599712,0.738697249967,0.747648496243,0.751151304375,0.760101708695,0.764190059332,0.754285563553,0.760703117656,0.771759985036,0.76950887851,0.770942825639,0.77750254346,0.785995036175,0.803282383091,0.800643948142,0.798421783013,0.781462212564,0.767100562201,0.746625487794,0.746501189026,0.721160019908,0.700324307539,0.685409336068,0.672952571974,0.662113635106,0.652539078456,0.644001789729,0.636323282313,0.629359220047,0.622995883805,0.61714556513,0.611740707227,0.606728438748,0.602066325598,0.597719381973,0.593658065109,0.589856946188,0.586293817563;0.622024409112,0.62621437315,0.622970669346,0.620383782977,0.659208340256,0.680385084141,0.684537589644,0.690713428205,0.697121690767,0.703168326529,0.708699836686,0.713412335503,0.718080076142,0.723405133014,0.728312548091,0.733876307688,0.737528625574,0.741054517047,0.754024066302,0.779543292879,0.769064718829,0.759767185176,0.774123472509,0.767719215183,0.781153837307,0.807637191047,0.785482212613,0.762503491041,0.750603362969,0.730015144668,0.716030199225,0.701605303906,0.687245589691,0.674313078247,0.66284164818,0.65270809712,0.643761648796,0.635817120893,0.628688590156,0.622220816032,0.616297850361,0.610836628258,0.605776982206,0.601073487666,0.596690094997,0.592596918106,0.588768376329,0.585182106809,0.581818296592;0.607615305701,0.610440563977,0.599588807885,0.517879441619,0.635131783712,0.659849855948,0.671684454787,0.679905172388,0.685171766227,0.689259204884,0.692249179952,0.694230102995,0.698028084308,0.70313123697,0.707985383609,0.712397486909,0.716796909049,0.72395967851,0.756727280083,0.752327007402,0.751108882562,0.737738116343,0.744202658531,0.743777591529,0.753956557609,0.775874435588,0.757740926909,0.738631820743,0.725094835962,0.721666628217,0.696153722745,0.684495041227,0.673475041097,0.662080282088,0.651481216508,0.642105614027,0.633944955133,0.626777420531,0.620357517582,0.614505018802,0.609107771024,0.60409771351,0.599430460254,0.595073492274,0.591000375863,0.587188176235,0.583616348466,0.580266249767,0.577120892044;0.59148860515,0.596673931955,0.604045440786,0.61578007183,0.637527500138,0.651740093137,0.664427364687,0.679303296066,0.678006636796,0.680171638058,0.683231383448,0.673064116914,0.677042197773,0.684494738562,0.689526688227,0.693097602337,0.696682843878,0.701432729695,0.707454614149,0.706083183655,0.699753754316,0.704589255461,0.711559963483,0.717268706942,0.724924734388,0.736388217624,0.731041177792,0.719507646099,0.710480784231,0.688759387117,0.663007751758,0.669992100776,0.660189206106,0.649011548413,0.638740035233,0.630110920351,0.623004898745,0.616904686244,0.611399127489,0.606287418813,0.601491562493,0.596981940726,0.592743106225,0.588761867017,0.585024308366,0.581515713583,0.578221138404,0.575125944542,0.572216148637;0.565637851707,0.568314108652,0.598630278084,0.629854663486,0.665454985516,0.647520356057,0.657279673505,0.721492413711,0.670099015424,0.66970320414,0.687222889257,0.613369788316,0.65314178051,0.671079660319,0.674140795052,0.674871716833,0.676573495581,0.678249597243,0.677383519804,0.663448624168,0.506955185284,0.670876155374,0.684538086737,0.691748508483,0.698784997951,0.706237303121,0.709009636527,0.707597147321,0.704685465338,0.697015447365,0.674951822377,0.661228475535,0.64755843857,0.634586692644,0.623681286445,0.616041531688,0.610767794786,0.606284248076,0.60195282241,0.597688623236,0.593539428428,0.589554841001,0.585763404505,0.582175836419,0.578791637474,0.57560414358,