REST_OAC1=[0.00569386827505,0.005573118258,0.00545447261232,0.00532304998666,0.00516398460092,0.00495862431088,0.00465300529823,0.00342067785893,0.0042279614088,0.00424225561039,0.00416649810438,0.00423661030374,0.00416781827853,0.00402591656107,0.003601443526,0.00430881837185,0.00447403765079,0.00493851431746,0.00518813416954,0.00547285306047,0.00594406926881,0.00644182367599,0.00604191294033,0.00827021584842,0.00977643578594,0.0111828096469,0.0126646053656,0.0142554982733,0.0159651641084,0.0177954538767,0.0197388371746,0.0217738502918,0.0238602088125,0.0259344693082,0.02790819363,0.0296722502206,0.0311114256192,0.032129833699,0.0326787140887,0.0327712615145,0.0324747480316,0.031885719186,0.0311034074239,0.0302123869001,0.0292762159481,0.0283383780925,0.0274263136731,0.0265558873588,0.0257351502474;0.00550877688944,0.00539199323186,0.00529344647707,0.00517896867861,0.00502934181388,0.00483133002201,0.00455879312639,0.00419157549934,0.00405325873252,0.00417064660066,0.00414312686359,0.00399944489396,0.00377472754599,0.00340581617901,0.0039935763329,0.00423416080804,0.00435340700341,0.00480270438094,0.00500730691428,0.00540058094914,0.00600086902193,0.0066883393448,0.00747165618212,0.00860701359371,0.0099612730748,0.0114107461269,0.0129797653686,0.0146947417352,0.0165736788216,0.0186265426645,0.0208522905656,0.0232331723539,0.0257268558174,0.028256991206,0.0307046258027,0.0329071779081,0.0346770101193,0.0358485931014,0.036340089026,0.0361878268452,0.0355244221015,0.0345201238448,0.0333303966836,0.0320714934093,0.0308190668947,0.0296169629388,0.0284874359669,0.0274393314783,0.0264737097932;0.00522466832075,0.00513999676782,0.00511041050297,0.00503524164528,0.00490305158073,0.00471808960276,0.0044751095618,0.00410108822914,0.00370207974049,0.00400680102684,0.00398443171748,0.00372265323107,0.00330091730351,0.00362057152964,0.00395178332887,0.00413032907374,0.00436274069262,0.00459716068394,0.00445621768989,0.00496487967553,0.00554700289266,0.00654263688887,0.00740267179555,0.00872088599976,0.0101030689544,0.0116154580292,0.0132844368345,0.0151403797174,0.0172132782771,0.0195268058153,0.0220935500403,0.0249079730901,0.0279349551592,0.0310926172791,0.0342296491088,0.0371049533046,0.0393981366417,0.0407953899949,0.0411412690114,0.0405321449981,0.0392480745089,0.0376002859725,0.0358288118473,0.0340815081161,0.0324346409991,0.0309197568507,0.0295437976629,0.028301473143,0.0271821560705;0.00435547794923,0.00472564961003,0.00489785256884,0.00489581437873,0.00477893159345,0.00459419389615,0.00437209769776,0.00407421328595,0.00341368130612,0.00380621773924,0.00382619503081,0.00347408427027,0.00310866870357,0.00341373969773,0.00367872195767,0.00357792266235,0.00395133548292,0.00433236555987,0.00372220649928,0.00498412379248,0.00578773933935,0.00643697179747,0.00718560772722,0.00867559570702,0.0101666396835,0.0117799339376,0.0135607245722,0.0155695307071,0.0178590700455,0.0204736900419,0.0234485151263,0.0268034215118,0.0305288128616,0.0345599137422,0.0387318395748,0.0427077537641,0.0459213763871,0.04770306004,0.0477008487933,0.0461883923982,0.0438139849814,0.0411594859296,0.0385682797012,0.0361907465822,0.034069921379,0.0321999961229,0.0305567218551,0.029111260293,0.0278358802738;0.00462413611846,0.00411216164139,0.00466136803511,0.00478641461934,0.0046546173685,0.00440427442961,0.00419757143171,0.003963406181,0.00314123146023,0.00382500474022,0.00373700511445,0.00331831851251,0.00354813283267,0.00288710475712,0.00352465898503,0.00353713082162,0.00403930469738,0.00397264227281,0.00415822353647,0.00511095998505,0.00592033215343,0.00671606644469,0.00733174277722,0.00818169758564,0.0101791625372,0.0119031056705,0.0137853963095,0.0159487249452,0.018474326676,0.0214307845816,0.0248856385686,0.02890367933,0.033532013588,0.0387721203062,0.0445220836947,0.0504168805102,0.0554865189292,0.0580846315885,0.057191883804,0.0537234644141,0.0493599665792,0.0451456212318,0.0414441937009,0.0382970570411,0.0356408224026,0.0333926733737,0.0314771042127,0.0298318132194,0.028407111267;0.00495298380647,0.00458706645545,0.00472379253237,0.00475790555538,0.00456591428234,0.00387080671658,0.00356809559584,0.00398788798969,0.00396153700892,0.00384719140373,0.00337803644742,0.00365381893518,0.00370798908104,0.0036690994593,0.00374190661186,0.00348441065824,0.00405461271478,0.00427917115551,0.0045016552205,0.00483071023482,0.00579042450442,0.00675923629655,0.00759715300909,0.00864764640812,0.0102716902447,0.0119754704298,0.0139110543726,0.016223127337,0.0190068767418,0.0223455523375,0.0263503330738,0.031160205877,0.0369250010059,0.0437886819627,0.0518891401831,0.0612511397229,0.0707539695933,0.0757577735572,0.0720858155855,0.0638212010711,0.0557939807365,0.04930516544,0.0442315029509,0.0402345037132,0.0370311165213,0.0344170706055,0.0322484564944,0.0304230500573,0.0288669564968;0.00509187225656,0.0049510670339,0.00488639054515,0.00480316434433,0.00461735572164,0.00428338371463,0.00404472460462,0.0041364982329,0.00409638280487,0.00387463030692,0.0033917541656,0.00346563939588,0.00366048815935,0.00347372121258,0.0037866871231,0.00334172183108,0.00413948628526,0.00427665688194,0.00422167653655,0.00375303571794,0.00562099627659,0.00671652464813,0.00774633404722,0.00892579636599,0.0103257335628,0.0119070809979,0.0138093275151,0.0162989556774,0.0193939338527,0.0231533979537,0.027761080346,0.0334800535325,0.0406293943673,0.049569944752,0.0608466512324,0.0759743803034,0.0978616008696,0.114645442052,0.0977541703592,0.0763596078784,0.0622897955891,0.0530380388551,0.0465628981694,0.0417816339634,0.0381041532117,0.0351860998425,0.0328134549268,0.0308461050665,0.029188362163;0.00504618390348,0.00499514598725,0.00495748667489,0.00486927970273,0.00472603764083,0.0045487890423,0.0044003807408,0.00430601120423,0.00419626342464,0.00398360385205,0.0034478259922,0.00362438553097,0.00379293531336,0.00381132135852,0.00388854531121,0.00387653087644,0.00405118750015,0.00428546587113,0.00452067478647,0.0047718817383,0.00557375677776,0.00654720406133,0.00758104977927,0.0088485977727,0.0102240868925,0.0115139142103,0.0129252830943,0.0160603444449,0.0195995673374,0.0237921558138,0.0290044404631,0.0357054094317,0.0445065982967,0.0560971802186,0.0711334775976,0.092224118092,0.1402528732,0.31426579216,0.134508325523,0.0867493820607,0.0667638396246,0.0554306806461,0.0480022603852,0.0427105117161,0.0387312847523,0.0356225057566,0.0331233371545,0.0310689310179,0.0293495536134;0.00417747508237,0.00491901419636,0.00499877945169,0.0049320019692,0.00481034798618,0.00465973217913,0.00450084540712,0.00436160382718,0.00425930444157,0.00414511771736,0.00402707736358,0.00399737276913,0.00399968645105,0.00394601726986,0.00386257282945,0.00286074816239,0.00340969806659,0.00379894605295,0.00441976095973,0.00496625718561,0.00559383826682,0.00579991777284,0.00700214167797,0.00860894991869,0.0100718694838,0.0111843066844,0.0116055708279,0.0156882226434,0.019686299693,0.0242140316429,0.0299220161218,0.0375548730674,0.0482573572159,0.0636981512353,0.084749176212,0.107285709818,0.137862708006,0.186234347226,0.124920071832,0.0862041659164,0.0670748347137,0.0557570076692,0.0482415110482,0.0428691590615,0.0388293542219,0.0356772870705,0.0331475856919,0.0310716884097,0.0293371823661;0.0048418336489,0.00502362022831,0.00506337713576,0.00499395966902,0.00487386515504,0.00471313841853,0.00448657587667,0.00417738203528,0.00421618473545,0.0041904507182,0.00415253627509,0.00412108636779,0.00406508236674,0.00379124505163,0.00335324661373,0.00393781411463,0.00393511612648,0.00405766870865,0.00431509918182,0.00504776184054,0.00559528093104,0.00615377154675,0.00637944769074,0.00838334286051,0.00996536104083,0.0114158732804,0.0121568730151,0.0158172023687,0.0197639583999,0.0243620532338,0.0303033441673,0.0385431333749,0.0509410949612,0.071851919523,0.112048632084,0.152935371436,0.128731771654,0.114912320887,0.0965418132939,0.0774704085752,0.0636312676709,0.054075746427,0.0472771760975,0.0422451000367,0.0383872546308,0.0353421291075,0.0328802744159,