RNF2_OAC1=[0.815211978174,0.818948790286,0.824312979167,0.830196233715,0.836163960641,0.842666336635,0.851743599956,0.89045600503,0.864282940981,0.864067976881,0.867291359986,0.866986936181,0.873283271848,0.883761040294,0.902460768764,0.89143610623,0.895886171732,0.894400141226,0.898316190243,0.901760993301,0.902289322278,0.903023243247,0.916708122475,0.89561968119,0.887069592266,0.881818460009,0.87758589159,0.873982409357,0.870886420916,0.868214857293,0.865899770386,0.863886345351,0.862128943554,0.860586720231,0.859220504979,0.857991613944,0.856862962841,0.855802328284,0.854786346416,0.853802784241,0.852849421494,0.851930259335,0.85105131136,0.850217712558,0.849432493742,0.848696508376,0.848008882276,0.847367573689,0.846769857306;0.803935784237,0.809239217621,0.817589171826,0.82541074891,0.832017746196,0.838099743502,0.845259981021,0.855443211302,0.858822184796,0.854415719159,0.854856952018,0.859505467041,0.872295201811,0.894165982331,0.886722255572,0.889894531048,0.896132344384,0.895027041767,0.89990743314,0.9013836375,0.899973149914,0.898291536717,0.896410005588,0.891284383545,0.88547086208,0.880693189401,0.876700767537,0.873277506426,0.870308799587,0.867724773222,0.865476130554,0.863523535855,0.861831058376,0.860361688866,0.859074481613,0.857923644037,0.856860953813,0.855842744385,0.854839383022,0.853840912257,0.852854118508,0.851893689685,0.85097397899,0.850104885433,0.849291277262,0.848534064657,0.84783157788,0.847180694944,0.846577614389;0.77958808555,0.791708954273,0.809411609552,0.820692240635,0.827955704897,0.832939028052,0.836786822652,0.844065786823,0.855795258557,0.844664044373,0.843074984773,0.838728675591,0.860145781514,0.875351103571,0.880876360405,0.887519824393,0.891839360952,0.896202950409,0.9084436892,0.907241713916,0.905822916023,0.899129824923,0.896454721392,0.889451465221,0.8840911601,0.879579062089,0.87575265572,0.872462646158,0.869597150199,0.867092810637,0.864914836307,0.863038042797,0.861435859557,0.860074722127,0.858910391718,0.857885269441,0.856930197136,0.855977521477,0.854984526413,0.853948639776,0.852898031474,0.851868531332,0.850887458641,0.849969719034,0.849120433269,0.848338737074,0.847620683296,0.846961028866,0.846354216324;0.66939359778,0.760842917601,0.803909977371,0.817726051137,0.825271409354,0.829129491453,0.827941419287,0.81984918121,0.835328650035,0.832639273222,0.834152510093,0.81355575966,0.824381945617,0.873166271196,0.882112862715,0.896756006665,0.89687413152,0.89789803137,0.920778517199,0.904143655326,0.899412239832,0.898957968247,0.89821661642,0.889249119389,0.883233439119,0.878534066855,0.874774922254,0.871585716914,0.86879489955,0.866346973745,0.864230156799,0.862437218951,0.860951577362,0.859743375525,0.858765278228,0.857943543255,0.857169900147,0.856320267533,0.855318944199,0.854187669002,0.853009648611,0.851862214204,0.85078907467,0.849806025058,0.848913416501,0.848104845885,0.847371696249,0.84670519232,0.84609722058;0.73648444253,0.80128913228,0.810366493268,0.81744461668,0.825122458706,0.830759237919,0.826337164492,0.795309735832,0.654846927778,0.813218066863,0.829669026875,0.848829512514,0.847586143494,0.891115399782,0.879375262468,0.889160611743,0.886841192397,0.90116025816,0.907595628462,0.898159906107,0.89409894098,0.892156207241,0.894378609786,0.894384902161,0.882486083899,0.877435091901,0.873817189193,0.870728895772,0.867958031224,0.865510694679,0.863425550079,0.861717740161,0.86037850427,0.859382301777,0.858685646444,0.85820635345,0.85777205839,0.857106846305,0.856027876393,0.85465023171,0.853214377679,0.851870003275,0.850665367927,0.849600345,0.848659336846,0.847824308295,0.847078888085,0.84640925654,0.845804020372;0.785437908986,0.805746516968,0.81129488615,0.817144743453,0.826252845917,0.849643855439,0.852981024767,0.816150952364,0.799542142961,0.808552287192,0.830330400044,0.827422990453,0.843182546104,0.857407577306,0.856955376352,0.869559483559,0.874145199098,0.88651832914,0.894743214371,0.899541154864,0.892737357533,0.888399279628,0.888167536431,0.886589466149,0.880222546198,0.87623224418,0.873119397934,0.870091974527,0.867169159951,0.864593023097,0.862482629357,0.860857894345,0.859703053329,0.858995402418,0.858715507423,0.858833328082,0.859150773903,0.858932594734,0.857501961595,0.855450074655,0.853503698626,0.851856709955,0.850484667011,0.849329727435,0.84834271437,0.847486997755,0.846735764469,0.846069152605,0.845472162753;0.786300340769,0.795338710305,0.805774040331,0.814869124332,0.823794105513,0.834272033012,0.837301178975,0.822933695829,0.810279537123,0.793667248918,0.745883122557,0.79907224857,0.838656318262,0.860998085354,0.835250548054,0.719032723013,0.859127577996,0.879211131723,0.895019145295,0.917669327765,0.891389731781,0.885371971082,0.882912755935,0.880449959945,0.877673597555,0.875701010478,0.873644238606,0.870140720552,0.866503984818,0.86354852374,0.861341053533,0.859809271993,0.858894180842,0.858569584977,0.858859638174,0.859952664248,0.862266050555,0.863964460504,0.86059202649,0.856580221677,0.853755759835,0.851733260842,0.850193249021,0.848962823442,0.847945232355,0.847082177153,0.846336082449,0.84568136206,0.845099812219;0.766176737249,0.782195448261,0.799855523481,0.811741956374,0.820145216413,0.825817892702,0.827085372736,0.82284588151,0.813612116116,0.790955736713,0.708388953285,0.787900258658,0.834299807208,0.850085290081,0.848658176366,0.850891751408,0.864327905774,0.870288368068,0.876121007597,0.887358801629,0.886833347182,0.884000408554,0.881782811526,0.878256584575,0.876102587647,0.8776597255,0.88035302905,0.871517170737,0.865800680706,0.862194717047,0.859878726413,0.858493351842,0.857906272978,0.858095413074,0.859084388013,0.861223210071,0.867698707732,0.893874417208,0.865387865529,0.857337767399,0.853650201254,0.851360468428,0.849726365963,0.848467431469,0.847450165691,0.846601043316,0.84587533327,0.845243802096,0.844686292611;0.62734727872,0.759588493939,0.794791062236,0.809548097195,0.818269437249,0.823964021658,0.827150816462,0.827032813443,0.822091452464,0.812696131434,0.805253188481,0.817974068969,0.837084138173,0.851028510327,0.860600471113,0.900930574675,0.886527220717,0.867403070487,0.839305226469,0.870901302624,0.880630914815,0.893180353664,0.8868602255,0.87750237578,0.874106151522,0.877907622741,0.89020629746,0.872562759684,0.864221339859,0.860175166143,0.857928737846,0.856809579173,0.85667407868,0.857622756756,0.859707434448,0.862242654504,0.866201515148,0.873088291662,0.862943506838,0.856344056176,0.852851292468,0.85062677388,0.849039109515,0.847823533743,0.846848350181,0.846039674319,0.845352293952,0.844756686232,0.844232584833;0.72102666763,0.7678502236,0.795901147718,0.809523401996,0.818075469247,0.82464985312,0.831517386527,0.840050741886,0.834031913578,0.830051406278,0.82940910722,0.834691779091,0.844363655608,0.861239797266,0.881879063391,0.866189026264,0.869011993395,0.853007384128,0.824704993386,0.864317854952,0.876589802404,0.882386859479,0.892631897151,0.875513200082,0.870125333167,0.870503521048,0.881060305614,0.867839307668,0.860617811376,0.857178198682,0.855367309769,0.854657483939,0.855052624568,0.857086883699,0.862364580889,0.867973913766,0.863564871497,0.860844351822,0.857461930958,0.854009691293,0.851420603986,0.849543807717,0.848134963876,0.847033671366,0.846142549035,0.845401078297,0.844770068517,0.844223085045,0.843741641343;0.779358305956,0.788977790998,0.801499349548,0.811164834016,0.81865121856,0.825464077117,0.834368879364,0.856408985999,0.844766196615,0.846283578257,0.842843484896,0.845432767699,0.849585270141,0.856493549569,0.861105838318,0.857967201184,0.865681729957,0.867970911037,0.901276455185,0.873887554196,0.888398091301,0.878873312708,0.876591271718,0.877320233613,0.864069792125,0.861067633995,0.860610059232,0.858259443503,0.855312858222,0.85330242006,0.852216328581,0.851981794235,0.852777168653,0.855445259085,0.864483795777,0.90026929262,0.86214561448,0.856565704993,0.85376451472,0.851522940199,0.84968576904,0.848224050499,0.847061602171,0.846122280368,0.845347487666,0.844695323678,0.844136192579,