SALL1_OAC1=[0.718334317233,0.718375384821,0.719322960141,0.720155358172,0.720435149117,0.720460875701,0.722908622181,0.782080102039,0.713797194965,0.68972859284,0.682427999702,0.709186305779,0.712213628097,0.703623235711,0.759279234772,0.714212281228,0.690193988648,0.732596142256,0.751576140858,0.762762848774,0.776121081497,0.791920218122,0.830607668769,0.796903314134,0.788749320621,0.786790811308,0.786347358773,0.786507079209,0.786963212588,0.787558350333,0.788204758015,0.78885530905,0.789483551503,0.790070667256,0.790598255714,0.791045782669,0.791392090036,0.791620154564,0.791722798697,0.791705812311,0.791586277534,0.791387282366,0.791132250564,0.790841247727,0.790529639041,0.790208309029,0.789884541925,0.789562993895,0.789246512734;0.709137294516,0.710432073836,0.713626624752,0.715565227264,0.715637920917,0.71385850074,0.709176763714,0.693990778376,0.673840958735,0.694684048884,0.708199276094,0.721531262069,0.720448692934,0.620010372967,0.714285350737,0.707465342611,0.687387067115,0.732185959172,0.755661554902,0.768654613189,0.776981634755,0.783951760061,0.789013685487,0.787178637028,0.784710019747,0.784530795204,0.785384632933,0.786493706278,0.787578928808,0.788567919162,0.789458400269,0.790266334962,0.791005715233,0.791680276596,0.792280299484,0.792782815014,0.793156448964,0.793372330007,0.793417912029,0.793304838151,0.793064614087,0.792736295484,0.792355413936,0.791948829711,0.791534481141,0.791123297029,0.79072140627,0.79033190848,0.78995609452;0.688982582457,0.696389669039,0.707279389653,0.711327072779,0.711231099497,0.70834227133,0.699998863733,0.668231998494,0.621007280097,0.68897785192,0.716252705095,0.734956345028,0.747636709156,0.721378554654,0.713826524769,0.715473881726,0.726402183239,0.737469580173,0.753635575766,0.775068529727,0.790502323433,0.785580194534,0.786243784568,0.779490950208,0.77960548534,0.782108683485,0.784725692312,0.786883159693,0.788567177468,0.789890422938,0.790970907558,0.791899431762,0.792733698072,0.793499835599,0.794194049985,0.794783528384,0.795212266046,0.79542163879,0.795384186627,0.795124513975,0.79470544908,0.794195933241,0.79364937876,0.793099265566,0.792563564115,0.792050490955,0.79156282276,0.791100557545,0.7906624057;0.593611218337,0.6725211855,0.704553432277,0.708597811998,0.70706844571,0.70400885043,0.700356730393,0.689600238748,0.606319542801,0.683345903283,0.725527424841,0.749281062954,0.702767592767,0.71636555236,0.703430720994,0.678547995713,0.74206660585,0.746499789251,0.694953712747,0.763881289088,0.777671591062,0.78341536689,0.779416400737,0.764844016852,0.772490461744,0.77999067614,0.784864771636,0.788034370916,0.790161191357,0.791665443712,0.792821089407,0.793799387726,0.794698542739,0.795563612619,0.796394169347,0.797139485773,0.79769220097,0.797918175725,0.797747591983,0.797241674396,0.796540506848,0.795769876261,0.795004777002,0.794278999577,0.793603295308,0.792977812714,0.792398580377,0.791860476335,0.791358462574;0.65621024933,0.724293774404,0.714858210523,0.707647743024,0.701135511245,0.692808378586,0.700019302317,0.712216543774,0.756909354747,0.715323072482,0.737359983145,0.767996478013,0.742449085075,0.789685489521,0.722325659486,0.673904824351,0.741106279555,0.779306597717,0.785851262374,0.769127421853,0.770968440951,0.768284653629,0.734117288672,0.708562101532,0.765593089791,0.780039170435,0.786735695397,0.790435223238,0.792609794616,0.794008105953,0.795055041915,0.795981713355,0.796908465356,0.79789152674,0.798938606197,0.799988838198,0.800846976367,0.801170717248,0.800746758779,0.799768926122,0.798593423742,0.797442814756,0.796395980881,0.795463430441,0.794633235701,0.793889103931,0.793216074715,0.792601803929,0.792036468574;0.700243252409,0.7204677232,0.714718813948,0.706583271729,0.694527465734,0.62631819606,0.711369837117,0.719717814548,0.724161183374,0.731328426097,0.76317363963,0.748317597399,0.750794798835,0.756409495714,0.751258132567,0.77474329989,0.7623674807,0.771213412418,0.770451010225,0.765940678377,0.771399785447,0.769633347737,0.752069110382,0.745701424108,0.772220523358,0.784924670062,0.791395578025,0.794599901618,0.796109541016,0.796959506685,0.797655867413,0.798415472845,0.799337459299,0.800476076297,0.801869223756,0.803526235611,0.80521483986,0.805962115212,0.804886364958,0.802839876125,0.80083785649,0.799156334141,0.797771651075,0.796614298103,0.795625993849,0.794764732591,0.794000993788,0.793313864429,0.792688262754;0.700189499379,0.70493633264,0.707915010158,0.706457984847,0.699559114009,0.685155577243,0.708299022617,0.7198723411,0.724609298538,0.730297660143,0.725357308612,0.744770644138,0.759175943504,0.779201746664,0.763436568947,0.798110271197,0.765719957111,0.773627523181,0.776654170068,0.724134115895,0.776900248252,0.780064921632,0.77864536459,0.77952417619,0.786555407688,0.794604401598,0.799946743977,0.801058737031,0.800687516338,0.800409761077,0.800510329522,0.801010809892,0.801920501731,0.803273991786,0.805160487451,0.807882389292,0.812041522651,0.815164545966,0.811265303439,0.80641531435,0.803092806482,0.800779370463,0.799050698772,0.797681714493,0.796549845452,0.795583641836,0.794738743305,0.793986125369,0.793305961564;0.682896811578,0.693495907853,0.7040345878,0.707811291649,0.707379396526,0.706777432715,0.711240418689,0.717542971642,0.723581350125,0.728120751068,0.725255459767,0.737771109188,0.754519069729,0.759192893665,0.751599362565,0.74953659403,0.762671030107,0.765497648769,0.773715403186,0.787575769229,0.792847721204,0.794922859536,0.796261821922,0.795871880628,0.799263858556,0.808696214222,0.81867919682,0.810253959516,0.805901240029,0.804003847795,0.803393912472,0.803621060039,0.804561425105,0.806237424827,0.808725412564,0.812535190046,0.821981093578,0.857653735514,0.819904803312,0.809524029861,0.804916992133,0.802116816369,0.80013837644,0.798614743106,0.797374831106,0.796326815904,0.795416454754,0.794609395776,0.79388269657;0.560497622335,0.675232810543,0.702119423127,0.709825389877,0.711594160822,0.711016287562,0.709760414023,0.711225167188,0.719899791486,0.72900116657,0.734905098621,0.741661180421,0.746257599659,0.742807635208,0.734183504858,0.567847143275,0.788521278399,0.705264072495,0.768926981296,0.791802428215,0.801576232408,0.824547717356,0.818479288149,0.808691012411,0.808786679383,0.819378569404,0.841262510636,0.819239163242,0.810374919742,0.807154792495,0.806020349583,0.806065728091,0.807132033993,0.809390302346,0.812941628184,0.816904176878,0.822601993884,0.832046915252,0.818873463781,0.810342219146,0.805864693267,0.803015537081,0.800967796215,0.7993787485,0.798080634231,0.796981149614,0.796025021518,0.795176962831,0.794413282133;0.646314433765,0.685070202416,0.706073318955,0.71321490371,0.714541661439,0.71135977684,0.699411188543,0.675373033542,0.709647890659,0.73033389987,0.739595731189,0.745455943191,0.745920347003,0.72134538784,0.738399609022,0.752645207581,0.772965513818,0.765179081469,0.783145634813,0.791131474929,0.805075245576,0.817258161681,0.83792286586,0.817669671595,0.814690122282,0.819016615934,0.836407381644,0.820476298763,0.812527066711,0.809403123132,0.808180974834,0.808170960878,0.809400544362,0.812595013555,0.819875891607,0.827453509136,0.821845583139,0.818377207487,0.813989212457,0.809463692733,0.806026202659,0.803487670447,0.801536216826,0.799968406536,0.798662006297,0.797541987946,0.796560399515,0.795685307651,0.79489463342;0.701337568646,0.706946537334,0.71439713587,0.718227641366,0.71833111836,0.713749906952,0.6968533359,0.623753881199,0.710241093217,0.740141467872,0.744459931879,0.75276404295,0.756076727024,0.751765576868,0.758560697958,0.770475662693,0.785740706956,0.778737858735,0.804947763911,0.793345364494,0.825966865654,0.818806335017,0.823988086748,0.832027900134,0.81878751152,0.817436272738,0.818249985608,0.816094034668,0.81295349195,0.81088360359,0.809874134933,0.809832476476,0.810996372005,0.814463044794,0.826027133131,0.871896181235,0.822779868843,0.815416917988,0.811591305003,0.808459795068,0.805830743422,0.803673915688,0.8018968319,0.80040571387,0.799128313878,0.798013072661,0.797023651645,