SEMA6A__poly=[0.744516553738,0.752734060052,0.761527857248,0.771176468509,0.782149566813,0.79492378115,0.809029152302,0.824700171756,0.850777774202,0.865046184466,0.860743129618,0.869449394628,0.895476435937,0.920630251165,0.900292139314,0.908943890071,0.911872077329,0.901458428501,0.898620161902,0.896011802603,0.900593110176,0.900390315107,0.898316297176,0.887299098975,0.881454741716,0.87887761227,0.875621628476,0.854449605507,0.841284571711,0.829572563801,0.817740465672,0.805465851726,0.793565584552,0.782518006261,0.772336286739,0.76293355793,0.754222005852,0.746126747816,0.738584838125,0.731542768167,0.724954456004,0.718779790509,0.712983564387,0.70753466472,0.702405439023,0.697571186889,0.693009745565,0.688701148053,0.684627338446;0.742860735347,0.751272629329,0.760058920022,0.769626492311,0.780970661941,0.796287372194,0.81930411293,0.825430754408,0.845474872575,0.849533057436,0.859639923824,0.869047518596,0.87611263796,0.885141779321,0.888076867231,0.900902577099,0.89469810333,0.900314986236,0.90167296164,0.89036409591,0.894200520689,0.902223014943,0.903055319329,0.903794681748,0.887611134151,0.879253818599,0.870765147105,0.86217962615,0.849768763894,0.833277921086,0.818514209963,0.805206291414,0.792804098624,0.781358287661,0.77084048847,0.761164960712,0.752239262584,0.743980036636,0.736315399255,0.729183880244,0.722532779758,0.716316651414,0.710496040358,0.705036462695,0.699907585428,0.695082566838,0.690537523587,0.686251097533,0.682204101088;0.741224490841,0.750154301337,0.758699361791,0.767316563011,0.777767931193,0.792604695898,0.81697589647,0.820507394469,0.836712252102,0.839043131173,0.846059666344,0.863474523413,0.87048233888,0.867935419717,0.877740085432,0.899760304287,0.887827112793,0.889601653303,0.893176674125,0.887929329479,0.883494601492,0.912732833408,0.888292959917,0.894413189992,0.906368068129,0.876578021337,0.867540869859,0.866213058227,0.862143535203,0.837379299392,0.820514246864,0.805175642362,0.79161162515,0.779546790475,0.768652978157,0.758728002207,0.749631974625,0.741257333464,0.733517348546,0.726340455925,0.719666734303,0.713445428663,0.707633111046,0.702192280136,0.69709028111,0.692298464422,0.687791524309,0.683546973223,0.679544719801;0.739945777047,0.751387199759,0.759662670727,0.764804649956,0.772652002066,0.783473654489,0.796731863804,0.818869152969,0.823526330929,0.823699608092,0.832160717137,0.845549204042,0.852581114139,0.853587649291,0.862530218996,0.873242474004,0.876103113771,0.876782979411,0.878066805016,0.870557612986,0.870775581021,0.874874185207,0.879707299404,0.900503298631,0.884455205666,0.875503895308,0.871431584349,0.870796040056,0.852552969466,0.84747626086,0.82628149038,0.804651453631,0.789619008489,0.7769222119,0.765685090417,0.755563924819,0.746357504902,0.737926461526,0.730165926793,0.722993200578,0.716341132237,0.710154070845,0.70438515641,0.698994410403,0.693947345897,0.689213931687,0.684767804231,0.680585656898,0.676646758695;0.738143259079,0.761383726563,0.774371855136,0.76208018896,0.766922228671,0.774779214217,0.784320002446,0.797104859006,0.804301684369,0.809582194167,0.820268288688,0.829026846878,0.833267650892,0.838937777542,0.844703489566,0.84940158104,0.851921411762,0.853073000847,0.853657384981,0.853377414469,0.854691121335,0.85828329348,0.865503788856,0.87398088205,0.878280778339,0.871687665204,0.858523800536,0.848909981555,0.840964915568,0.835263143567,0.821216310585,0.801952862843,0.786454500762,0.773309384261,0.76183698311,0.751612149503,0.742376983215,0.733961252285,0.726242814366,0.719128872567,0.7125461587,0.70643517477,0.700746540277,0.695438558198,0.690475530595,0.685826552303,0.681464619497,0.677365952776,0.673509471387;0.732354558474,0.748230387831,0.757004497991,0.756088202963,0.762604532987,0.768480949274,0.772125176738,0.778444751391,0.785686857199,0.794356607396,0.811102971784,0.821335712708,0.818563155523,0.831559403363,0.83435910698,0.834167079664,0.835767533842,0.835116439579,0.836237410307,0.838440587688,0.840888843795,0.844784965971,0.854074644032,0.859354194502,0.860484621491,0.863653094389,0.866082186494,0.844748056966,0.831453576625,0.822192226399,0.817753040802,0.799595317949,0.782128783679,0.768581068824,0.757027464009,0.746826379936,0.737664082149,0.729346569059,0.721739126099,0.71474210267,0.708278489181,0.702286684461,0.696716060466,0.691524141137,0.686674728215,0.682136596072,0.677882543292,0.673888679494,0.670133874706;0.724179935237,0.733419397549,0.741594030773,0.748815248144,0.765515091537,0.776093185356,0.75988921589,0.762404057151,0.768532466226,0.776717216454,0.786745826417,0.794991972771,0.801511026754,0.811369603216,0.8163836395,0.824342544356,0.82725476918,0.818171015932,0.820751440086,0.829626940113,0.830198229444,0.83258792366,0.837618434635,0.843517576172,0.855759493466,0.853517780239,0.85181581524,0.839620554633,0.829652136736,0.815055421823,0.814287296612,0.793815804376,0.776017261814,0.762605887206,0.751212901804,0.741189665137,0.732214356172,0.724083913596,0.716658631382,0.709837153703,0.703542219068,0.697712378979,0.692297211471,0.687254439816,0.682548067497,0.678147083211,0.67402451404,0.67015670853,0.666522780495;0.716379101942,0.72421412318,0.734970214673,0.74653754963,0.746833610962,0.747237178914,0.742870810408,0.744513576804,0.749885383544,0.757348823552,0.766078141398,0.77510789074,0.783449417955,0.790811073384,0.796388390194,0.80087604553,0.80154813856,0.797399099895,0.794897631148,0.822352781725,0.825334850863,0.822962364264,0.834745988338,0.830080932564,0.839626366946,0.858878363042,0.842839112964,0.827008880129,0.820502776733,0.80829604772,0.797529676207,0.782866786209,0.768183964679,0.755437261056,0.744421566546,0.734728101884,0.72605421161,0.718196887746,0.711020513834,0.704429077325,0.698349249793,0.692721944813,0.687498150559,0.682636540323,0.678101860537,0.673863744412,0.669895807464,0.666174945665,0.662680783716;0.709147830531,0.715409491954,0.727332495307,0.770383617926,0.726427201949,0.722590858607,0.721226348912,0.721856113815,0.727695089864,0.735053527889,0.743958769065,0.756259330638,0.766944594905,0.774531895542,0.779641541355,0.782630685509,0.78273660668,0.776434206558,0.707118874895,0.781270012801,0.812127825019,0.808434303384,0.813933699279,0.813188704041,0.820069073763,0.835845602771,0.822934850975,0.810830104829,0.806539700662,0.817292912858,0.798165277152,0.775098144182,0.759678410021,0.747271211326,0.736743492555,0.727521227929,0.719251789879,0.711736579916,0.704860787038,0.6985435118,0.692718707967,0.687330436109,0.682331284979,0.677681037875,0.673345394723,0.669294875428,0.665503934268,0.661950257821,0.658614208954;0.703429691759,0.706589286243,0.706883967422,0.702584472338,0.696061509068,0.6986992037,0.695233977646,0.681510272759,0.698910181869,0.705666467451,0.705998901422,0.738231311041,0.753958313888,0.761732718472,0.765956854225,0.768079941924,0.768502307817,0.766216372608,0.761828709577,0.775665359388,0.790187728788,0.791711762234,0.793080272828,0.795199984843,0.799493645383,0.807152756706,0.803354158637,0.796842553148,0.797351238162,0.817552748074,0.792885504556,0.765733644309,0.750005489355,0.73811104509,0.728320021222,0.719741019823,0.71193923756,0.70478583218,0.698230168718,0.692214007079,0.686675029399,0.681557041284,0.676812481521,0.672401521014,0.668290589204,0.664451102989,0.660858476101,0.657491354327,0.654331021544;0.703728500967,0.706681494933,0.692009424323,0.663520717259,0.621296839514,0.676016535826,0.675389215408,0.561391620465,0.677296396077,0.685626657337,0.642033573919,0.744077804023,0.748425455635,0.754974100766,0.755873412336,0.755767633624,0.756347658397,0.757323256654,0.760438152048,0.770808027149,0.829220609201,0.778002908341,0.776959263692,0.778478881274,0.781362079706,0.785247267943,0.786535041577,0.786132189208,0.787189559791,0.787796837036,0.770916706176,0.753023461428,0.738647374445,0.727985482246,0.719567158582,0.711813868301,0.704350728666,0.697450782935,0.691183363857,0.68547596994,0.680244841677,0.675423359932,0.67096003287,0.666813919905,0.662951570032,0.659345097795,