SEMA6A_OAC1=[0.863147484471,0.867904493482,0.872637456709,0.877690514214,0.883383603244,0.890092929888,0.89892323409,0.927289594574,0.912209498816,0.914105044501,0.917892943083,0.918900602168,0.922657113887,0.927725468319,0.937586745667,0.928074576564,0.928226473119,0.924039342618,0.923670969505,0.923173646198,0.920583939309,0.918293144303,0.927431837925,0.906173694804,0.895484775594,0.887599389289,0.880554694034,0.874041556745,0.867983328159,0.862329897312,0.857038254441,0.852072716453,0.847402392683,0.842997475128,0.838826344383,0.834854522959,0.831046205583,0.82736847623,0.823796730289,0.820318311945,0.81693206784,0.813644349082,0.810464086836,0.807399180237,0.804454815078,0.801633215799,0.798934105156,0.796355361675,0.793893626197;0.865226688297,0.869852449234,0.874074387647,0.878714288042,0.884198088488,0.890781054774,0.89897356332,0.909096070294,0.914130476015,0.913855831242,0.9167366039,0.921961379871,0.928643971194,0.937766265265,0.929624250417,0.928212217267,0.929162271792,0.925189419597,0.925532063584,0.92352923817,0.919328696687,0.914886609229,0.910263146889,0.902731776551,0.894391198569,0.886835564809,0.879912091108,0.873469950988,0.867436615092,0.861773017937,0.856454197607,0.851460682912,0.846772624641,0.842365276858,0.838205761387,0.834251799413,0.83045433859,0.826765979393,0.823153164583,0.819604501913,0.816128766156,0.812744993301,0.809472456366,0.806325229328,0.803311065335,0.800432449947,0.797688184108,0.795074760804,0.792587357732;0.869746865668,0.87350491254,0.875977205774,0.879635241605,0.884704100761,0.891020053296,0.898630601254,0.909063161423,0.919801024346,0.915377111065,0.918142056223,0.925774408675,0.936273783844,0.932485792483,0.928997883692,0.928679471073,0.927791373419,0.927269908245,0.932807633654,0.928868732097,0.92473172998,0.916199003286,0.910810427697,0.90151746268,0.893452379088,0.886017727245,0.879132642668,0.872705644264,0.86666461218,0.86097537575,0.855627329949,0.85061645071,0.845934219583,0.84156114174,0.837461857306,0.833581111068,0.829844907804,0.826175609224,0.822521171844,0.818876454164,0.815274797853,0.811760993564,0.808370858873,0.805125359078,0.802033081101,0.799094577481,0.79630587547,0.793660736147,0.79115196251;0.889228437104,0.881277073748,0.878570376384,0.880355236688,0.885031237531,0.891361413789,0.898552244435,0.907417094952,0.924192435632,0.917589811152,0.919425872596,0.929022194596,0.938538145111,0.934853331537,0.932414966827,0.936889274842,0.933271642984,0.93016166463,0.94290496338,0.927497560368,0.92044246079,0.916706401197,0.912821157732,0.901724976143,0.892940175161,0.885196982301,0.87824585552,0.871793551175,0.865708277683,0.859961872511,0.854567485935,0.849541780392,0.844889580487,0.840598160245,0.836630953859,0.832915462211,0.829331369499,0.825730647227,0.82201590972,0.818206438183,0.814400991881,0.810696248608,0.807149942971,0.803785478855,0.800606265155,0.797606238178,0.794775582585,0.792103458093,0.789579190733;0.879893323469,0.89440378803,0.881771306905,0.880222725231,0.885226508594,0.893153346676,0.899993177805,0.907458853893,0.928291144378,0.91484884151,0.91909200484,0.930321448902,0.927938644025,0.943440851803,0.93357897962,0.936060794898,0.93016539167,0.934517339144,0.934872270105,0.924215567339,0.917220345049,0.911825319825,0.910027134405,0.906605038639,0.89246543132,0.88425090702,0.877296425893,0.870812989003,0.864621634902,0.858752458422,0.853272324373,0.848225890953,0.843631389545,0.839485579257,0.835760504726,0.832377304204,0.829140994074,0.825716523532,0.821864250719,0.817706743861,0.81353492866,0.80953894626,0.805785885472,0.802281355926,0.79900965894,0.795950311835,0.793083586883,0.790391968677,0.787860257107;0.868471706161,0.879452903442,0.877252177569,0.877875297088,0.8843756452,0.903439266892,0.912481383604,0.904041389699,0.906733516696,0.91164252159,0.924550179505,0.920877582878,0.922382027293,0.925968233209,0.927427589146,0.935227572616,0.927974645247,0.927597313557,0.927711198244,0.92666687945,0.917261215368,0.909519321358,0.905212519552,0.899987259159,0.890528623723,0.883127011331,0.876516515179,0.869963441632,0.863487575661,0.857352168763,0.851715197926,0.846636487077,0.84213547058,0.838219588848,0.834895532567,0.832153330364,0.829775282668,0.826867529864,0.822555163173,0.817520034205,0.812661556371,0.808237382387,0.804230129278,0.800575266774,0.797215341717,0.794106231347,0.79121457292,0.788514681921,0.785986254444;0.861612448189,0.866683119505,0.86973166488,0.873329035889,0.879668871774,0.889847470276,0.897552778004,0.897062617363,0.900153253799,0.907822341659,0.921533517442,0.922307940022,0.920736331851,0.927554433227,0.924148186025,0.935884639684,0.924153962084,0.925415037519,0.930180908938,0.941387701355,0.917492342276,0.907818338342,0.901155660586,0.894757917664,0.888245605857,0.882559338479,0.876851144608,0.869717928716,0.862385064768,0.855708604239,0.84982244875,0.844709494957,0.840355852986,0.836775538082,0.834035534724,0.832397820681,0.832414739459,0.831882315142,0.825170000848,0.817640279395,0.811619523364,0.806667884831,0.802403291552,0.798616851538,0.795190452588,0.792051748404,0.789152930396,0.786460297914,0.783948789171;0.859502733858,0.862029978067,0.864224030945,0.867839812038,0.872980387788,0.879076849561,0.884501212508,0.888703471786,0.893588381229,0.901332037765,0.916978484104,0.915511328251,0.914697102815,0.91753435814,0.919255159925,0.922942830949,0.923124857049,0.922619854154,0.92262346852,0.92291993413,0.915464484167,0.90729295195,0.900405493625,0.892877099253,0.886774913062,0.884291073012,0.883172047695,0.87074044767,0.861151215965,0.853622160158,0.847449437533,0.842343286717,0.838226649313,0.835130891194,0.833134035135,0.832704896265,0.837813975263,0.867837686238,0.829865435157,0.817170662013,0.809984702665,0.804636619842,0.80020834685,0.796352576273,0.792902893966,0.789766286658,0.786884755902,0.784219031887,0.781740760352;0.88074590173,0.860494331886,0.859183242683,0.862021065465,0.866387137391,0.871570510381,0.877068252221,0.882259481684,0.886879347972,0.892366445123,0.89843158552,0.902591725753,0.906166653024,0.911080554514,0.916550500012,0.940858017536,0.932707243912,0.928643013627,0.921288325197,0.91653337046,0.911764075643,0.914672629995,0.904580714712,0.892136839048,0.884894846431,0.884416458487,0.892585268408,0.871391478678,0.858918637115,0.850699797851,0.844394415562,0.839404751278,0.835654509446,0.833329970354,0.832561872599,0.832583083149,0.834613298902,0.840614318162,0.825293561448,0.81431132946,0.807297714237,0.801978921822,0.797570835991,0.793743027114,0.790329403106,0.787235014848,0.784400054887,0.781783877664,0.779357123121;0.858182491384,0.853596962806,0.853151695429,0.855812197318,0.859834214478,0.864919709271,0.871857341607,0.881327266493,0.881543356654,0.884715433651,0.889328629289,0.894354909111,0.900064894381,0.910699151551,0.924360087353,0.915013503888,0.918880743121,0.920316084617,0.919572530859,0.911138125848,0.907525945268,0.90518517564,0.909066211717,0.890335796474,0.881372152727,0.877443615899,0.883470504381,0.866185995016,0.854471910081,0.84657728669,0.840489272628,0.835750769882,0.832446935156,0.831281180697,0.834289242701,0.838102546932,0.829807652447,0.823616002824,0.816609180266,0.809527300792,0.803605084886,0.798687364875,0.794478023365,0.790777493218,0.78746186111,0.784451906078,0.781694362405,0.779151529365,0.776795444652;0.841485923976,0.843984511863,0.846146629651,0.849144212985,0.852939034573,0.857678098018,0.864927329788,0.883389919992,0.875526813471,0.880319151314,0.882684138891,0.8889456019,0.895064578396,0.902518904775,0.907991589211,0.907154810391,0.912330337451,0.914599713671,0.934819788698,0.90925882677,0.913161084319,0.90064173765,0.895048780199,0.892393736213,0.876619865807,0.86898327108,0.863397467904,0.855994529018,0.848086200451,0.841303809207,0.835709582617,0.831276979121,0.82826014715,0.827722497202,0.835249188492,0.876489295395,0.826306664319,0.816350091481,0.809940483955,0.804317722268,0.799306550777,0.794888446315,0.790975810535,0.787474283737,0.784308004899,0.781420324243,