SETD1A__poly=[0.859703627476,0.863122140729,0.866916057286,0.871233143719,0.876321415935,0.882437327595,0.889314177133,0.89712360048,0.911218283215,0.918558986293,0.914814669398,0.919158639614,0.934526856618,0.949645499555,0.935699399419,0.940004997402,0.940497941809,0.93237312949,0.930956565003,0.931367332767,0.937050021264,0.939391463967,0.940140883219,0.935358413246,0.933552750483,0.933850683101,0.934218354039,0.925741018971,0.921869877586,0.918825554837,0.915695711522,0.912295179521,0.908984551083,0.905958586552,0.903207612655,0.900686101763,0.898354120034,0.896181118527,0.894144022621,0.892225201859,0.89041096839,0.888690514657,0.887055155919,0.885497783055,0.88401246418,0.882594153865,0.881238481042,0.879941594528,0.878700050642;0.857326272938,0.86082774602,0.864628197509,0.86894937171,0.874325410393,0.881982928574,0.894115191714,0.896287906778,0.906718032636,0.907633582509,0.912570591084,0.917628252381,0.921617006879,0.926848039524,0.927750697583,0.934291583465,0.926926965299,0.927642272565,0.930342406467,0.927436881254,0.933831207533,0.941204675166,0.943106409692,0.944223484153,0.935356966919,0.93189604444,0.929909181721,0.928755588093,0.925788824202,0.920805395356,0.916589725935,0.912927165302,0.909539242557,0.90644004563,0.90361242263,0.901018514521,0.898621305215,0.896390298757,0.894301557927,0.892336503322,0.890480665786,0.888722652984,0.887053351041,0.885465326797,0.883952388666,0.882509268319,0.881131392101,0.879814717879,0.878555618815;0.854690110649,0.858424906886,0.862087740501,0.865940954532,0.870938388787,0.878457305797,0.891473480206,0.891861906434,0.899555062567,0.898564948245,0.900943629994,0.911465424378,0.916405496078,0.915174135843,0.920915011789,0.933018933539,0.917710889838,0.895250783692,0.91220197169,0.924563807139,0.927910777975,0.948157833748,0.934557973211,0.937422933586,0.942742517748,0.92458948684,0.924530460222,0.929547078406,0.931746507299,0.923179207039,0.918276023986,0.913887402553,0.910118491553,0.906839103178,0.903906394095,0.901238178304,0.898782027786,0.896501107504,0.894368451617,0.892363920057,0.890472221958,0.888681528885,0.886982484142,0.885367497876,0.883830250809,0.882365348498,0.880968082279,0.879634264517,0.878360114913;0.851891730144,0.856928060157,0.860390357767,0.862331978531,0.866072912898,0.871521251059,0.878039583252,0.889316433016,0.88899358765,0.88432593009,0.884780275132,0.893200634366,0.901425068431,0.904923230759,0.911425086834,0.916387027076,0.910344711691,0.874763282512,0.899435251311,0.91507222002,0.922101901594,0.927199910989,0.930129497646,0.939520780952,0.918138077085,0.899677375517,0.920643591844,0.930978938453,0.927328330999,0.928742647214,0.921974722674,0.914913756097,0.910607869041,0.90712293848,0.904080880923,0.901343543259,0.898836892694,0.896514639338,0.894345634083,0.89230796003,0.890385655392,0.888566703715,0.886841738886,0.885203196964,0.883644759996,0.882160992219,0.880747102295,0.87939878738,0.878112129925;0.8483125813,0.859932928751,0.866012096381,0.857687813194,0.860196018708,0.864575039559,0.869279694696,0.874670510425,0.874453979002,0.868313728829,0.855348701299,0.859394261707,0.882495385532,0.89454898823,0.901237756221,0.904250097274,0.90307542831,0.899943278061,0.904002793614,0.911076962884,0.916362452819,0.920330748973,0.92395568076,0.92462361044,0.909389098724,0.863722077169,0.91219561624,0.920534411388,0.923070613633,0.924501713701,0.92121609167,0.915333511834,0.910892693797,0.907253054271,0.904122948045,0.90133261167,0.89878807322,0.89643412211,0.894236034538,0.892170750649,0.890222199171,0.888378610411,0.886630910732,0.884971752976,0.883394930442,0.881895022317,0.880467177986,0.879106984232,0.877810381727;0.841799722137,0.848248592791,0.85078245633,0.848995070601,0.853884359023,0.858773170105,0.861026900732,0.862790574126,0.861984797702,0.855113690114,0.817744769676,0.810793562808,0.869704771475,0.890403968183,0.89680579718,0.898898564627,0.900968226518,0.901878068997,0.90529783773,0.909838171672,0.913520393714,0.916664069789,0.921255722573,0.92172912983,0.917296890777,0.917608040662,0.926524119386,0.922468298042,0.9212017782,0.920736907054,0.921645371723,0.916257106924,0.911013153863,0.907209619109,0.904027236891,0.90120912103,0.898642373177,0.896266371705,0.894045197208,0.891956215427,0.889984260738,0.888118422539,0.886350253279,0.88467277969,0.883079961164,0.881566392713,0.88012714036,0.878757647798,0.877453681106;0.833297514256,0.833562607825,0.831701941309,0.833379958096,0.849396185813,0.861387261456,0.853647686726,0.854124978476,0.853482406633,0.85010163943,0.843762622526,0.848363559618,0.86532693959,0.880050437499,0.888245501968,0.896740217937,0.901812382848,0.900586120002,0.905839848074,0.912455853388,0.913255374992,0.914609982098,0.916980286517,0.919318144465,0.924948575383,0.924578098456,0.926736334796,0.924691932714,0.923679694614,0.92030579003,0.92247220559,0.916111534578,0.910745941076,0.906972094325,0.903804260853,0.90098855256,0.898414487673,0.896023339349,0.893781828388,0.891670093724,0.889675211834,0.887787779923,0.886000218194,0.884305959517,0.882699068939,0.881174065621,0.879725838853,0.878349606764,0.877040893318;0.825243041732,0.821218946354,0.806369505874,0.791263341343,0.825528423425,0.842429118321,0.845320619284,0.846471476101,0.845974961316,0.844657067873,0.845111657659,0.850497851686,0.859924838755,0.869771966349,0.878274131367,0.886006237932,0.892052171059,0.897402569148,0.905860446312,0.918173629462,0.916241572837,0.914030198082,0.919639479488,0.917586531147,0.922790425713,0.933211489265,0.927720251821,0.923190211394,0.92307139637,0.92042777088,0.918233555056,0.914286653331,0.910162998947,0.906598688221,0.903495331798,0.900703579539,0.898129825197,0.895723262127,0.893457888576,0.891319539476,0.889298857128,0.887388297887,0.885581060949,0.883870749193,0.882251278698,0.880716867571,0.879262045679,0.877881664536,0.876570900726;0.81938586958,0.814239284568,0.788040228472,0.669778605495,0.809422516161,0.831432784941,0.838269197195,0.839956317502,0.837741448864,0.833724010402,0.833871456231,0.841569002584,0.851036752555,0.859985592102,0.868695344273,0.877055307658,0.884763272893,0.892796136653,0.909658484076,0.911807002447,0.914041826443,0.910544661849,0.913169071454,0.913566871961,0.91792799808,0.926630728441,0.922898128926,0.920026720568,0.920624072761,0.927092283155,0.921391416687,0.914154821951,0.909723831147,0.906210642261,0.903169908201,0.900407501365,0.897827168015,0.895391091628,0.893087738977,0.890911966738,0.888858425964,0.886920809637,0.885092309389,0.883366021482,0.881735189124,0.880193340509,0.878734364471,0.877352545806,0.876042573901;0.816854486136,0.815826244512,0.808179584917,0.805121836734,0.81942153294,0.829179353224,0.834772319249,0.838562236751,0.829836573677,0.811818494632,0.798201375524,0.825977334055,0.839178535783,0.847456562837,0.857495982849,0.868152091544,0.877623418902,0.886293959023,0.89492542026,0.901541526559,0.905079225805,0.905182037193,0.906412280514,0.908603447057,0.912183332623,0.917505116414,0.918140764664,0.917845328005,0.920353343938,0.930142956255,0.922459599383,0.913863499019,0.909310808582,0.905873037503,0.902922577927,0.900185930859,0.897563541085,0.8950573499,0.892685417164,0.89045274714,0.888355004493,0.88638436815,0.884532144137,0.882789687992,0.881148748972,0.879601614168,0.878141161789,0.876760863753,0.875454759831;0.819030096655,0.823626889014,0.819655131066,0.825321351824,0.83935554043,0.829328097833,0.8318403491,0.859646164745,0.824104453547,0.793288377389,0.725741318995,0.824253967406,0.825393688074,0.824118753127,0.841265090812,0.858664030232,0.870571137308,0.879679876117,0.887435104518,0.895295251444,0.922818308388,0.900592522578,0.901381316425,0.903740870765,0.907147878176,0.911326504722,0.914574546711,0.917094215748,0.919946939655,0.922274151922,0.917919093357,0.912958904082,0.908878173807,0.905692225712,0.902949019804,0.900205442494,0.897420908908,0.894750950384,0.8922583469,0.889941594986,0.88778559147,0.885775182872,0.883896811981,0.882138383136,0.880489096825,0.878939334173,