SMAD4_OAC1=[0.694142575995,0.696909630055,0.702211245834,0.708988504745,0.716688458102,0.72595414789,0.740250524586,0.807298314044,0.761147443174,0.76162763121,0.76709739516,0.759850147632,0.746773934345,0.717502098741,0.631507974201,0.747711041505,0.775647965645,0.76461252987,0.754234684861,0.748726928408,0.763260557821,0.782542945963,0.823533701272,0.787645537377,0.777251713407,0.772674635403,0.769490070542,0.767060025497,0.76521880337,0.76384826388,0.762847693257,0.762136428724,0.76164925768,0.761329630013,0.761124536249,0.760982467816,0.760855111648,0.760702468347,0.760499011063,0.76023688251,0.759923581598,0.759575495657,0.759211012617,0.758845958443,0.758491805634,0.758155739005,0.757841527629,0.757550534742,0.757282574212;0.679337800716,0.682820805855,0.691002897812,0.700301020645,0.70917382824,0.718011203893,0.729112386658,0.745567158004,0.751319029977,0.74794581189,0.755407691373,0.763342707388,0.756959162041,0.643965272616,0.723689169118,0.757809421302,0.779260549159,0.769732642456,0.770052702097,0.771608310441,0.77533758775,0.781105577554,0.785593338056,0.782129273611,0.776526019655,0.772430019781,0.769429525486,0.767164036391,0.765447382713,0.764165154267,0.763236407039,0.762598273238,0.762195978882,0.761975475041,0.761878441171,0.761840452469,0.761794645671,0.761682789393,0.761470132077,0.761153659325,0.760756402491,0.760312577713,0.759854236233,0.759404883087,0.758978874853,0.758583409164,0.75822091854,0.757890995228,0.757591705132;0.650703214539,0.657981550314,0.675077622435,0.689684471488,0.700326669036,0.707726333264,0.713357673029,0.722536179949,0.734733080876,0.72750069046,0.75034686713,0.774930785802,0.798908665412,0.775816410407,0.768267992221,0.77647856362,0.778409541118,0.770142098924,0.769878834337,0.783487378012,0.794818332292,0.78895980579,0.790005705325,0.781628996439,0.77624839241,0.772255961995,0.769328936406,0.767172101736,0.765563776349,0.764376306985,0.763539292572,0.763005428184,0.762730738285,0.762664206064,0.762740792646,0.762876349367,0.762970209199,0.76292627878,0.762690459372,0.762273723035,0.761735086479,0.761143449024,0.760551735286,0.759991265977,0.759476554772,0.759011764303,0.758595551626,0.758224031601,0.757892405647;0.546926597753,0.610397431274,0.653575958346,0.678564284183,0.69203533012,0.697589758668,0.696083309869,0.682715770006,0.597972589547,0.691296905134,0.747009972508,0.786194506053,0.815044618449,0.802030603983,0.794478990242,0.809525051488,0.798387597835,0.776635853462,0.709324994798,0.775033802182,0.785959002374,0.793063937277,0.796910942493,0.783882891035,0.776733179293,0.772102099997,0.769156711757,0.767119756142,0.765620054642,0.764520869839,0.763779399924,0.763372709645,0.763270853966,0.763428201808,0.763774876414,0.764201035267,0.76454336571,0.764616121916,0.764315132108,0.763694250805,0.76290329581,0.762078233296,0.761297758026,0.760593974213,0.759973285552,0.759430698963,0.758957230736,0.758543243225,0.758179779237;0.584416587939,0.534865690544,0.627069289487,0.670766233857,0.687194594079,0.691659218021,0.680989536893,0.65790851792,0.542242994527,0.699478960837,0.746750741572,0.791249334934,0.787211605676,0.832493245939,0.801008244803,0.80756160624,0.791244853502,0.803062047794,0.80229039392,0.78377115937,0.781822091574,0.782939753226,0.791713682642,0.795739420686,0.776977702046,0.771602457485,0.768927604334,0.767120076717,0.76570592459,0.764643792822,0.763972360442,0.76370502722,0.763825682166,0.764297782771,0.765060039675,0.765990791206,0.766823956554,0.767130135007,0.766638006321,0.765558884039,0.764298109498,0.763106674099,0.762068798518,0.761189907256,0.760450263711,0.759825972057,0.759295501055,0.758841059411,0.758448376205;0.628838283871,0.599380111523,0.638633764748,0.671480480005,0.687270053643,0.712606527479,0.615314827989,0.663556680748,0.683340526475,0.716328234793,0.764686802253,0.76064063546,0.771547964192,0.780868545796,0.774555957091,0.790602662606,0.780939541539,0.787724139779,0.79286347283,0.797196805681,0.783030089254,0.777123997405,0.780615795692,0.781662701946,0.773738209149,0.770562479042,0.769033506928,0.767525209007,0.765983368172,0.764785771311,0.764111887436,0.763986781744,0.764387759042,0.765288253722,0.766670905859,0.76850220267,0.770475203627,0.771418422329,0.770276144356,0.768041517704,0.76590060028,0.764169350251,0.762812129728,0.761740690592,0.760881172264,0.760179829906,0.75959839712,0.759109382567,0.758692691143;0.648201987797,0.648268079643,0.661268644932,0.67695745397,0.68770709628,0.691172046882,0.66424553668,0.682113691904,0.702386080273,0.719073511086,0.722894579939,0.748129248916,0.766776562479,0.785914297412,0.749552158069,0.64183381426,0.762651221456,0.779628741258,0.797808683491,0.83274447261,0.776068790241,0.769059704745,0.769595168301,0.769647833948,0.769179971408,0.770341167469,0.7712158312,0.769201293662,0.766638522304,0.764921770857,0.764139925636,0.76416985349,0.76492740243,0.766389394465,0.768616066616,0.771932138451,0.77702398196,0.780935297734,0.776567124411,0.771117675827,0.767510750911,0.765121656948,0.763440378469,0.762194713855,0.761235073188,0.760473306855,0.759854049914,0.759340666976,0.758907880712;0.643014202543,0.653935326711,0.669419302514,0.681664731336,0.689912649576,0.693605360673,0.694576562253,0.700595510445,0.709866081923,0.718095038386,0.719779308424,0.735559996656,0.755310825103,0.761588063269,0.754179772013,0.75598174582,0.763820827933,0.761433416372,0.763711386341,0.74104367954,0.740146095226,0.76113063358,0.764897951096,0.763630472929,0.765390187722,0.774243432009,0.784471490025,0.773379001113,0.767495521712,0.764829006404,0.76391696553,0.764168617482,0.76539693704,0.767598621978,0.770840086067,0.775709422881,0.787338509834,0.830237570804,0.785598401121,0.773656775746,0.768617625053,0.765741973321,0.763849721223,0.762499267115,0.761483428282,0.760690213284,0.760052987956,0.759529280932,0.759090592134;0.532109848439,0.6428606693,0.672446116993,0.685509935602,0.693568912628,0.699260700458,0.704469257127,0.709699341115,0.713488530547,0.718184219051,0.724680589552,0.734299256681,0.742924917386,0.745762027352,0.749985031286,0.823793537532,0.793910568708,0.694714698386,0.743945762157,0.726633172689,0.733553799232,0.778407214765,0.770674587146,0.757418587381,0.759047891652,0.774594415304,0.803426434436,0.777336638672,0.767293542099,0.764035950263,0.763251613983,0.763871523752,0.765720011731,0.769008242008,0.773852467281,0.779177756332,0.786571254014,0.798429248211,0.783150471691,0.773487981831,0.768696667823,0.765855857686,0.763968659213,0.762620933795,0.761609342692,0.760821654442,0.760190494628,0.759672804737,0.759239710283;0.615848339417,0.654723007093,0.678077271723,0.689559207259,0.697021959289,0.703385345266,0.711911943882,0.724649132272,0.713932658303,0.713036209189,0.722492210858,0.73263918444,0.738456751633,0.73763343589,0.673781928775,0.748582669672,0.761960516242,0.747737059501,0.758533125391,0.747175341117,0.747621256102,0.753004189765,0.771580600421,0.739486539742,0.745834097163,0.761091130993,0.789162252858,0.77208089409,0.764373970604,0.762193404871,0.762039101435,0.763171561426,0.765691058182,0.770517681034,0.780242531889,0.790223810173,0.78413416267,0.780645922797,0.776051446108,0.771299234033,0.767856198225,0.765484074435,0.763801692599,0.762561247399,0.761614065052,0.760869041876,0.760268122644,0.759772840833,0.75935681165;0.669040045351,0.676233646236,0.686153486988,0.69378562318,0.699617502536,0.70500683254,0.71340736296,0.742332623601,0.698858900828,0.684196002208,0.71678686112,0.735302073585,0.74162278401,0.739252662538,0.730234781479,0.739840199087,0.754563819734,0.758246798477,0.815142375762,0.749820092494,0.76498323506,0.725974222329,0.702996075173,0.670765154093,0.727961131136,0.746978751105,0.757528460632,0.760121240892,0.759662249301,0.759640571551,0.76040475859,0.762028875831,0.764913639413,0.770468807281,0.785833869937,0.843020184336,0.783762582906,0.775689468356,0.771918624937,0.768973146472,0.766614917612,0.764802494537,0.763420778922,0.762354772336,0.761516605058,0.760844067291,