SMARCC2__poly=[0.986503670744,0.987207153762,0.987929527961,0.988678272317,0.989469496218,0.990318422749,0.991195644174,0.992106778964,0.993436205318,0.994198974993,0.99414796879,0.994634395135,0.995796786096,0.996875889168,0.996156820304,0.996561476262,0.996737620909,0.996421411632,0.99638519029,0.996356060816,0.996573231915,0.996618799367,0.996598114024,0.99628063338,0.996137603757,0.996100758061,0.996040508487,0.99541423405,0.99504665845,0.994726655025,0.994403740416,0.994067211011,0.993741211542,0.993439222448,0.993160695808,0.992902334683,0.992661072882,0.992434442336,0.992220494154,0.992017681092,0.991824761781,0.991640728422,0.991464752479,0.991296143685,0.991134319017,0.990978779222,0.990829091082,0.990684874017,0.990545789971;0.986224950892,0.986974319624,0.987731262058,0.988509180816,0.989348978617,0.990344789281,0.991652548346,0.992137814305,0.993212240238,0.99355021466,0.994125614668,0.994646065622,0.995049755758,0.995512780593,0.995723194635,0.996294555436,0.996144787663,0.996423798038,0.996539929195,0.99621130169,0.996405265611,0.996729938117,0.99680540088,0.996873539671,0.99639506138,0.996174214908,0.995951816707,0.99572824861,0.995388271502,0.994926308396,0.994519385738,0.994156819035,0.993820248782,0.99350987372,0.993223847607,0.992958949025,0.992712052917,0.992480538523,0.992262300075,0.992055663027,0.991859292594,0.991672115493,0.991493257828,0.991321997391,0.991157727701,0.99099993123,0.990848159599,0.990702018965,0.990561159227;0.985921578547,0.986741318761,0.987527108542,0.988296462242,0.989129504591,0.990135923564,0.991534347804,0.991922088013,0.992845152993,0.993127931546,0.993590926869,0.994453601281,0.994863084599,0.994884481812,0.995373707421,0.996293463392,0.995944736415,0.996094539782,0.996297444631,0.99618830659,0.996105632031,0.99712924724,0.996379646234,0.996625688381,0.997047164589,0.996156040694,0.995922509724,0.995925850119,0.995842955084,0.995139078794,0.994676123324,0.994259174846,0.993893234571,0.993568399426,0.993273880135,0.993003088327,0.992751626176,0.992516308148,0.992294743732,0.992085106164,0.991885978423,0.991696243261,0.991515003316,0.991341523214,0.991175187904,0.991015472886,0.990861922995,0.990714137255,0.990571758003;0.985607285239,0.986614376386,0.987432523078,0.988068856846,0.988817732585,0.989674225784,0.990597526709,0.991866535768,0.992299241906,0.992515146574,0.99305968029,0.993773898491,0.994203542445,0.99438346835,0.99485511807,0.995371839901,0.995585563627,0.995712050958,0.995848613443,0.995678740177,0.995760667261,0.995959364411,0.996172047207,0.996877710736,0.996422241887,0.996193815963,0.996116069283,0.996139820474,0.995638756113,0.995528559271,0.994946244555,0.994353604268,0.993950892549,0.99361183816,0.993309893005,0.993034551296,0.992779848833,0.992541895789,0.992317983446,0.992106148422,0.991904923183,0.991713179083,0.99153002286,0.991354727202,0.991186683962,0.991025372575,0.990870338635,0.990721179213,0.990577532659;0.985226919264,0.986947224763,0.988056687123,0.9878283297,0.988481477391,0.989246077348,0.990041971965,0.990930225849,0.991516380918,0.991980686081,0.992634514417,0.993173640588,0.993510120696,0.993888473701,0.994258585199,0.994579260496,0.994812800604,0.99498771366,0.995126430716,0.99521521252,0.995336868604,0.995518322713,0.995805140161,0.996122599476,0.996304686018,0.996154760379,0.995812183612,0.995578371604,0.995393582182,0.995271395145,0.994907486516,0.994394128854,0.993984964445,0.993637446963,0.993331071546,0.993053359912,0.992797063927,0.992557723627,0.992332413156,0.992119114064,0.991916372437,0.991723095911,0.991538428768,0.991361674092,0.991192244983,0.991029633748,0.990873392193,0.990723118734,0.990578449746;0.984570207447,0.98598570476,0.98697233223,0.987422405533,0.98822964339,0.988956846928,0.989530139158,0.990175527749,0.990805257563,0.9914405998,0.992353021444,0.992952218342,0.993020707171,0.993684931705,0.993956589933,0.994124445155,0.994360980938,0.994516417485,0.994705683145,0.994882554172,0.995028819259,0.995206239482,0.995546893965,0.995762983179,0.995852961434,0.996000907536,0.996122207464,0.995557637384,0.995228468411,0.995012610944,0.994927203951,0.994455480322,0.993999031035,0.99364455561,0.993337602821,0.993060236762,0.992804137432,0.99256460282,0.992338708785,0.992124526114,0.991920709124,0.991726261058,0.99154039878,0.991362475169,0.991191934531,0.991028286645,0.990871091265,0.990719948495,0.990574492495;0.983701792355,0.984873700538,0.985964969962,0.986961392556,0.988366553751,0.989370866946,0.989074411693,0.989608196521,0.990231277203,0.990869234777,0.991515629537,0.992039207028,0.992469629055,0.993018400687,0.993390967825,0.993878713916,0.994205018399,0.994160818636,0.994470137697,0.994838266553,0.994869873048,0.994963190327,0.995157689231,0.995389550538,0.995807727437,0.995801808797,0.995810363858,0.995522347048,0.995297033205,0.994942477224,0.994960343648,0.994436984754,0.993980161489,0.993633173257,0.993331209444,0.993056997577,0.992802668164,0.992563828493,0.992337856112,0.992123099246,0.991918431853,0.991723011243,0.991536153169,0.991357269301,0.991185835812,0.991021377148,0.990863457201,0.990711674082,0.990565656659;0.982754755754,0.984014559202,0.985422566504,0.986795972982,0.987492730302,0.988130235074,0.988504479238,0.989086826325,0.989722942623,0.990350759299,0.990937884356,0.991453788747,0.991916231508,0.992357772478,0.992763196081,0.993166365229,0.993499860229,0.993807937974,0.994308446358,0.995045806947,0.99492966466,0.994812682594,0.99518452095,0.995106900129,0.995448106881,0.996054869279,0.995670844639,0.995299155181,0.995180241864,0.994903333315,0.994658410977,0.994302362794,0.993936019617,0.993609133793,0.993316021346,0.993046837782,0.992795129288,0.99255722512,0.99233113359,0.99211569492,0.991910105411,0.991713709063,0.991525920201,0.991346197027,0.991174032884,0.991008953462,0.9908505158,0.990698307572,0.990551946134;0.981704872119,0.983101264057,0.9848355428,0.988084100848,0.98667857754,0.987233768054,0.987920242074,0.988637152633,0.989306351587,0.989953162176,0.9905459783,0.99103043466,0.991457145699,0.991860201294,0.992245837075,0.992620347094,0.992992466296,0.993426014142,0.994435126449,0.994559386655,0.994703024673,0.994506136188,0.994693613675,0.994743527688,0.995019489984,0.995533147177,0.995260480909,0.995011811678,0.994964281756,0.995293807277,0.994841301444,0.99427982233,0.993900415566,0.99358262471,0.993298167454,0.993034440751,0.992784976165,0.992547127456,0.992320019796,0.992103217759,0.991896274043,0.991698678379,0.991509890508,0.991329369225,0.991156589506,0.990991052005,0.990832288007,0.990679861444,0.990533368996;0.980554508282,0.982062689084,0.983552730506,0.984945131265,0.985851592205,0.986569856895,0.9874566314,0.988516665131,0.989048337259,0.989756055809,0.990535018351,0.990811689288,0.991125961147,0.991468765674,0.991813352453,0.992162266921,0.992535126333,0.992956613626,0.993442589393,0.993843440311,0.994075573123,0.994107181008,0.994213418288,0.994371711709,0.99459700116,0.994905668259,0.994902100039,0.994821326844,0.994907615821,0.995466681255,0.994894246327,0.994249547306,0.993867649875,0.993559694115,0.993285357441,0.993026663847,0.992776907925,0.992536248235,0.992305966347,0.99208642908,0.991877334184,0.99167812219,0.991488164941,0.991306834267,0.991133528628,0.99096768473,0.990808782132,0.990656343847,0.99050993465;0.979534119529,0.981351402393,0.982444328819,0.984197810154,0.986174406703,0.985958991508,0.986935920497,0.989915021071,0.988742000351,0.989517671356,0.991122545303,0.991162093587,0.990952161043,0.991242621265,0.991475205749,0.991747496096,0.992093867575,0.992483510165,0.992900513617,0.993385779887,0.995142024523,0.993785255823,0.993881562469,0.994062245278,0.994279402217,0.99451229029,0.994663295917,0.994755281335,0.994864453751,0.99494236042,0.994584958502,0.994182712231,0.993835972015,0.993548706951,0.993291986868,0.993035831055,0.99277727204,0.992527127454,0.992289922865,0.992065670516,0.991853382736,0.991652037393,0.991460705763,0.991278550158,0.991104816782,0.990938830617,