SNAI2__poly=[0.164598282104,0.159773215717,0.154699767481,0.149212984285,0.143016109535,0.135792578988,0.127835322208,0.118957989333,0.103006106569,0.0951765104337,0.10093697347,0.0981313949964,0.082811243996,0.0686566747967,0.0992772654676,0.0874594989765,0.0764794927523,0.0824952615062,0.0853167837343,0.0915137718382,0.0970605817616,0.105177617102,0.0972060435342,0.100185734065,0.0997783821727,0.0975416314747,0.09687937512,0.110581953689,0.118272087835,0.124995626907,0.131861186976,0.139067392349,0.146029731597,0.152436318119,0.158307070953,0.163722635711,0.168754600391,0.173458237248,0.177875551981,0.182038830626,0.185973340187,0.189699260062,0.193233061731,0.196588501605,0.19977733728,0.20280984235,0.205695173517,0.208441629938,0.211056834828;0.164525214008,0.15951400415,0.154395051781,0.148929254565,0.142487772106,0.133627779966,0.119811716572,0.117350837837,0.105694036792,0.105176428225,0.100795250585,0.0972314376982,0.0958288507902,0.0931775304988,0.0945063893786,0.0838726836494,0.0872948353961,0.0819209723015,0.0822512139789,0.0976783722498,0.115641206741,0.199075144501,0.102436374403,0.0926765942402,0.0987649674394,0.0992123299345,0.10177772958,0.105519646246,0.112645459657,0.122882771964,0.131768781662,0.139553097408,0.146700909105,0.153233477758,0.159211378301,0.164717235864,0.169824398164,0.174590803646,0.179060940306,0.183268979559,0.187241477686,0.190999450949,0.194559915448,0.197937009498,0.201142798364,0.204187841388,0.207081584866,0.209832630068,0.212448913848;0.164284590698,0.158852092796,0.153802398885,0.148878919182,0.142983153738,0.13447034147,0.1199064703,0.119205007703,0.110358472624,0.111214846649,0.109312096857,0.100148696835,0.0984577652903,0.103733107601,0.0979942123093,0.080598908693,0.0897221796105,0.0883894674766,0.0871865607572,0.0962275112225,0.110696118584,0.0916034164099,0.130412699201,0.128537524592,0.0858295779282,0.102528224101,0.104971370616,0.103103524043,0.104081216935,0.120584682267,0.130873081163,0.139898016424,0.14764088502,0.15441179775,0.16049999463,0.166068867442,0.171218870819,0.176018119181,0.180515337558,0.184746475615,0.188738724204,0.192513202983,0.19608682684,0.199473604746,0.202685530415,0.205733180382,0.208626106908,0.21137309103,0.21398230298;0.163656444986,0.156514138085,0.151503420507,0.148656024072,0.144337417627,0.138400897466,0.131189272653,0.118461415205,0.11746842399,0.120078108946,0.117719873282,0.11235624632,0.111825997556,0.115194565307,0.10952732195,0.100038812201,0.0965930154243,0.0957745402948,0.0959344027093,0.105090449244,0.110415352605,0.114462845463,0.127183637669,0.110013902665,0.103267745669,0.10245246577,0.101942664605,0.10033895914,0.112517191237,0.114158199389,0.127422416231,0.140649529724,0.149095154454,0.156053307514,0.162202359986,0.167789564679,0.172943614603,0.177743317933,0.182241131024,0.186473757591,0.190467899748,0.194243782846,0.197817433479,0.201202159023,0.204409490969,0.207449770002,0.210332497932,0.213066542836,0.215660255168;0.163191713281,0.1485422735,0.140414417118,0.14821204804,0.145613256872,0.14146025551,0.136627319932,0.130146905755,0.12775134919,0.127319988513,0.124165379739,0.123625203291,0.128794304837,0.134859608338,0.130390726504,0.119295231775,0.113044444183,0.110499854421,0.110307124083,0.112502812605,0.114985534712,0.116762369704,0.115677965486,0.108897441913,0.100966978494,0.103044468089,0.112151460973,0.11933618656,0.124188559419,0.125433189067,0.132286959695,0.14300164577,0.151266904088,0.158222342981,0.164340415621,0.169884140311,0.17499688969,0.179762914042,0.184235279815,0.188449108354,0.192428790696,0.196192306928,0.199753864685,0.20312547462,0.206317853137,0.209340913199,0.212204013487,0.214916072811,0.217485614235;0.165015657106,0.154748210839,0.148976088401,0.149339023709,0.145440832145,0.142309714451,0.141015379451,0.138642314524,0.136393093942,0.134106669542,0.127592202477,0.127369045394,0.143134255645,0.184814389316,0.169239248734,0.132127558077,0.122083288802,0.119144186053,0.117432833475,0.116994529143,0.117817225036,0.118028434837,0.113452798261,0.110308055292,0.109139170969,0.106819299376,0.106964427062,0.128775617371,0.140105660112,0.139839584453,0.136333493414,0.144955997336,0.154009938748,0.160917349731,0.16690939726,0.172340900694,0.177364894253,0.182064368483,0.18648818443,0.190666293032,0.194618208848,0.198357992053,0.201897045627,0.2052455689,0.20841323923,0.211409480612,0.214243528095,0.216924402888,0.219460857948;0.168079079509,0.161515796322,0.155666159203,0.150604163027,0.140236218903,0.133965462343,0.144230273216,0.143978111819,0.142431166214,0.140676938314,0.139121730098,0.140949547914,0.149101097223,0.16824925521,0.160843427464,0.133505412134,0.123022505552,0.124611175867,0.120308367783,0.115326012217,0.118154749143,0.119697598667,0.118515297221,0.115808672331,0.108019801631,0.112017353717,0.119593104593,0.153858706236,0.179963156161,0.15179464805,0.139746654263,0.148775857474,0.157563187161,0.164127876456,0.169876024385,0.175126151773,0.180017570688,0.184623693549,0.188982779548,0.193114590021,0.197030472149,0.200738766033,0.204247270274,0.207564142355,0.210698071016,0.213658155055,0.216453694563,0.219093984893,0.221588147622;0.17070125123,0.164430282216,0.156345968291,0.148025208777,0.14682424845,0.146110177957,0.148557926903,0.148259885058,0.147035116784,0.145782219198,0.145215457474,0.146300120272,0.149277856625,0.152100280934,0.148941391889,0.140472676709,0.134035593631,0.129485102441,0.121610860362,0.108649455743,0.114403098043,0.120509350922,0.115147172672,0.120413337876,0.115593891552,0.104460036591,0.123219128436,0.159646148124,0.18012775787,0.154433688793,0.150551567257,0.155252996967,0.161753721158,0.167757171113,0.173171434892,0.178178935964,0.182903871736,0.187403097156,0.191694290828,0.195779664796,0.199658611613,0.203332399859,0.206805109766,0.210083244428,0.213175026376,0.216089726087,0.218837120969,0.221427096357,0.223869370286;0.172872943143,0.166742025263,0.156783279904,0.129366814963,0.15206102789,0.15332240915,0.152710881064,0.151273867534,0.15002622818,0.14870560025,0.147878378561,0.148554262024,0.149858433065,0.150346175957,0.148660633793,0.144968078269,0.140536144821,0.134831884815,0.117038019328,0.117580052518,0.117778162096,0.125746662664,0.125055747508,0.127650395334,0.124964887824,0.116554955968,0.13018778039,0.145737577254,0.15100930304,0.137397573401,0.146345970344,0.158713252968,0.166006040463,0.171694890666,0.176697857777,0.181399188708,0.185942958008,0.190348593388,0.194591576222,0.198646033531,0.202496691727,0.206138304229,0.20957267624,0.21280610747,0.215847558911,0.218707392886,0.221396530777,0.223925910504,0.226306154369;0.17427486151,0.168988759576,0.163409564408,0.15798046991,0.156872545306,0.15729883632,0.155109089856,0.149840821062,0.150728692526,0.14867104372,0.144822139882,0.1481309833,0.15044002375,0.151393538357,0.151040385536,0.149390677318,0.14648445258,0.142163417242,0.136174010251,0.13160640457,0.130412578108,0.133601079362,0.135150398035,0.135510764154,0.134328072959,0.131182289512,0.136439247973,0.143958185699,0.145453825802,0.131066839564,0.147560164993,0.163935141015,0.171121044093,0.17597967961,0.180288165923,0.184603155177,0.189006606429,0.193390098083,0.197642536918,0.201702271742,0.205543579661,0.209159995309,0.212555148484,0.215738042973,0.21872038979,0.221515005885,0.224134856061,0.226592506065,0.22889983619;0.172653395186,0.166919268433,0.167134052804,0.160055636324,0.148840598325,0.160415910536,0.158123828082,0.12910682498,0.152210605846,0.149472561108,0.133325748179,0.139559046182,0.149856527258,0.151609649394,0.153624070373,0.154205278874,0.152759608172,0.149936813513,0.146096580535,0.14036174985,0.106285623263,0.140155462121,0.142225607646,0.142312125804,0.141487465381,0.140271106834,0.141226719853,0.143905746049,0.146403433932,0.150402782328,0.165871038492,0.174664047353,0.177830088685,0.180381160941,0.183462307997,0.187400286659,0.191900178031,0.196455954485,0.200828372764,0.204949869026,0.208807976556,0.212407895366,0.215762279978,0.218887195071,