Sox1_OAC1=[0.0269098464557,0.0265086809361,0.0249466882867,0.022471832922,0.0195941050785,0.0167111057461,0.0139034053101,0.00909560276928,0.01006362162,0.00909771373707,0.00810021766057,0.00750795641445,0.00676442095703,0.00600748020397,0.00495631072514,0.00548187486782,0.00527118242454,0.00539427153965,0.00525698286016,0.00514501741133,0.00518309815584,0.00520698706493,0.00452323407553,0.00572837984935,0.006257999729,0.00660762882137,0.00690046035293,0.00715695247705,0.00738310614866,0.00758302799836,0.00776016850055,0.00791738261224,0.00805712004341,0.00818165364433,0.0082932431953,0.00839419045909,0.00848675982283,0.00857297088261,0.00865434569058,0.00873175849445,0.00880548993071,0.00887544537573,0.00894140292879,0.00900318561915,0.00906073515515,0.00911411678553,0.0091634925959,0.009209087972,0.00925116253217;0.0320338892807,0.0322001350868,0.0300560868551,0.0262029507943,0.0219571617718,0.018091344605,0.0147405829508,0.0118323653327,0.0101033879419,0.0092750055055,0.00829328797181,0.00725902263355,0.00624942850534,0.00516795180958,0.0055744460366,0.00545179755005,0.00518040664436,0.00528803491841,0.00510408764355,0.00509619064366,0.00523941647515,0.00539809934793,0.00556715385402,0.00591134242642,0.00629521190881,0.00662339720325,0.00690767586799,0.00715873697474,0.00738212881515,0.00758118627189,0.00775827921724,0.00791536033936,0.00805431168489,0.00817718663424,0.00828636397674,0.00838458993249,0.00847482310075,0.00855980525686,0.00864147853811,0.00872062727749,0.00879703374744,0.00886999551795,0.00893881541748,0.00900304989592,0.00906254609912,0.00911737930952,0.00916777112925,0.00921402211044,0.00925646545401;0.0397838671724,0.0422211639049,0.0388540593339,0.0316774842393,0.0248664887625,0.0195755403185,0.0155499426952,0.0121980772635,0.00959811072021,0.00918776390575,0.00817465762781,0.00689615418831,0.00556084722627,0.00557738081249,0.00558983352597,0.00538082559318,0.00524515149225,0.00510651227876,0.00457520894075,0.00471030107753,0.0048587717581,0.00528398878122,0.00550253971658,0.00595346586859,0.00631895715738,0.00663864212943,0.00691949196738,0.00716847327486,0.0073909737377,0.00758996845968,0.0077670065728,0.00792322876488,0.00805997799593,0.00817911756026,0.0082832410227,0.00837582383019,0.00846110887765,0.00854331925059,0.00862524141305,0.00870728344641,0.00878800218063,0.00886546667387,0.00893822741712,0.00900555821315,0.0090673052722,0.00912366281979,0.00917500029611,0.00922175544171,0.00926437542959;0.0472335954409,0.0648947580062,0.0566845832803,0.0392682129438,0.027837943376,0.0207444679292,0.0160606980256,0.0126004570067,0.00911136362651,0.00892939733594,0.00799931840107,0.00654098795473,0.00531338446925,0.00532902127605,0.00526831707258,0.00471550337189,0.00480219144819,0.00486040899612,0.00385552514849,0.00476390462478,0.00509846900836,0.00521647267641,0.00534446260433,0.00590564855311,0.0063137535573,0.00665079944211,0.0069345639582,0.00718392644441,0.00740761210853,0.00760820053065,0.00778595195835,0.00794097624621,0.00807403727784,0.00818679205483,0.00828203975211,0.00836424490632,0.00844001713116,0.0085170022251,0.00860004556627,0.00868820404404,0.00877681847554,0.00886151370093,0.00893987749335,0.00901114243427,0.00907545164757,0.00913334236669,0.00918547445172,0.00923250684196,0.0092750480893;0.0714186564817,0.191007271552,0.0924786057723,0.046015761573,0.0294444094312,0.0208152874177,0.0158722817293,0.0125112358252,0.00851870217632,0.00909495460515,0.00790844863444,0.00632046589516,0.0061340878482,0.00455884036441,0.00510651092129,0.00471656601842,0.00496674927789,0.00450815848405,0.00435450825251,0.00493447610677,0.00526093345777,0.00548008819391,0.00547705878543,0.00557597815725,0.00630342641719,0.00666749450875,0.0069508291042,0.00720108494192,0.00742941562878,0.00763505742701,0.00781541273591,0.00796927246499,0.0080969212363,0.00819976370081,0.00828039540006,0.00834381436562,0.00840046828455,0.00846709212106,0.008555056232,0.00865803214478,0.00876207352237,0.00885850291748,0.00894463464559,0.00902065567796,0.00908767100587,0.00914692410131,0.00919954918669,0.00924651633412,0.00928863812169;0.0697322465197,0.121625302947,0.0796679922517,0.0438543770822,0.0283768284255,0.0181359133245,0.0134383113357,0.01257703501,0.010758892907,0.00917939780441,0.0071864900968,0.00700785833437,0.00646494969795,0.00585113212056,0.00548190172611,0.00470316991829,0.00505065731464,0.00492180825638,0.00477859494817,0.00472615447892,0.00520987327305,0.00557647163136,0.00572639379643,0.0059297414731,0.00637607261856,0.00669230999661,0.00695583540551,0.00720946897222,0.00745232198339,0.0076705964715,0.00785700743168,0.00800991452604,0.00812992090823,0.00821824778651,0.0082761021775,0.00830544085541,0.00831823977148,0.00835849177442,0.00846719774432,0.00861009823076,0.00874435782388,0.00885859998302,0.008954439236,0.0090355025061,0.0091049080477,0.0091650214632,0.00921761171775,0.00926401906933,0.00930527876178;0.0487009541962,0.0555438331544,0.0483663529504,0.0355425866398,0.0257986614023,0.0189230973186,0.0147112946605,0.012773648577,0.0109905278188,0.00919070938887,0.00720785847534,0.00666541408409,0.00642059323081,0.00558839199283,0.00560974149731,0.00457038539753,0.00523336211448,0.00499856108176,0.00455757568502,0.00373532507016,0.00514355779395,0.00563059382866,0.00592361598672,0.00619468393883,0.00646626815101,0.00668410752657,0.00689761958687,0.00718386221703,0.00747266239021,0.00771801061547,0.00791483249536,0.00806631914121,0.00817540170596,0.00824348159591,0.00826924724661,0.00824183342168,0.00813676107317,0.00806283223347,0.00828594850681,0.00854487040678,0.00873099418727,0.00886716794346,0.00897253050251,0.00905757088705,0.00912825889237,0.00918826698546,0.00924001789609,0.00928520220638,0.00932505257692;0.0348460101839,0.0363982583492,0.033841850201,0.0284072375902,0.0228752255788,0.0183887704093,0.0151250417567,0.0128214877357,0.0110026798861,0.00932338170479,0.00728200735777,0.00696789153726,0.00668190048409,0.0061831291066,0.00582931791058,0.00538102540515,0.00521126588932,0.00510672406774,0.00498320691498,0.00485402367204,0.00521447483632,0.00560967588215,0.00591893945627,0.00625873618768,0.00650790886523,0.00654578920306,0.0065068243305,0.00708923762534,0.00750000416361,0.00778831816452,0.00799664059653,0.00814375792701,0.00823665523855,0.00827652028094,0.00826214790482,0.00817323965487,0.00782156532802,0.00629436703546,0.00800579976713,0.00850423427971,0.00874113456624,0.00889254618118,0.00900278648283,0.00908877834055,0.009158703285,0.00921715744147,0.00926700127835,0.00931015015628,0.009347957624;0.0225981706042,0.0270915114875,0.0263194543098,0.0235230274019,0.0201859793544,0.0170755880451,0.0144669785718,0.0124105622156,0.0108387353129,0.00952434873877,0.00842502953926,0.00766733521681,0.00707236759874,0.00645866838251,0.00586817057582,0.00404008503746,0.00447738268054,0.0046342090472,0.00499853875982,0.0051913825957,0.00538309669166,0.0051130707633,0.00562250999887,0.00625505272183,0.00657264818964,0.00650034990001,0.00595017960835,0.00701706553468,0.00758166359563,0.00790259579156,0.00811299865702,0.00824896495584,0.00831822200934,0.00831498208997,0.00823646480279,0.00812348955659,0.00791941570987,0.00753525282841,0.00815887762346,0.00857045073334,0.00879486563966,0.0089414103777,0.00904787632495,0.00913028858712,0.00919674410133,0.00925187469153,0.00929857806022,0.00933879136374,0.00937387637242;0.021735244898,0.0226140204413,0.0220014927861,0.0202421451471,0.0180111238696,0.0157098641123,0.0134641149093,0.0113236624225,0.0103812338293,0.0094307520958,0.00859317030794,0.00788294764534,0.00721849586571,0.00626976546022,0.00517510558775,0.00567638900519,0.00529662669163,0.00509205641014,0.00503542797875,0.00545705310156,0.00557756441175,0.00562443906363,0.00531155744156,0.00631238080166,0.00673103629405,0.00685449290646,0.00642260898418,0.00726582882372,0.00778272596912,0.0080800100677,0.00827247478735,0.00838895571997,0.00842941531022,0.00836317131701,0.00809611623647,0.00779953908711,0.00808869293739,