SOX13__poly=[0.708704432803,0.714577539538,0.721799541157,0.730567837677,0.741003440485,0.753287409789,0.766717622113,0.781668231348,0.809681238861,0.822966135496,0.811257664729,0.816229110755,0.846112998625,0.876620579931,0.834859427835,0.839830960842,0.838658667712,0.812938475759,0.795894543465,0.781322348965,0.775403710513,0.807734093767,0.824816142378,0.819830115126,0.821555504751,0.827190056076,0.830959790471,0.81054621129,0.80107755049,0.793334775503,0.785284173873,0.77658150421,0.768191145117,0.760619093021,0.753834805905,0.747710637477,0.742132080208,0.737009373882,0.732273324062,0.727870244891,0.723758007529,0.719903124088,0.716278597755,0.712862329273,0.709635933384,0.706583860742,0.703692748007,0.700950937709,0.698348123584;0.703582341505,0.708919586823,0.716310594549,0.726013192415,0.738006493991,0.754054357167,0.778642791451,0.781738161701,0.801642583579,0.800575419199,0.806931389888,0.811988240158,0.812589054243,0.813581158116,0.798720287729,0.798652670156,0.781824398122,0.794789275439,0.788408674506,0.755616561753,0.741555813366,0.793787408091,0.821013688875,0.837986526859,0.823450338068,0.822442189808,0.821011132434,0.818632409467,0.810609760864,0.797324197835,0.786150665678,0.776597987778,0.767936769447,0.760170927648,0.753224090817,0.746971060403,0.741294009299,0.736096647466,0.731303528135,0.726856145155,0.722709011741,0.718826423646,0.715179955088,0.71174657956,0.708507285059,0.705446066043,0.702549195317,0.699804700064,0.697201984663;0.69650468829,0.699952415086,0.707323464869,0.718892198004,0.732453770512,0.749244247423,0.77581229321,0.775356997283,0.789441678199,0.784483630606,0.784774009259,0.800030625734,0.799596952641,0.778673537907,0.761629926148,0.639983028267,0.70893880052,0.744934604359,0.730920202253,0.713179179893,0.752004178054,0.588511465963,0.77957627275,0.808490134549,0.842761580765,0.811573273917,0.813244762339,0.822541270642,0.825720807804,0.802336488048,0.788938617261,0.777315478652,0.767610808431,0.759395494215,0.752233713305,0.745865711659,0.74012229959,0.734884222942,0.730064548458,0.72559879894,0.721438429225,0.717546246434,0.713893154386,0.710455848819,0.707215199576,0.704155123617,0.701261803393,0.698523144815,0.695928399633;0.686877781278,0.682694174067,0.689276894935,0.708537186612,0.72495613828,0.738923920226,0.752210729121,0.774097088391,0.772089624833,0.761103978935,0.75919053109,0.767264659974,0.76753941424,0.752650219332,0.738638067393,0.696572234267,0.682625747636,0.726756629873,0.727325397108,0.739273427716,0.750967708919,0.757237127651,0.768069753304,0.753195369125,0.774563124216,0.801799240514,0.816728406934,0.828258969566,0.813852576213,0.815215665583,0.796652043181,0.777947871643,0.766848398131,0.758165690515,0.750816351514,0.744376580373,0.738611351537,0.733371956619,0.72855833276,0.724100537086,0.719948162384,0.716063762886,0.712418606511,0.708989893901,0.705758934178,0.702709948474,0.699829283476,0.697104891072,0.694525979827;0.677456669657,0.641088562143,0.632101397851,0.698180781666,0.719143340735,0.73124851993,0.740193744755,0.749636927302,0.748549525241,0.738644529625,0.723708028665,0.72188979501,0.731003715144,0.725054078671,0.719883777443,0.71595605848,0.716785381596,0.724378698638,0.729925833958,0.736117876851,0.743532268162,0.751595745513,0.758635290296,0.743283087896,0.724547911244,0.796154565705,0.799673312921,0.800392166444,0.800436736116,0.801714965966,0.792213150956,0.776620722273,0.76528587262,0.756345800863,0.748919803041,0.742489841219,0.736763887276,0.731568487951,0.726794438995,0.72236968054,0.718244581044,0.714383378007,0.710759037031,0.707350134552,0.704138962956,0.701110374382,0.698251069243,0.695549151744,0.692993845526;0.67733515135,0.661337934806,0.665432240834,0.700282367746,0.720182357056,0.729499441613,0.731275733121,0.732304367471,0.729877647477,0.720644108099,0.684475496276,0.671523380218,0.706026722516,0.676716496162,0.687921044486,0.716266836958,0.721915670789,0.721792743931,0.723716265013,0.727184072914,0.733401473008,0.74378595809,0.76030899937,0.767100853644,0.774642736651,0.796817772282,0.814668961344,0.797417105654,0.790517389089,0.787934272873,0.790186747485,0.776199372168,0.762991658211,0.753865685518,0.746523923793,0.740215653939,0.734601194534,0.729496390421,0.72479243642,0.720421454028,0.716338669618,0.712512526696,0.708919157496,0.70553931569,0.70235668065,0.699356915338,0.696527135354,0.693855601568,0.691331533881;0.682131214227,0.68477179767,0.693964704059,0.709604017423,0.733740788668,0.746674705604,0.725749802284,0.722396141051,0.718992661791,0.712440658786,0.701756294197,0.697580997404,0.698537246115,0.686190707352,0.69322482178,0.721627915607,0.729373434282,0.714316702958,0.712894350034,0.714060144394,0.714133600099,0.732531528556,0.749163054083,0.763215028868,0.786973972482,0.791538764964,0.798886200581,0.793160347487,0.790475649627,0.781775811291,0.78861939885,0.77250446551,0.759368575158,0.750676784484,0.743667471044,0.737607029081,0.732173422848,0.727197141805,0.722583781482,0.718278229292,0.714245543572,0.710460964324,0.706904970167,0.703560919867,0.700413943869,0.697450425184,0.694657754472,0.692024209405,0.689538887061;0.684700057397,0.692639401977,0.706304653691,0.722472701753,0.725277746553,0.725902488348,0.718926965093,0.715375365421,0.711911987184,0.70724827195,0.701936287284,0.698099904583,0.69604048539,0.694934001899,0.698489350951,0.706093380302,0.707579953308,0.7000246151,0.688762033342,0.674612060581,0.665884658481,0.722101581933,0.755657156586,0.755381867867,0.771501027832,0.799816766782,0.785375992434,0.777746403635,0.781195043346,0.776334228212,0.772503948337,0.76379612286,0.754629780215,0.746967981779,0.740491491694,0.734776238077,0.729567841808,0.72473434065,0.720211973991,0.715968298161,0.711982878488,0.708239329998,0.704722617727,0.70141830891,0.698312458471,0.695391674604,0.692643213427,0.690055053178,0.687615935541;0.684840620741,0.694744215336,0.712022182238,0.761806733204,0.719055453011,0.71485977114,0.712876568839,0.711028853745,0.707380025055,0.702757551206,0.697360164273,0.691760663248,0.689061366185,0.689469498393,0.692258072857,0.695510862443,0.69537849536,0.686251329195,0.614845842925,0.635870837147,0.647593233756,0.711898504056,0.736787771296,0.741402192356,0.747165340012,0.735078340829,0.739944144301,0.756416404723,0.765905119927,0.789145731493,0.776410982725,0.759370361057,0.750100777973,0.743134572053,0.737235357133,0.731904439681,0.726915382844,0.722194046443,0.717729555617,0.713522233083,0.709567816154,0.705856842952,0.702376771543,0.69911363595,0.696053064377,0.693180892308,0.690483526476,0.687948146324,0.685562797639;0.684456572817,0.694386505938,0.704026048673,0.712890208103,0.71330288789,0.710009460103,0.710375188296,0.715199017842,0.70654875182,0.701062087267,0.696373189582,0.678846318518,0.675183701664,0.677249140546,0.681768241765,0.68637661931,0.688093182169,0.684542532103,0.674814117043,0.675426883227,0.690364018362,0.709750597698,0.722145499075,0.728723252284,0.729608602527,0.713369106141,0.723514490093,0.741137193096,0.755585737358,0.791128919146,0.774062629826,0.754302570957,0.745605913759,0.739460759433,0.734228499044,0.729271137597,0.724401415796,0.719679802932,0.715189438732,0.710965792306,0.707012152297,0.70331822765,0.699868710015,0.696646664128,0.693635024248,0.690817348575,0.688178200972,0.685703313837,0.683379620964;0.688862249219,0.700857502124,0.700513979322,0.712241342771,0.730691281983,0.706893547413,0.707017106028,0.756080018946,0.704385486825,0.696982843254,0.705236663883,0.623795690963,0.650739219172,0.654340283255,0.666370412648,0.677259261129,0.682830784422,0.685246376997,0.687605007051,0.697863190753,0.775002525226,0.712511031565,0.716221831963,0.720594273312,0.723002005166,0.724061463575,0.725685307989,0.727339686809,0.736166983434,0.756710761534,0.754626222647,0.747575442653,0.741241658205,0.736378145105,0.732091453839,0.727381370911,0.722279801353,0.717290412117,0.712626122008,0.708309028995,0.704316374335,0.70062039293,0.697194450559,0.694013733091,0.691055475421,