SOX2_OAC1=[0.581596703086,0.589289253332,0.596900373092,0.605545380404,0.616347712832,0.630716490454,0.65269587656,0.744128759785,0.683055203988,0.681210669556,0.685941551552,0.67926727222,0.682341838996,0.689605879785,0.715844013702,0.637261740011,0.595159311452,0.617833842961,0.627013847026,0.629758467551,0.626033637006,0.629224529884,0.684001510244,0.606979815282,0.577278588197,0.559618177221,0.545554512089,0.533775022888,0.523908455079,0.515664543067,0.508766771933,0.502968750734,0.498057768109,0.493848500541,0.490174629132,0.486883593221,0.483838062854,0.480924867189,0.478066870362,0.475229144063,0.472413534413,0.469644173016,0.466951914296,0.464363770138,0.461898456133,0.459566130147,0.457370029857,0.455308517064,0.453376855663;0.587512927212,0.594602921863,0.600366507661,0.607394297329,0.617180896713,0.63078104786,0.650240634106,0.677153066029,0.686529344377,0.675971714801,0.676300642638,0.685172569247,0.699609797001,0.724286111795,0.666741956243,0.620744633621,0.579146157537,0.601303819216,0.610607255751,0.60194692308,0.592171480524,0.596605662287,0.597664707583,0.582941733239,0.564115141374,0.548562256519,0.535731581174,0.525038211515,0.516144979485,0.508779089018,0.502688095204,0.497644060862,0.493445986465,0.489912765447,0.486871695633,0.484150043279,0.481578223594,0.479010374416,0.476354966474,0.473592502135,0.470763234925,0.46793448094,0.465170757283,0.462519049674,0.460006907159,0.457646455168,0.455439477645,0.453381577567,0.451465049578;0.601214726313,0.60555175839,0.605633489895,0.609220897398,0.617291378958,0.62961049578,0.646671828526,0.674331921631,0.704244814094,0.677758108474,0.676976313888,0.695024209748,0.725578849299,0.692336426043,0.65226860173,0.617076126405,0.593911225089,0.591586283832,0.603457854896,0.571097841767,0.536364978768,0.58278471925,0.588108336602,0.567598067024,0.551000961329,0.53672538835,0.524850150565,0.515152738852,0.507299218763,0.500965188685,0.49586516898,0.491762633996,0.488462972503,0.485793487309,0.483577958354,0.481614100103,0.479670517617,0.477527710172,0.475058539602,0.472279950979,0.469316927843,0.466318542618,0.463400001524,0.460629226956,0.458036869515,0.455630361447,0.453404615669,0.451348643715,0.449449239843;0.661025587552,0.629695440989,0.613446377252,0.610728245752,0.617119494071,0.629079113939,0.644286320679,0.665958818589,0.717886432891,0.682712562982,0.677767468519,0.703544429823,0.729837504353,0.695182740559,0.656499259309,0.619389346154,0.563889601049,0.589248142965,0.556447530708,0.563281561235,0.549019022786,0.57708562807,0.587547333112,0.558494454825,0.53908593716,0.524013035276,0.512623649875,0.503935002562,0.497302612057,0.49223208098,0.488350715524,0.48540127841,0.483207061886,0.481624376756,0.480492015803,0.479574952309,0.478521804724,0.476926804747,0.474559230975,0.471537222833,0.468194273919,0.464835451592,0.46163895234,0.458678504493,0.455969465418,0.453500761089,0.4512516094,0.449199176281,0.447321728836;0.632975241959,0.670865685444,0.623566596698,0.609815040798,0.616827905063,0.633801805247,0.647499615681,0.663885324784,0.730978011682,0.668979634181,0.672654428283,0.704802207434,0.677471750726,0.728842429376,0.65121389219,0.624422825989,0.582056005366,0.618852619115,0.616448186982,0.559764276688,0.543443243448,0.546183783628,0.564655481261,0.570526935548,0.526290201184,0.509180347577,0.498356044107,0.490998382296,0.486004856148,0.482577701143,0.480211755984,0.478653177502,0.477789373723,0.477556286138,0.477864863871,0.478493138278,0.478886665022,0.478109534234,0.475562614899,0.471721968031,0.467503207848,0.463478918137,0.459846329337,0.456623248794,0.453768692507,0.451230620882,0.448961090275,0.446919708653,0.445073401014;0.599048820925,0.624922858331,0.609519977224,0.602070705597,0.613359131939,0.667993097921,0.69003580888,0.649316572047,0.647540997972,0.653613301016,0.691720257561,0.660815901743,0.647427781047,0.637379705473,0.601367983445,0.510498070646,0.553115024352,0.576541835691,0.565020334213,0.522680376594,0.517120579959,0.519881037465,0.528827647284,0.528043180309,0.504930762414,0.490290744533,0.480863607126,0.475676728031,0.473214901874,0.472050525079,0.471565765173,0.471637909131,0.472325472885,0.473729836517,0.475953170577,0.479028552586,0.482342957943,0.48330069964,0.479527866197,0.473270192916,0.46722622702,0.462129415942,0.457912230742,0.454383168388,0.451380005174,0.448783891596,0.446509559442,0.444495124288,0.4426947357;0.579647758015,0.586421152724,0.586471936986,0.58763062547,0.597310400359,0.620164876771,0.635318488984,0.62132166631,0.619950959994,0.635910835476,0.676721094372,0.663744271039,0.636060966115,0.640985847149,0.571062706918,0.464819279007,0.54436695732,0.560338053169,0.560271630534,0.488326462366,0.488485643519,0.491641371014,0.4915332206,0.488223764768,0.47865483791,0.466293428297,0.457462585501,0.456748534347,0.458875032728,0.46088737944,0.462632759562,0.464507209819,0.466923648968,0.470243253358,0.474872315628,0.481725429702,0.492486345903,0.50050745594,0.489604584859,0.476174934142,0.466928077633,0.460466795967,0.455642859106,0.451844482816,0.448736166066,0.44612037223,0.4438728494,0.441911003602,0.440177377381;0.575314067294,0.573860966243,0.570550096849,0.570782759438,0.57504627054,0.581759511459,0.585920555163,0.586631843565,0.591428749272,0.607482870909,0.655461733743,0.63114652282,0.604586334622,0.589959955979,0.564471679742,0.553835158831,0.544011667447,0.53943777436,0.522120493608,0.468287226686,0.459666244767,0.460353784034,0.459011573921,0.460618401385,0.454328015108,0.434381889992,0.412725933238,0.432780553044,0.443769050992,0.449732694345,0.453761832988,0.457419396646,0.461665879644,0.467204452666,0.474579409899,0.485371890236,0.511519378005,0.609543921685,0.506162025376,0.477873641289,0.465439237018,0.457981383699,0.452799399983,0.448886706953,0.445772964759,0.443204720496,0.44103135731,0.43915673673,0.43751603526;0.641789872551,0.57170953663,0.557061830907,0.55388852231,0.55394141739,0.554360422454,0.553207998493,0.5530387875,0.559445458153,0.568922071552,0.575745646333,0.570546860241,0.55829548466,0.547057198049,0.548700855941,0.664655344664,0.501023443817,0.559786876501,0.52241071574,0.465662583184,0.446836986848,0.399103655993,0.415053773951,0.438298300729,0.436814922285,0.410903576636,0.360190087646,0.409935155975,0.430666034096,0.439647467922,0.44532616015,0.4504399305,0.456514063875,0.464899778815,0.476305018611,0.488488501358,0.505276922038,0.532331421371,0.496344937541,0.473298212312,0.461519359331,0.454256140495,0.449210026704,0.445429913289,0.442450825601,0.440017101839,0.437975641509,0.436228625303,0.434710278462;0.577333889724,0.554056071016,0.541695890945,0.537307145599,0.534906828855,0.531325986717,0.5215295879,0.502491908417,0.526240221972,0.537219188473,0.535169590074,0.527860230802,0.519079572024,0.502897443922,0.544767421888,0.523096425659,0.519048850361,0.512357225935,0.49524981655,0.459778462496,0.455547991986,0.429681087776,0.381354621972,0.431800870158,0.430105630738,0.412867326493,0.36995058589,0.404639026149,0.422718182232,0.431350080122,0.437444588155,0.443389951422,0.450986854233,0.463098079094,0.486145964348,0.509489180914,0.495073075101,0.486615720485,0.47548134503,0.463913376249,0.455371151522,0.449317648153,0.444874917694,0.441472941084,0.438770910426,0.436560760365,0.43471028347,0.433131976575,0.431765724922;0.531975201434,0.529391221525,0.524777593609,0.521339323827,0.518191837114,0.513247205157,0.500215048792,0.447412339906,0.510496016425,0.527187011367,0.504064259997,0.487396797334,0.480575977901,0.477502372935,0.484306057942,0.487494663754,0.49829047159,0.455796223232,0.318646094996,0.423942188073,0.500338484716,0.439870765416,0.438253551829,0.469848543437,0.429554537283,0.41620627328,0.408572243488,0.411289280042,0.41816527222,0.424253604827,0.42980527548,0.43585830685,0.443961753108,0.457795512129,0.494415923955,0.629496946412,0.489601156963,0.47040257067,0.461280380011,0.454051114719,0.448171244125,0.443558242751,0.439952466511,0.437091723213,0.434775655735,0.432862745459,