SOX2__poly=[0.575908496012,0.585902203975,0.596948412999,0.609527949925,0.62445184808,0.64257301991,0.663136472649,0.686660167864,0.729371384784,0.75137994158,0.73916105399,0.751184939971,0.797081857795,0.842764623255,0.797953390233,0.810930425734,0.812412543443,0.783905032706,0.767555296126,0.75711061302,0.772180588858,0.771790265018,0.763693346302,0.73352187803,0.719362439284,0.719366448039,0.71999594051,0.681339529057,0.661234340124,0.644531010318,0.627862487042,0.61069896614,0.594738949652,0.580821455632,0.568794329146,0.558323498976,0.549114061975,0.540936833866,0.533617086791,0.527020077187,0.52103981617,0.515591264539,0.510605027067,0.50602369964,0.501799282999,0.497891291074,0.494265324414,0.490891966661,0.487745914182;0.572422557608,0.582571924429,0.593481023245,0.605838471257,0.621334997413,0.643809614107,0.680030640174,0.686400750795,0.717847357413,0.720273919496,0.734077992258,0.747088621674,0.755901745788,0.768503882324,0.768035851031,0.78777755661,0.769194598756,0.779395522834,0.77953751238,0.750771311857,0.75629802744,0.76966533622,0.762528063137,0.749362208518,0.700963728096,0.699907027218,0.695100057767,0.687636303757,0.670443327365,0.644218907407,0.622094642692,0.603569737954,0.587479806914,0.573720951539,0.561956322574,0.551788815114,0.5428917767,0.535021171893,0.527995965389,0.521678907151,0.515963117368,0.510763393219,0.506010561608,0.501647686825,0.49762741072,0.493910007405,0.490461910996,0.487254573064,0.484263560636;0.568833770564,0.579645455013,0.590026656277,0.600728461734,0.614700474082,0.636324778414,0.674830512743,0.676078182609,0.699734397186,0.697494075292,0.703946277643,0.731765698795,0.740302661429,0.728770147475,0.739812177154,0.770902648421,0.7315078519,0.750203698595,0.759875867183,0.744788588283,0.728282232938,0.788476221957,0.710500050267,0.683872752718,0.68673388538,0.667764963966,0.671028179045,0.685608006968,0.688890517944,0.64441692426,0.618059442927,0.595990723887,0.578694590674,0.565011200359,0.553712091207,0.544074378086,0.535680880535,0.528269957268,0.52166189728,0.515724267272,0.510354732607,0.505471795098,0.501009303812,0.496912888134,0.493137453073,0.489645318873,0.486404789016,0.483389025073,0.480575152822;0.565594853033,0.580345390569,0.590150915685,0.594958818333,0.6046204059,0.61938347785,0.638023880092,0.672006922888,0.673281039776,0.663954116512,0.669199653877,0.688080189065,0.697583953459,0.693108073062,0.702090446258,0.699178826203,0.67665763324,0.71903057979,0.724733475137,0.702985330364,0.694297156933,0.689158905759,0.674986610644,0.662354340177,0.612118439907,0.627520276245,0.662923216029,0.685468341372,0.657691587537,0.657488149837,0.620520061248,0.585520426275,0.567194872552,0.554312646559,0.543970990622,0.535176492332,0.527500526983,0.520706799781,0.51463826458,0.509178388926,0.504235677318,0.499736305151,0.49561990556,0.49183674403,0.488345615134,0.485112193286,0.48210771398,0.479307914763,0.476692185947;0.561074540635,0.595299581464,0.613064616459,0.588058596362,0.593077075759,0.603322715326,0.615681883055,0.632317929348,0.636230897598,0.631019246989,0.624567274195,0.630983306814,0.647196663062,0.651033142797,0.657992485486,0.664896475558,0.667395596998,0.671594818053,0.669318433376,0.660240262727,0.651303133146,0.640941508597,0.622289920409,0.604983087803,0.562261431731,0.574492534926,0.612221506761,0.620030132994,0.620714931147,0.618189129555,0.593518796724,0.565571322197,0.551645444209,0.541446485934,0.532777565992,0.525166137385,0.518412879714,0.51238265715,0.506967673653,0.502078107039,0.497638618115,0.493586298945,0.489868921769,0.486443268142,0.483273574164,0.480330154768,0.477588237045,0.475027000322,0.47262880214;0.549250229323,0.569830406482,0.579144426657,0.57350539792,0.582953750007,0.591596670582,0.594744759501,0.60004468865,0.6031625317,0.600891970164,0.576828523606,0.572639408118,0.609362340735,0.591129711099,0.607962063222,0.638864446054,0.644142134349,0.637734118231,0.628285151106,0.617713998448,0.61073615933,0.602645602228,0.577580594172,0.572138690125,0.59670172399,0.60154116099,0.562648690808,0.598392844974,0.589302259053,0.571793003162,0.534227258091,0.533593182525,0.533042667359,0.527024783731,0.520435258875,0.514209172007,0.50852219897,0.5033720532,0.498708987806,0.49447303714,0.490606854471,0.487060130106,0.483790472718,0.480762807712,0.477948277852,0.475323095585,0.472867523496,0.470565031411,0.468401625012;0.532650541323,0.539299882993,0.543441937527,0.550590745702,0.583054437602,0.604650355674,0.575383512209,0.575265617771,0.577433615159,0.578029363033,0.575982483754,0.579690961328,0.587576482173,0.583578071298,0.595321367591,0.628326767677,0.635501744213,0.608526565204,0.587430489577,0.559063845212,0.565518301369,0.568060482792,0.565178820085,0.575172527694,0.606063875305,0.591852457616,0.585707348852,0.58731544276,0.580711193544,0.547220882191,0.501042464794,0.511759998617,0.515806877627,0.512207837726,0.50736299774,0.502504874209,0.497947346921,0.493759978077,0.48993097894,0.486422517893,0.483192818524,0.480204323479,0.47742572598,0.474831640288,0.472401588924,0.470118947587,0.467970047315,0.465943468286,0.464029505195;0.516246992719,0.516492778878,0.510753738304,0.506635742514,0.539439362325,0.554800903985,0.55041567135,0.550753818614,0.553079313248,0.555685083786,0.558896419629,0.564232964816,0.570648059068,0.576303464543,0.584030386435,0.593683100584,0.594168837709,0.583295995682,0.561587757997,0.495502995255,0.509039118161,0.53069863268,0.509228868098,0.549963179385,0.563068263865,0.586560659331,0.577659238932,0.5590030709,0.554708299011,0.529690190946,0.512912367809,0.503907620777,0.500570579495,0.497331208386,0.493764016586,0.490182522154,0.486781755817,0.483624975611,0.480705281199,0.477992748699,0.475456827538,0.473072873435,0.470822350757,0.468691467095,0.466669796571,0.464749218168,0.462923161841,0.461186094097,0.459533176992;0.500740700524,0.497278017319,0.482649507813,0.412303164157,0.502037015694,0.518489700022,0.52246269553,0.523661626172,0.526768450334,0.529817306256,0.53384057293,0.541941351233,0.551326560863,0.559432906145,0.565577214654,0.569145931476,0.568375173364,0.564250981327,0.589668904773,0.517280188814,0.487344254119,0.51265235809,0.508930779929,0.523645536524,0.518940558662,0.48761502245,0.511334250888,0.515955096299,0.508859863899,0.524461056693,0.497020182249,0.486270117426,0.483903799677,0.481844156912,0.479566782764,0.477253930381,0.475065803953,0.473027699736,0.471103130052,0.469256244488,0.467466979467,0.465726973894,0.464034045431,0.462388824062,0.460792992088,0.459248384414,0.457756542443,0.456318519496,0.454934827938;0.484557997688,0.480080759223,0.475767050528,0.472108503435,0.480787004836,0.492527073307,0.49418820989,0.48512333445,0.496017879254,0.497452047747,0.4927604279,0.512730049499,0.530155488733,0.542543638315,0.548424061267,0.54984154042,0.548168945821,0.544032608959,0.536852505607,0.513818026375,0.497281765727,0.503528471325,0.50665129259,0.506430372511,0.49906760861,0.478986033359,0.478958527512,0.479502506658,0.466002910658,0.418994037723,0.445884703066,0.463040173992,0.465526282149,0.465505324122,0.464594490383,0.4635967369,0.462769857016,0.462011554529,0.461200603479,0.460295461973,0.45930064783,0.458235195344,0.457120067364,0.455974346862,0.454814267406,0.453653123199,0.452501492338,0.45136757912,0.450257585544;0.46108725887,0.452390926172,0.461536091547,0.451129727816,0.428214809642,0.470530105267,0.472239152184,0.392380644579,0.4709000822,0.471126251504,0.428801879247,0.45966708057,0.509925544364,0.533688257441,0.536283165792,0.533735367889,0.530524440113,0.5253907,0.516173313352,0.495893404586,0.373317505477,0.489491539783,0.494113746928,0.490923964411,0.48218958724,0.467979707775,0.455690289195,0.444350918039,0.429535335483,0.415286754008,0.429753365348,0.441149993905,0.446820720379,0.448404610775,0.448371109152,0.448787033151,0.449775574681,0.450629200707,0.451097305006,0.45121058541,0.451046763961,0.450673543261,0.450144460298,0.449501735127,0.448778660856,0.448001344551,0.44719010242,