STAT3__poly=[0.875945142589,0.876593167989,0.878307891323,0.88107212415,0.8845725887,0.888365826978,0.89148722981,0.893624558269,0.903096329536,0.912707324142,0.913802047635,0.920685591244,0.936240592753,0.951502121952,0.939821152648,0.945995627807,0.948957874073,0.944851331929,0.945922350046,0.948491009512,0.955096139242,0.958873621641,0.961208681947,0.959827436584,0.960144156048,0.96129687775,0.961992206993,0.957245756395,0.954989771432,0.953163438726,0.95130183183,0.949317932469,0.947422605355,0.945724533594,0.944212276296,0.942853726545,0.94162079478,0.940491730242,0.93944993048,0.938482624813,0.937579866102,0.936733797963,0.935938122581,0.93518771167,0.934478320851,0.933806379607,0.93316883674,0.932563046576,0.931986684968;0.868981005265,0.868726261528,0.870391799547,0.873984121438,0.878734795922,0.884529603696,0.892196982866,0.88274916661,0.86198909158,0.88035809455,0.908807376375,0.920294190139,0.925704766553,0.930649527308,0.930848894902,0.936424257187,0.931788692205,0.937052975475,0.939166397189,0.939165825348,0.94955835777,0.958785486683,0.962847739335,0.965835725632,0.962530107156,0.961847362277,0.961018982234,0.960087891751,0.958030727917,0.954887507415,0.952269143498,0.950051522315,0.948059408072,0.946284902025,0.944705134605,0.943288306757,0.942005568192,0.9408337157,0.939754729425,0.93875470648,0.937822866495,0.936950757591,0.936131654463,0.93536011256,0.934631642191,0.933942472194,0.933289379293,0.932669564943,0.932080566166;0.859632253689,0.856797497176,0.858216101237,0.863992731683,0.870925436708,0.878368142566,0.888236141007,0.876847832337,0.832986159813,0.865435755406,0.899864826812,0.917225320224,0.922384668519,0.919247674903,0.920553512446,0.922714188707,0.904494447312,0.918468651101,0.893919150593,0.924206637676,0.942093994517,0.963043930179,0.957511662088,0.962975252392,0.96925389307,0.961644353857,0.96073905088,0.961948487454,0.962188391888,0.956803934736,0.953659964778,0.950951519722,0.948695798321,0.946789326799,0.945130145989,0.943657141932,0.942330461771,0.941122036552,0.940011386547,0.9389832718,0.938026157907,0.937131152991,0.936291258809,0.935500842893,0.934755268066,0.934050633385,0.93338359314,0.932751229936,0.932150964991;0.847070559881,0.834527368467,0.834627286379,0.849449085546,0.86060189531,0.868953002078,0.87585479121,0.884754478308,0.880910199066,0.883931323593,0.896818953639,0.907835001421,0.911138542377,0.908406070838,0.908176548266,0.893354460365,0.869887349845,0.910162435053,0.895362529251,0.917299502502,0.937717501388,0.948383591209,0.95534981406,0.965918091516,0.962914198926,0.962170033505,0.962730663344,0.964054334638,0.960433648637,0.960353832801,0.956095688069,0.95183756356,0.94925114754,0.947211023926,0.945477919637,0.943956744313,0.942594212832,0.941356268254,0.940219713552,0.939168097996,0.938189375901,0.937274456145,0.936416264159,0.935609124899,0.934848354556,0.9341299893,0.933450603843,0.932807188686,0.932197065641;0.83461651645,0.782205584505,0.762890209358,0.832518535776,0.847881910158,0.857363063767,0.867514892557,0.877453783305,0.882534403012,0.887346595806,0.895437710121,0.899938085465,0.897515734544,0.891773894056,0.893476345508,0.898391296925,0.902968360077,0.911773847643,0.917470740523,0.926062055118,0.936326946704,0.944696967996,0.952068977059,0.958269807935,0.962097113695,0.962095991938,0.960081628254,0.959051432905,0.958399800888,0.958233895416,0.955901295923,0.952312957248,0.949652529519,0.947524215383,0.945739061104,0.944184815206,0.942797318206,0.941537724703,0.940380979195,0.939310080858,0.938312970988,0.937380715023,0.936506400921,0.935684462226,0.934910258929,0.934179815311,0.933489653315,0.932836684106,0.932218135264;0.833430457902,0.805022392298,0.79939486825,0.826213245273,0.828756546654,0.835939604137,0.855812334674,0.869364244991,0.877994818501,0.885096340197,0.894884726412,0.898111234482,0.886256082372,0.84468096862,0.860724739404,0.898202979447,0.909567816737,0.916441974029,0.923271082868,0.930348925488,0.937134109526,0.94349801917,0.950606488564,0.955336737546,0.958114295881,0.961046570755,0.963385875503,0.95917506231,0.957180800187,0.956179177054,0.956264527201,0.953008248364,0.949925655532,0.947719585969,0.945911674679,0.944344084557,0.942943902189,0.94167032771,0.940498269008,0.939411334112,0.938398183158,0.93745047795,0.93656171469,0.935726560542,0.934940474381,0.93419948598,0.933500063388,0.932839029644,0.93221350738;0.838029578825,0.831436108846,0.829837906096,0.827796624971,0.786796269722,0.766501720612,0.844090249268,0.862846054801,0.872959066103,0.880404149564,0.886299837889,0.888245687233,0.883423699939,0.866189974755,0.875514739374,0.903658781389,0.916062431525,0.919744198531,0.927457268761,0.935538274734,0.939204964372,0.943321170441,0.948045184199,0.952578596154,0.958442053956,0.959701576375,0.960901627312,0.959239748634,0.958123969083,0.955849006551,0.956783404709,0.953063387804,0.949957971105,0.947792813542,0.946005672116,0.944445433991,0.943043365513,0.941761347757,0.940576706277,0.939475145403,0.938446890757,0.937484621049,0.936582411098,0.935735202717,0.934938536112,0.934188407681,0.933481189428,0.932813578659,0.932182562669;0.839264985051,0.838678410727,0.841007979987,0.84098058382,0.820348058907,0.818132218767,0.843703091588,0.85768343269,0.867256538295,0.874964617785,0.880638997385,0.884046940045,0.885443699382,0.886644384051,0.893292464703,0.904597266016,0.913979583331,0.921604577647,0.930787412264,0.942120099962,0.943122550118,0.944095427616,0.950034079864,0.950965122626,0.955792967544,0.962745522468,0.960130639488,0.957668008848,0.957464364005,0.955834445616,0.954475133214,0.952174451731,0.949808696,0.947786628232,0.946049691236,0.944510115819,0.943111474201,0.941821754998,0.940623330261,0.939505651468,0.938461257088,0.937484043898,0.936568620789,0.935710078373,0.93490390294,0.934145939282,0.933432369052,0.932759692628,0.932124710393;0.835558929052,0.837997046202,0.845811886731,0.870465503109,0.843395040074,0.841097071468,0.844610717755,0.849610389163,0.85904815945,0.868917113622,0.875301425099,0.879540796971,0.884611951037,0.890812288596,0.898120640851,0.906247736432,0.914226445703,0.922340369382,0.936439801779,0.939873824377,0.943341675189,0.943085364216,0.946685442993,0.948679984992,0.952642487424,0.958539097116,0.956962852106,0.955599406432,0.955983967514,0.95954308652,0.956326522976,0.952253210707,0.949751068947,0.947777982036,0.946087531736,0.944570501923,0.943171169467,0.941866071373,0.9406464033,0.939507076344,0.938443106388,0.937449216593,0.936520089713,0.935650579776,0.93483582681,0.934071311334,0.93335287405,0.932676714194,0.932039374771;0.824697945775,0.828369558142,0.839056095356,0.848115288767,0.849511555785,0.846006976191,0.836777450903,0.819438488262,0.8431237031,0.863340223797,0.870437768561,0.869029850756,0.878812199458,0.890429427692,0.899460736589,0.907154828195,0.91438345439,0.921596013872,0.92903643247,0.935164057304,0.939245608749,0.94111426257,0.943598511745,0.946421929073,0.949691553914,0.953529511551,0.954370816868,0.954452262629,0.955929862709,0.961351748294,0.957074221784,0.95227965824,0.949728606288,0.947808466395,0.946174560705,0.94467540754,0.943254585266,0.941911357723,0.940653702104,0.939482355908,0.938393008194,0.937379607164,0.936435830051,0.935555593638,0.934733232363,0.933963559624,0.93324187652,0.932563952461,0.931925991188;0.797518088185,0.795394729931,0.828916798555,0.849718588466,0.863677772508,0.849580505009,0.831537843827,0.687308839253,0.830586973855,0.86067451371,0.867913781089,0.808264256045,0.866438563221,0.890395636994,0.900575645883,0.907679357926,0.91424157184,0.920569674113,0.926736740348,0.93326023317,0.952031597114,0.939909146683,0.942025971974,0.944816742573,0.947801691516,0.950784494012,0.95290806755,0.954416815537,0.955996074792,0.957238880141,0.954790077222,0.952006709187,0.949717493472,0.947937188091,0.946418367629,0.944915974866,0.943406185023,0.941972989158,0.9406489388,0.939431104844,0.938309196336,0.937273099321,0.936313805634,0.935423336634,0.934594637526,0.933821492972,