STEMCCA_P2A__poly=[0.810164472216,0.804771476338,0.797941535104,0.789082257408,0.777210849266,0.761093894211,0.74251154599,0.719950825769,0.651234824888,0.624941756243,0.69220381994,0.723058771595,0.744153572185,0.805143199271,0.793682242784,0.828859203599,0.788156329829,0.833688109172,0.855476965232,0.866743995568,0.884394764245,0.891979523269,0.892042871303,0.876473915062,0.881383343287,0.894757517035,0.902097794192,0.893577767086,0.890667170021,0.888387311237,0.885795418988,0.882805369887,0.879973322474,0.877574499339,0.875590681697,0.873950725238,0.872589764966,0.871455659432,0.870507091041,0.869711156333,0.869041460311,0.868476681484,0.867999482705,0.867595675182,0.867253572832,0.866963492152,0.866717363751,0.866508429406,0.866331004375;0.811304689648,0.805893928393,0.798753633742,0.789100258234,0.775142681287,0.750156988853,0.699453362549,0.721331881438,0.704729860095,0.70900254207,0.689596488538,0.705839574905,0.754897710997,0.778883589384,0.788861518347,0.813861365774,0.812416885399,0.842122245504,0.854293694561,0.848301349856,0.876395974681,0.897277267519,0.904295639932,0.909281930477,0.900504980511,0.901210692429,0.901796352898,0.901719367601,0.898562314847,0.892671628225,0.888012680007,0.884295506613,0.881119047803,0.878469514316,0.87629137647,0.87450520367,0.873036985104,0.87182536663,0.87082123778,0.869985668468,0.869287809475,0.868703117968,0.868211944786,0.867798439634,0.867449714559,0.867155208909,0.866906207472,0.866695473206,0.866516964981;0.813513902512,0.808618397111,0.801533066305,0.791591808713,0.777941494492,0.754393809353,0.702303826313,0.743233821332,0.761813102999,0.750385463861,0.7355199069,0.733159898885,0.744687040584,0.768641459822,0.755385687851,0.753157016545,0.775003927288,0.829656249224,0.833337214105,0.809004027022,0.866932690384,0.912289563392,0.896031367502,0.907457077456,0.922625997432,0.904061490218,0.902990764853,0.907243105827,0.909023672532,0.89733889956,0.891150500144,0.88609352566,0.882186245386,0.879165905175,0.876777633336,0.874862991819,0.873313903156,0.872051145388,0.871014989398,0.870159838119,0.869450562405,0.868859836734,0.868366178257,0.867952507681,0.867605097341,0.867312802243,0.867066494809,0.866858644981,0.866683003894;0.816957344152,0.814241528551,0.807586414527,0.796099250393,0.7841626677,0.77246209517,0.76623399545,0.783162973504,0.781046751111,0.769570955623,0.764128411263,0.753711714007,0.755516570896,0.773589758061,0.761550145426,0.743835249826,0.756550561545,0.827230206752,0.845268435708,0.847480588445,0.865476056217,0.881597871642,0.893881812663,0.917250556593,0.909086704561,0.907209945331,0.909037158218,0.912934535662,0.905001179804,0.905693785721,0.896580862788,0.887704055817,0.882926615754,0.879552953099,0.876990502479,0.874988650908,0.873398168174,0.872118708602,0.871079196572,0.870227815424,0.869525997286,0.868944501719,0.868460764456,0.868057080701,0.867719350088,0.867436200047,0.867198363565,0.866998228465,0.866829503467;0.820922664864,0.827017437705,0.824842873309,0.800100954895,0.787379557133,0.780544033503,0.780651548044,0.787048986068,0.787731682814,0.784900814107,0.786819266847,0.786601890008,0.786350126377,0.791621147034,0.792576580937,0.793579853657,0.80593017679,0.826753174002,0.841703993061,0.852043458616,0.862927940813,0.874152432752,0.886844706275,0.899429083211,0.907850797707,0.907696943266,0.903005945848,0.900936048583,0.899943496889,0.900252475327,0.895551343161,0.888114343387,0.883099828788,0.879516379791,0.876868484635,0.874849151553,0.87327239499,0.872019259573,0.871009725985,0.870187952121,0.869513765803,0.868957437642,0.86849637732,0.868113015738,0.86779342557,0.86752640156,0.867302828562,0.867115232468,0.86695745026;0.823133134064,0.82393854608,0.817679423964,0.799141330927,0.779743177169,0.773605775754,0.783432662899,0.790087712848,0.793229287694,0.795761218748,0.805984710907,0.810650252732,0.803480904923,0.815201679099,0.81687767896,0.817913953007,0.825985521302,0.835285503352,0.845832628422,0.854879109063,0.86189491024,0.868893489258,0.880832354645,0.890712989795,0.897454769302,0.904851629467,0.910776381934,0.900781725888,0.896324222298,0.894471442022,0.895449594147,0.88870180461,0.882681614162,0.878973690894,0.876366296953,0.874424833393,0.87293049169,0.871753141333,0.870809527618,0.870043932402,0.869417486692,0.868901929867,0.868475931005,0.868122898133,0.867829637797,0.867585498703,0.867381795594,0.867211401045,0.867068442781;0.82495045519,0.821678171272,0.814722499011,0.798812938261,0.746918959697,0.718562602455,0.783912187494,0.795434155626,0.799716802613,0.802630838568,0.806385247034,0.809115728291,0.811796304481,0.819601053948,0.824773493536,0.835107110677,0.843386208465,0.843268412484,0.852966615457,0.863288274427,0.86264234689,0.860509772527,0.864104125508,0.878484376561,0.896235638946,0.900520699383,0.903836068469,0.899868392273,0.897310528506,0.892171474309,0.895196481032,0.887303064399,0.8813054984,0.877848772583,0.875468482699,0.873720342399,0.872384392439,0.871333592429,0.870490511302,0.869805582327,0.869245017782,0.868784261189,0.868404533078,0.86809097796,0.867831606234,0.867616633892,0.867438031543,0.867289192688,0.867164676626;0.828208056802,0.825388062012,0.822327740076,0.81478365918,0.785643476044,0.77621119253,0.794893016961,0.802916392155,0.806121933015,0.807894368343,0.809630095612,0.811916248177,0.81558464468,0.820978253374,0.827138992673,0.834577863439,0.841475418874,0.84844410763,0.86005927597,0.876501977489,0.868238389223,0.844136566715,0.802813057647,0.865075199326,0.887279569928,0.906795311311,0.900495645218,0.894133389281,0.893511590501,0.889735618584,0.887207319011,0.8829294547,0.878979255762,0.876176096025,0.874213600034,0.872776003456,0.871670504416,0.870789826456,0.870074559163,0.869488891883,0.869008136036,0.868613349287,0.868289183447,0.868022948452,0.867804101913,0.867623895796,0.86747509383,0.867351731565,0.867248909369;0.832667912113,0.83090994572,0.832105738575,0.8523723332,0.81511090942,0.807879347356,0.809569019563,0.812157965648,0.812722006357,0.812467046347,0.812170195176,0.812860497484,0.816791558082,0.822912134754,0.82947979692,0.836122866543,0.842983698439,0.851334920645,0.872564458747,0.872583428067,0.869889737647,0.847923598426,0.832441157578,0.861200791365,0.878873614516,0.89498204992,0.890355017598,0.885844747776,0.886171078274,0.895506595454,0.888303316617,0.879934574796,0.876221531125,0.874094108525,0.872702110267,0.871678626293,0.87085588906,0.870168552647,0.869592741579,0.869114672857,0.868721362217,0.868399895499,0.868138205034,0.867925578307,0.867752812471,0.867612168019,0.867497230421,0.867402738526,0.867324410208;0.838224924235,0.836864336716,0.835354564125,0.833577637031,0.827921255573,0.822428512163,0.821746399938,0.824948098947,0.82000162432,0.816947715305,0.81454361256,0.806832252173,0.813588359007,0.823759583132,0.831646249902,0.838180752184,0.844557027171,0.851579167413,0.859551076168,0.864967779138,0.865303833658,0.859414108602,0.857977353545,0.864361848611,0.872562945669,0.880613343394,0.880094577247,0.877661696254,0.879988814601,0.894650211795,0.88480488886,0.875460460935,0.872803585375,0.871725832452,0.871112510094,0.870583531035,0.870045525498,0.869531879024,0.869081162612,0.868705236259,0.868399814038,0.868155092814,0.867960481412,0.86780626089,0.867684071016,0.867586960429,0.867509269218,0.867446453443,0.867394901297;0.846486034897,0.846621188174,0.841019985374,0.84235861467,0.848530202531,0.831959377031,0.829869905509,0.856917811549,0.824623162232,0.817555699908,0.817589866226,0.750914817199,0.803499234696,0.826220868829,0.834791011214,0.840388102559,0.845919269601,0.851554875254,0.857233211201,0.863854257,0.89709637447,0.864258205389,0.863108788153,0.865252238773,0.868309316609,0.870558457745,0.869726617373,0.868252811624,0.869519472971,0.872003362944,0.868853747453,0.868340910357,0.868764200405,0.86938285009,0.869823288376,0.869778456608,0.869386673641,0.868944727396,0.868571082216,0.86827895607,0.868056425785,0.867889189881,0.867764694765,0.8676725974,0.867604618038,0.867554263411,