T__poly=[0.0295485459808,0.0297258617731,0.029761090462,0.0296181279583,0.0292548751072,0.0286404753394,0.0278794238531,0.0269722784329,0.0244782938778,0.0239590450846,0.0272733954111,0.0288999255145,0.026983491412,0.024859503709,0.0394056486532,0.0435324051805,0.0407354641605,0.0401485048523,0.0365905557077,0.0329887263501,0.0276628948581,0.024392276884,0.02195175923,0.0215190248562,0.0201511538341,0.0184914483078,0.0172152671637,0.0184312905283,0.0185424662225,0.0185081719893,0.0185229605947,0.0186130224264,0.0186951927035,0.0187317707282,0.0187293316798,0.0187001924763,0.018653991418,0.0185974273814,0.0185350403113,0.0184698828954,0.0184039918275,0.0183387085553,0.0182748981963,0.0182130999965,0.0181536311907,0.0180966587752,0.0180422490419,0.0179904016659,0.017941073076;0.0302303686651,0.0304544985988,0.0305015454779,0.030306346577,0.0297609218558,0.0286120122164,0.0263511462265,0.0266557573046,0.0250102837885,0.0262313502245,0.0268915066401,0.0282723621982,0.0311049598737,0.0348709590926,0.0427995740957,0.0471043354917,0.0512053163126,0.0454286599044,0.0403775423727,0.0365908206689,0.0289581993232,0.0227561295784,0.0196567170029,0.0172517211947,0.0180213892187,0.0174794303574,0.0170401954263,0.0166891812688,0.0168349494785,0.0174096327792,0.0177713471515,0.0179891321898,0.018138943291,0.0182297331464,0.0182736496675,0.0182839458871,0.0182713407516,0.018243655514,0.0182063848032,0.0181633242953,0.0181170696561,0.0180693807913,0.0180214398056,0.0179740312142,0.0179276668549,0.0178826720058,0.0178392445394,0.0177974954632,0.0177574766834;0.0310971473476,0.031392813621,0.0315154665487,0.0313648868253,0.0307353491282,0.0293704277969,0.026629007725,0.0270646305756,0.0258560620828,0.0272261435416,0.0284032736315,0.0281939960154,0.0309665481671,0.0384992464703,0.0485520128353,0.0840644187161,0.0735627813789,0.0682854104218,0.0682414563241,0.0404146935833,0.0311888721546,0.0192357529625,0.0212275481672,0.0177229508089,0.0140925743888,0.0168400209141,0.0165312098019,0.0153928756654,0.0147264116286,0.0162338153712,0.0168430823278,0.0172795751542,0.0175552590022,0.017719321609,0.0178140954381,0.0178640310435,0.017884254441,0.0178847076589,0.0178720834938,0.0178509249839,0.0178243258182,0.0177943966929,0.0177625803017,0.0177298646828,0.0176969275699,0.0176642339435,0.0176321019772,0.0176007477316,0.0175703155911;0.032197390921,0.0324409482056,0.0327320525951,0.032971518717,0.032376249037,0.0311098183793,0.0295248647023,0.0268581264657,0.0271178104608,0.0285992738874,0.0293639775101,0.029884604325,0.0325738031315,0.0387650127701,0.0477657972813,0.0670965967455,0.0643931238499,0.0693279284894,0.0715223724956,0.0431655487123,0.0319256169162,0.0254505470376,0.0211346031537,0.0154956093607,0.0162075033606,0.0159048738123,0.0150908760076,0.0140375430203,0.0149267926603,0.0144747735917,0.0155412296424,0.0165595237062,0.0169784488135,0.0172141295807,0.0173573068658,0.0174444464684,0.0174955102486,0.0175227045919,0.0175338670807,0.0175341658592,0.0175270682906,0.0175149338766,0.0174993907698,0.0174815789023,0.0174623082859,0.0174421627689,0.0174215686043,0.0174008402539,0.0173802114033;0.0337447556887,0.0329304131329,0.0328697854577,0.0356372828596,0.0349014458549,0.0332005172837,0.0313513112389,0.0294726106827,0.0289485042031,0.0292910788066,0.0293860442891,0.0304039771715,0.0330771236999,0.036705438329,0.0418484569107,0.0474737734691,0.0496507849777,0.0499533974238,0.046464485519,0.0381067499746,0.0309728868523,0.0257541444587,0.0214635659411,0.0180070449294,0.0157808354556,0.0152420708906,0.0155192666086,0.0154089011587,0.0151713139512,0.0147828632448,0.0151708714686,0.0159694601416,0.0164370363259,0.0167261484236,0.0169093547427,0.017028563839,0.0171072484577,0.0171592277793,0.0171930613507,0.0172142487634,0.0172264265012,0.0172320645485,0.0172328867395,0.0172301290375,0.0172247004014,0.0172172845557,0.0172084056354,0.0171984715187,0.0171878031842;0.0362821339673,0.0377231876055,0.039611253742,0.041104056676,0.03880010047,0.035609776056,0.0332290615132,0.0313609429591,0.0302389336818,0.0296591641731,0.0284944007551,0.028779376112,0.031785168918,0.0325481100238,0.0354314131005,0.0385101639933,0.039628164604,0.0394259172296,0.0368408757534,0.0326250707536,0.028409595849,0.0246543378779,0.0208453083123,0.0182516166912,0.0165875225201,0.0149597430388,0.0136458604521,0.0147778522521,0.0150687032383,0.0150085814226,0.0145956580096,0.0152994091095,0.0159247798491,0.0162608182849,0.0164733379275,0.0166179239852,0.0167203963595,0.0167950492637,0.0168504660288,0.0168920484109,0.0169233375033,0.016946755781,0.0169640326058,0.016976451071,0.0169849940971,0.0169904335736,0.0169933868542,0.0169943541018,0.01699374407;0.0394919524695,0.0447077724545,0.0512281393216,0.0532822969323,0.0446391595905,0.0365550862174,0.0349948231175,0.0324225357109,0.0307598976997,0.0298091449097,0.0293264530485,0.0296203779613,0.0305405942044,0.0310830759784,0.032246580698,0.032269038883,0.0321513641836,0.0329859331182,0.0306853146915,0.0272533098322,0.0252869594285,0.0230420578876,0.0205941761174,0.0183113357993,0.0156278149792,0.0147583950615,0.0139484135707,0.0141714191393,0.0141979197532,0.0146089577696,0.0139680414734,0.0148328466231,0.0154781220074,0.0158210945145,0.0160483215357,0.0162114433951,0.0163342596792,0.0164299529429,0.0165063014303,0.0165681188105,0.0166185737501,0.0166598993249,0.0166937657764,0.0167214785176,0.016744088352,0.0167624571132,0.0167772997629,0.0167892133977,0.0167986985316;0.0421078272385,0.0519098304434,0.0734188621032,0.094847144949,0.0609103913227,0.0433713887738,0.0366171388368,0.0328675520462,0.03069433796,0.0294735047489,0.0289148391174,0.0289097130598,0.0292667283039,0.0297240064204,0.0301431935793,0.030147221356,0.0298230815622,0.0288774336519,0.0263349336362,0.0222593223115,0.0217874269486,0.0211462762979,0.0185738496765,0.0178664685081,0.0157656171399,0.0129946757718,0.0135978604712,0.0141176455976,0.0138750537137,0.0140981928828,0.0142298516702,0.0146488738266,0.015077100058,0.0153952875674,0.0156277816242,0.0158050544328,0.0159463672695,0.0160627133335,0.0161602723723,0.0162427854546,0.0163128283591,0.0163723770619,0.0164230416574,0.0164661707491,0.0165029071134,0.0165342233549,0.0165609480699,0.0165837867972,0.0166033396472;0.0423866433437,0.0539947454604,0.0887576418129,0.228525861334,0.0702807651332,0.0457000350506,0.0367752760097,0.0323334573997,0.0299169561039,0.0284979179083,0.0277379296999,0.0275769382139,0.0277298868229,0.0279593208616,0.0280978858202,0.027971255936,0.0274198197786,0.026128320831,0.0220854914057,0.0212281714185,0.0200740541814,0.0200611748679,0.0185897704495,0.0176377342745,0.0160063330441,0.0137623458007,0.0140188703446,0.0141881367803,0.0137976035606,0.0124432834745,0.0131850377817,0.0141566035101,0.014640776644,0.014962762196,0.0152013710337,0.01539188355,0.0155524610312,0.0156912408225,0.0158117938249,0.0159163520813,0.0160068674763,0.0160851615146,0.0161528954534,0.016211548576,0.0162624179795,0.0163066295492,0.0163451535837,0.0163788220008,0.0164083455277;0.039629116356,0.0475026723484,0.0607263020435,0.0681271460431,0.0537750245502,0.0417336952868,0.0347116429749,0.030112783678,0.028310619931,0.0267820503062,0.0254516149248,0.025686486438,0.02594204216,0.0261186909516,0.0261780073696,0.0260055705841,0.0254512009994,0.0243856262206,0.022767585133,0.021186786043,0.0200112608887,0.0193957779563,0.0184711077185,0.0173760405073,0.0161130289672,0.0146722758393,0.0141856012008,0.0139338211097,0.0132622999914,0.0114411093659,0.012502698105,0.0136800348209,0.0141906458949,0.0145148311015,0.0147565519901,0.0149612441436,0.0151462124469,0.0153129622932,0.0154604667701,0.0155894481149,0.0157017436984,0.015799438155,0.0158845091162,0.0159587285635,0.0160236475744,0.0160806066625,0.0161307550397,0.0161750729179,0.016214393951;0.0349278886546,0.0385738581957,0.0437271024725,0.0437813317411,0.03782854151,0.0360478541188,0.0318096414723,0.0239024298776,0.0265850536515,0.0251001013996,0.0218227525679,0.0224822634002,0.0239186598346,