TCF3__poly=[0.53334370784,0.535838434631,0.539136293854,0.543111288724,0.547336418426,0.55168557514,0.560046028929,0.581711129995,0.630124681024,0.65233410775,0.621376403706,0.611419927708,0.650119606837,0.596875411803,0.594995699095,0.567781574967,0.604422594458,0.634217607479,0.641594390029,0.624891322455,0.598040888635,0.657318517903,0.670812422277,0.635228248295,0.622131426024,0.5959536457,0.641312665663,0.623142707119,0.623373486616,0.624930126331,0.623608675395,0.620145082914,0.616550928888,0.613502543269,0.610847811682,0.608415217639,0.606114506739,0.603904166102,0.601765547398,0.599690286404,0.59767469661,0.595717245951,0.593817363983,0.591974843983,0.590189531026,0.588461160162,0.58678927952,0.585173223521,0.583612115606;0.526198316291,0.52786372911,0.530763915588,0.534578277127,0.537684014929,0.535179244975,0.516473287323,0.55731294819,0.578807053304,0.592742373039,0.619378460729,0.62084252141,0.607206193147,0.590815201835,0.580306358962,0.53291039983,0.604351196613,0.593286202902,0.665090317051,0.637965989243,0.61897652622,0.680203317429,0.682642877995,0.536581871457,0.585231016365,0.586334056834,0.606827231669,0.599426650317,0.629115503011,0.625551568718,0.620166066103,0.617371387483,0.615302675845,0.613242642829,0.611090100359,0.608883934805,0.606666960575,0.604467267593,0.602301624678,0.600180093498,0.598108969174,0.596092367601,0.594133029642,0.592232725251,0.590392469632,0.588612657473,0.586893163371,0.585233427828,0.58363253508;0.517299269294,0.517118588214,0.519614040583,0.524565774465,0.528880852207,0.527100357642,0.505128113712,0.547396610683,0.53931626299,0.564012680825,0.588287181035,0.594759668346,0.587505889148,0.589605107431,0.594836459618,0.544813768874,0.58998247991,0.624862283054,0.66590610163,0.663145202095,0.650478631267,0.737142395969,0.649309531588,0.618050498181,0.594003566857,0.602528737982,0.60464821361,0.593888610049,0.655852157143,0.626119814258,0.615448826141,0.614756125357,0.614586061639,0.613410865238,0.611617184357,0.609533015929,0.607331004552,0.605096545888,0.602872825526,0.600682907187,0.598539954857,0.596451938587,0.594423835946,0.592458706122,0.590558258775,0.588723194329,0.586953436125,0.585248305704,0.583606662923;0.506120550864,0.499780063138,0.501275366189,0.511905781097,0.520405848001,0.52731384558,0.538545686902,0.578398953453,0.575555631348,0.563738727462,0.568058555594,0.567835645553,0.570616169287,0.584456370138,0.593822275949,0.585541634754,0.576199299794,0.634758869719,0.655481322655,0.642020442192,0.642494091615,0.646600935561,0.643151439021,0.679049380748,0.602402664089,0.59677476336,0.633425981404,0.66134526787,0.640096971226,0.621298873098,0.594900679568,0.612521499408,0.615163837873,0.614431936652,0.612641800386,0.610472201776,0.608166674836,0.605826604048,0.603499644512,0.601210742769,0.59897424465,0.596798950936,0.594690360622,0.59265176251,0.590684845405,0.58879009561,0.58696708793,0.5852147125,0.583531355695;0.494581195935,0.464077118527,0.453600410477,0.496912268075,0.509122070924,0.519429942604,0.533631803853,0.553980289705,0.558772817454,0.553143530514,0.546854815655,0.550954418214,0.56883490671,0.581945962526,0.586894058584,0.585888937793,0.591887987111,0.608684192195,0.620553528773,0.623300468201,0.623349744075,0.620259835653,0.608823960773,0.598582519648,0.550693717945,0.558747131749,0.602607998331,0.615593912146,0.62446631816,0.612360663402,0.604463032413,0.617631085679,0.618438438382,0.616632021443,0.614262001056,0.611743886965,0.609198345126,0.606673167217,0.604192108561,0.601769328824,0.599414273096,0.597133398156,0.59493088173,0.592809046258,0.590768709971,0.588809505572,0.586930163478,0.585128753151,0.583402880971;0.489159305356,0.472002808369,0.468727571357,0.486085300729,0.491374581649,0.50099028324,0.519248043088,0.533435072592,0.54074937731,0.540946127061,0.520950487537,0.520143058804,0.563585881497,0.595270167641,0.592920860152,0.575687280258,0.579404009639,0.59587189605,0.607044743573,0.611622664345,0.611289422221,0.607151888405,0.583835271572,0.574214145098,0.571848983375,0.562369966959,0.603551995742,0.598846383384,0.619229523535,0.626195197302,0.641075072975,0.632501447185,0.624071172095,0.619743310788,0.616359089286,0.613301530322,0.61041019957,0.607632179215,0.604949444574,0.602357707065,0.59985781581,0.59745175379,0.595140906275,0.592925496858,0.59080456729,0.588776169369,0.586837610021,0.584985681845,0.583216855436;0.48655133197,0.480144988407,0.476176633929,0.475064233302,0.457140217768,0.4521267848,0.504315528565,0.52046559084,0.529269973793,0.533726383259,0.535002482104,0.542698154107,0.559097082929,0.577549968823,0.577710313252,0.548974882708,0.547053042676,0.587853423501,0.603661794906,0.611455291074,0.601936321749,0.604342304425,0.602191983751,0.601056655055,0.608719097182,0.571788472539,0.574942640133,0.606233589897,0.636494862294,0.636733196893,0.657822225891,0.641017315986,0.628928106025,0.622966106461,0.618669024556,0.615046378479,0.611764496323,0.608688753156,0.605764114393,0.602969732726,0.600298297013,0.597746800321,0.595312865042,0.592993548316,0.590785134832,0.588683269568,0.586683172742,0.584779842683,0.582968218023;0.481923596549,0.475794061177,0.464426534207,0.452112581592,0.461749325301,0.473602811524,0.496356434599,0.509933563154,0.519135547854,0.526276432633,0.533107813141,0.541790709464,0.552050020959,0.561039995278,0.564774133595,0.563113959246,0.569607591685,0.586990880787,0.605979878574,0.605066145379,0.579580106464,0.608355812679,0.63124022998,0.610993544507,0.612215055471,0.546283764512,0.566399691127,0.619229772327,0.644262581557,0.647002635404,0.648142434181,0.640698704082,0.632297973342,0.625928649803,0.621017889029,0.616908011244,0.613236217908,0.609832787331,0.606628292878,0.603596310821,0.600725265899,0.598007492901,0.595435836839,0.593002882835,0.590700959929,0.588522324825,0.586459349142,0.584504662785,0.58265124763;0.47549509025,0.469190671667,0.451916535873,0.382449016691,0.461554498336,0.47817445507,0.489477259778,0.498147039018,0.507126893788,0.515276443906,0.52381974796,0.534667954618,0.544297814783,0.551836685788,0.557872795169,0.563591167908,0.571927877306,0.585680018774,0.633571246353,0.617429638368,0.615417316635,0.604577535479,0.614880206058,0.609131519344,0.613836408188,0.632472939447,0.618215567578,0.627468832175,0.646249191482,0.68526269007,0.669163547567,0.646629586799,0.635868385575,0.628780111572,0.623412191185,0.618907197868,0.614848159954,0.611074196824,0.607538757648,0.60422621693,0.601124032667,0.598218436548,0.595495147771,0.592940188302,0.590540305397,0.588283163736,0.586157417349,0.584152710495,0.582259634896;0.466629950411,0.462083413225,0.456821856984,0.451993966474,0.45976608604,0.47261276571,0.478045302873,0.474000794718,0.489926174948,0.497728798394,0.501239535405,0.526663910093,0.53700261059,0.54263731514,0.54985793547,0.55816723429,0.566998571379,0.577068262103,0.587961693757,0.589060641962,0.584463441964,0.589597755315,0.597496470378,0.603567971244,0.612349604213,0.62966158458,0.633042169024,0.638723812936,0.657737502226,0.706175612266,0.680166789322,0.651139219281,0.639045983834,0.631569236376,0.626021042442,0.621216606643,0.616704329529,0.61244981484,0.608494654695,0.604843023212,0.601473599987,0.598358736044,0.595471808976,0.592788941321,0.590289126321,0.587954002895,0.585767560061,0.583715833414,0.581786617284;0.449717623619,0.443288361317,0.452986647218,0.443137623206,0.421325748639,0.464664012716,0.469120217043,0.392839607002,0.476289654646,0.484439891455,0.459072281261,0.548965597199,0.531431500221,0.526584979556,0.537845889866,0.550416928729,0.559904508652,0.567294949132,0.571099421548,0.56242163381,0.431534985574,0.573438886512,0.587884484658,0.597534890466,0.608861238791,0.623748579608,0.637160424859,0.650210721892,0.666122340443,0.680216844285,0.667157624962,0.652285201885,0.641477558993,0.634529964296,0.629434748771,0.624341039514,0.619021175269,0.614004822765,0.609481186056,0.605416895437,0.601743067126,0.59840050372,0.595341989299,0.59252934009,0.589931216365,0.587521677449,