TDGF1_OAC1=[0.828391964379,0.833627806408,0.838836675564,0.844453608183,0.85089227561,0.858650086652,0.869183483276,0.905249147451,0.884743847887,0.88631815345,0.890372483699,0.890669627482,0.894605669383,0.900279092059,0.912567399866,0.897215492387,0.894489039205,0.883437604391,0.87534834131,0.868662517845,0.869878964833,0.87499842772,0.894392993789,0.868037689777,0.856554892633,0.848563936854,0.841421379684,0.834784945886,0.828601002861,0.822833627774,0.817445968806,0.812404620909,0.807678677558,0.803236420193,0.799042587722,0.795057679273,0.791240242926,0.78755227943,0.783965926095,0.780467792177,0.777058242561,0.773746404122,0.770544154329,0.767461795696,0.764506112663,0.761680163277,0.758983906303,0.756415043794,0.753969782871;0.830977087827,0.83604663585,0.840606069634,0.845689503718,0.851846500204,0.859422407639,0.869107419417,0.881371757785,0.887059796346,0.885732570517,0.888540527519,0.894508483715,0.902525653244,0.914011348046,0.90150395609,0.8979898731,0.897435813997,0.889180201971,0.887093146011,0.882839435545,0.878127428324,0.875069572376,0.872072709279,0.864695630876,0.855977933421,0.848147238192,0.841004788036,0.834369954963,0.828166403842,0.822357522604,0.816921037607,0.811838840941,0.807090458839,0.802648140689,0.798473443972,0.794516156756,0.790717909984,0.787022730678,0.783391914165,0.779813867808,0.776301258507,0.772878692308,0.769570512622,0.76639434098,0.763359889271,0.760470372481,0.75772451218,0.755118249998,0.752645970816;0.836656501434,0.840650576669,0.84300828887,0.846842594726,0.852457610217,0.859668747013,0.868568528174,0.88119662939,0.89434714197,0.887503180098,0.890118024125,0.899345764258,0.912678419928,0.906508844282,0.900627985676,0.899087759267,0.896669967006,0.894764275939,0.901958320456,0.896071923016,0.890949141777,0.880486415618,0.875113821059,0.864520968317,0.855731203921,0.847787356823,0.840528043475,0.833811534043,0.82753697142,0.82165912154,0.81616495981,0.811050095757,0.806304342465,0.801903747787,0.797804856052,0.79394012759,0.790219786168,0.786550658448,0.782871838204,0.779179964253,0.775518014706,0.771941927642,0.768495890176,0.765205554253,0.762081345085,0.759123910291,0.756328458085,0.753687525241,0.751192566589;0.861124696272,0.850480997817,0.846330875492,0.847795372578,0.852902411773,0.860113178187,0.86843595877,0.878963797409,0.899999080047,0.89020492514,0.891498986345,0.903357760802,0.915394444863,0.909401697927,0.905160458429,0.91076659089,0.905079930146,0.9002383436,0.918326625282,0.896567066901,0.887346491366,0.883386441743,0.879568329315,0.866091408466,0.856019795268,0.847454596497,0.839970805874,0.83313243023,0.826744013344,0.82075741974,0.815182665136,0.810036271994,0.805320922538,0.80101822862,0.797081113734,0.793419238544,0.78988501237,0.786299057339,0.782546141792,0.778654100187,0.774746245621,0.770941395577,0.767309753022,0.763879344005,0.760653885875,0.757625729665,0.754782837567,0.752112078736,0.749600650153;0.849492883927,0.867082649407,0.850470644896,0.847728294006,0.853255994522,0.862511465954,0.870363201738,0.879016338324,0.90532668201,0.886318759196,0.890649048975,0.904607147603,0.900103504317,0.920732577646,0.906143539324,0.909199850826,0.900636621693,0.906892275603,0.907683932973,0.893180858449,0.884265568907,0.877970500458,0.876892386911,0.873703634347,0.856243243714,0.846929808156,0.839352132711,0.832409519291,0.825840580655,0.819667909217,0.813965375474,0.808780521902,0.804129195461,0.800001930401,0.796360020685,0.793103415545,0.789991460416,0.786615879555,0.782690406521,0.778372188977,0.774019350144,0.769863240011,0.765984100097,0.762387458247,0.759053339843,0.755956338125,0.753072259348,0.750379816682,0.747860698515;0.835291314696,0.848383015929,0.844902910789,0.844923366711,0.8523693457,0.875933439485,0.886715798784,0.874679797238,0.876877311333,0.88185202313,0.897609987876,0.8908859291,0.891241495879,0.894860902577,0.896053472269,0.906991705769,0.896824834608,0.89684969325,0.8977579185,0.897164997065,0.885090190972,0.875651457965,0.871155592127,0.865545009322,0.854399082341,0.846127192725,0.83895745464,0.831887156512,0.824924063336,0.818391853141,0.812476769572,0.807241062696,0.802698353243,0.798849494972,0.795696116326,0.793220481121,0.791151113711,0.788394837111,0.783897165189,0.778505830715,0.773318735939,0.768645443206,0.76446127066,0.760685581955,0.757247317605,0.75409222415,0.751179507545,0.748477960034,0.745963091607;0.826847732093,0.832494216992,0.835615822423,0.839422355296,0.846689835108,0.858838599103,0.867776101396,0.865935898737,0.868431674105,0.876710727002,0.893100485709,0.891859157194,0.8871307984,0.894776562954,0.888655505667,0.90600428883,0.889819848502,0.89293205406,0.900987497751,0.917868398239,0.885739666652,0.873823592295,0.866246221174,0.859160776509,0.852017330106,0.846020807062,0.840013337921,0.832171638396,0.824094193577,0.816863344977,0.810625463485,0.805339188999,0.800972241468,0.797530577154,0.795087509061,0.793956284625,0.794801861033,0.794918297216,0.787474063483,0.779044844922,0.772449009658,0.767139621752,0.762646910535,0.75871452835,0.755197726067,0.752008019849,0.749087125351,0.746394151116,0.743898878611;0.824376656152,0.826857400752,0.828943027399,0.832836407581,0.838660322353,0.845657810152,0.851668674858,0.855838878776,0.860469540854,0.868375547325,0.886647828614,0.881156388898,0.875620768518,0.875334628765,0.875762931077,0.882821120618,0.885826200429,0.887571239892,0.889621051367,0.891773469521,0.882995700575,0.87338508135,0.86566683494,0.857187082412,0.850673023522,0.848905032704,0.848823179844,0.834116182041,0.823149166516,0.814836822457,0.808235937371,0.802952803396,0.798872174085,0.796018599029,0.794475890819,0.794807430305,0.801847416135,0.839115689843,0.793595307245,0.778901349306,0.770899215334,0.765114059734,0.760426176524,0.756411741142,0.752867664391,0.749680540091,0.746779818993,0.744117925588,0.741660708271;0.851078923971,0.825154999073,0.822912756603,0.825940108035,0.830953394972,0.837008880297,0.843347783809,0.848957948987,0.853184610964,0.857599772667,0.861699227784,0.861848754571,0.858907915214,0.85457121889,0.85622409316,0.904145381532,0.897172222743,0.894851307739,0.886881613508,0.882399497249,0.87778523035,0.8836113901,0.87164033756,0.856708970341,0.848802888297,0.849702533425,0.861586717811,0.835623267504,0.821002916458,0.811831685231,0.805067281622,0.79992463927,0.796287842376,0.794370455983,0.794316253238,0.795170040397,0.798414336802,0.806412241556,0.788504073884,0.775906109287,0.768120007184,0.762373892764,0.75771217054,0.753732048592,0.750231078516,0.747093640244,0.744247076881,0.741642211324,0.739243731932;0.823064466468,0.816729313577,0.815654161696,0.81862042493,0.823478333784,0.829837550795,0.838564659213,0.850191067032,0.849213177606,0.85028818924,0.851195624853,0.850445881328,0.846601355891,0.834380429271,0.758912698831,0.851486661172,0.873191215287,0.881169043703,0.883561997622,0.874285790963,0.871749157923,0.870802765923,0.878010508316,0.854877623522,0.844867544022,0.84137882108,0.850540929492,0.829742007781,0.816153725168,0.807416069838,0.800927643039,0.796089361319,0.792988998214,0.792475508204,0.797017333034,0.802452848198,0.793081263592,0.786280568468,0.778499264478,0.770636625981,0.764174516884,0.758914390022,0.754492579516,0.75066495553,0.747280212629,0.744241817123,0.741485071489,0.738964406653,0.736646251514;0.8023732248,0.804869363657,0.807128679027,0.810702680174,0.815648694496,0.822249364334,0.832449877925,0.856547545447,0.847191435161,0.850355090874,0.846728751175,0.845696969615,0.841924173637,0.832944238445,0.823225659183,0.842884147185,0.86254854116,0.871618250806,0.904950193908,0.871024292513,0.879379691366,0.864806317361,0.859714003683,0.858291295785,0.839520947671,0.831359697877,0.825736165429,0.817713717719,0.809010296056,0.801687757577,0.795810113186,0.791333738472,0.788562958137,0.788789295906,0.798806108709,0.849721185061,0.78939120276,0.778042445058,0.771000812058,0.76490947511,0.759549240075,0.754891276629,0.750825329066,0.747234734462,0.744026317609,0.741130832651,