TET2_OAC1=[0.299103457709,0.296187962958,0.293699675961,0.290890144884,0.286946832258,0.280722193279,0.268815397483,0.201841776465,0.254917704195,0.261891179373,0.265061781268,0.2816266131,0.298597159931,0.316747820805,0.264875352555,0.321027757059,0.353351540636,0.323336976315,0.314094623305,0.313314365411,0.32862512665,0.341185407195,0.272568620561,0.318593884533,0.330424348507,0.336880558412,0.343090408332,0.349183402752,0.354956474396,0.360330795374,0.365307871535,0.369913033449,0.374168053743,0.378079198571,0.381632955499,0.384798062684,0.387534956962,0.389812230984,0.391624471407,0.393001770171,0.394004937375,0.394710208753,0.395192982207,0.39551741162,0.395732851942,0.395874791862,0.395967633571,0.396027674835,0.396065599843;0.293814127971,0.291372252386,0.29035396517,0.28902698393,0.286397868284,0.281676263709,0.272978229739,0.258075596168,0.256078122351,0.270244479697,0.277792865454,0.283609201889,0.29816714293,0.405699570311,0.323840574631,0.339979817576,0.368095635697,0.339026815201,0.343007562193,0.333261490495,0.322200207318,0.321753139666,0.318820825701,0.324037270854,0.332577056462,0.339963834436,0.346660442344,0.352896117018,0.358706649892,0.364109682307,0.369137245888,0.373825329071,0.378198708081,0.382258657571,0.385974807949,0.389283999115,0.392102486664,0.394356264828,0.396020080765,0.397139044567,0.397814892781,0.398169551579,0.398312924924,0.398328273579,0.398271890542,0.398178979601,0.398070291947,0.397957406956,0.397846364007;0.282712248267,0.282151429212,0.285229201215,0.286613797122,0.285825350632,0.283329496656,0.278914091972,0.266618017538,0.248514493998,0.273623676308,0.28014459471,0.279064198039,0.276105352634,0.314715713131,0.334709397945,0.342898144345,0.341110241578,0.33798622407,0.365716518515,0.332395934479,0.297928979217,0.307776401281,0.309102071182,0.323849899947,0.334163102863,0.342784586926,0.350230270495,0.35682724729,0.362800165861,0.368290198278,0.373396795721,0.378194468831,0.382729789791,0.38701023617,0.390990279936,0.394560163956,0.397554492035,0.399807651029,0.401249358176,0.401962640999,0.402140824419,0.401992698711,0.401679636093,0.401303473808,0.40092000592,0.40055610874,0.400222487743,0.399921515427,0.399651617935;0.238878462476,0.263188594636,0.277708314965,0.283628510153,0.284414887409,0.283424491332,0.284394838959,0.288952051884,0.259115775541,0.276625245405,0.278939876449,0.270617137184,0.325913279027,0.325942044655,0.353088368881,0.385158947092,0.333412745662,0.336188755662,0.270848029973,0.31069366948,0.308946781561,0.301454896579,0.298610977012,0.321020222088,0.335182709149,0.345890774212,0.354222091785,0.361202817249,0.367348324069,0.372926635475,0.37811312498,0.383038782304,0.387791307059,0.392402276833,0.396823665755,0.40088810783,0.404277636511,0.406605811479,0.407681224849,0.407697601325,0.40707601786,0.406191305946,0.405266977059,0.404404880306,0.403639099649,0.402972569912,0.402396078488,0.401896938664,0.401462585611;0.256782280254,0.232029664919,0.267963877863,0.281384404085,0.281473968903,0.276822593812,0.280737940182,0.308753701793,0.42916532704,0.290884198029,0.276354981823,0.255588735818,0.296069259949,0.252907141588,0.345664036822,0.41359013923,0.359390877797,0.338311514601,0.35477370269,0.316535060646,0.315956944183,0.316018697023,0.306482666297,0.304494713757,0.33714085562,0.350165086504,0.359031081655,0.366222428283,0.372468192358,0.378082434836,0.383310761216,0.388363868388,0.39339601496,0.398493157951,0.403649823947,0.408680598004,0.41301558334,0.415662604651,0.416018723656,0.414675885388,0.412691493653,0.410722511075,0.409002023862,0.407562610837,0.406371433811,0.405383078625,0.404556092154,0.403856641764,0.403258182647;0.278180362699,0.261846539318,0.274751694666,0.282945193559,0.279038129278,0.245111451244,0.23761784839,0.286546020892,0.300871368862,0.283594726879,0.248224606953,0.276029128412,0.29265237446,0.304590803632,0.33467826101,0.420911499593,0.366128272516,0.334821413409,0.317833206666,0.295850256154,0.311662422061,0.322686712134,0.322683857454,0.326864187348,0.345026578341,0.356372648629,0.364737364364,0.37195685961,0.378271395891,0.38382508379,0.388998753962,0.394145792281,0.399519143354,0.405297350324,0.411618425204,0.41853200016,0.425370292073,0.429291439272,0.427749685539,0.423293246449,0.418913596677,0.415418572677,0.412737523019,0.410667423935,0.409039320317,0.407732436878,0.406662718595,0.405771303903,0.405016318263;0.288956547363,0.285554316686,0.287052687609,0.28821319825,0.284069020295,0.2715350621,0.265768845038,0.282575676398,0.288174563575,0.276754266425,0.246553057429,0.2592039091,0.284478297705,0.282649208761,0.324729199565,0.298965248451,0.350673026883,0.327823287076,0.291642861767,0.231793267863,0.309497270711,0.329494409493,0.338240441964,0.346466774943,0.355840380086,0.363350674555,0.370165698951,0.378317621154,0.384987601645,0.390245507708,0.395150480992,0.400308911598,0.40608132876,0.412754804717,0.420696603619,0.430858916497,0.445042934231,0.455964552796,0.446110900186,0.433441396587,0.425217736701,0.419900434774,0.416239978019,0.41357653579,0.411552679219,0.409961449387,0.408675425398,0.407612085778,0.406715748223;0.289104611655,0.290789773555,0.293779933682,0.294377134277,0.292235600279,0.288502043039,0.286942325443,0.288814243888,0.288775304965,0.280623551662,0.249218247397,0.270697435241,0.295527316642,0.31326392788,0.341699725623,0.360411436701,0.360290366452,0.344892111973,0.324556958369,0.30702403687,0.320815288507,0.335754436252,0.345205318783,0.357226322818,0.36632532478,0.367764765992,0.365402317021,0.386512223756,0.39336799742,0.397412670291,0.401644984845,0.406691375324,0.412942299121,0.420805526837,0.430674729818,0.444146214128,0.473997557941,0.580760319842,0.471180851847,0.442282754443,0.430318626433,0.423602298646,0.419236237313,0.416144239555,0.413826666514,0.412016931163,0.410558749916,0.409354082176,0.408338199269;0.241472678428,0.288834827869,0.298609605375,0.300235239787,0.298950310597,0.296165792529,0.292970871435,0.290953150482,0.291231347875,0.290813204173,0.290974872371,0.299780083265,0.315765862327,0.336210888776,0.366823367832,0.526074272843,0.430605588396,0.343606292144,0.343468062814,0.344561853646,0.346692216846,0.318313155253,0.338601666709,0.366900168654,0.37960164816,0.38408859712,0.393729584787,0.408071186892,0.403951330859,0.404977301728,0.408165773794,0.412998407933,0.419844289086,0.429591898991,0.442719126006,0.456695319846,0.475506537266,0.505085846967,0.467921271733,0.444477222848,0.432916436442,0.426080304677,0.421534139421,0.418272214684,0.415804470718,0.413862882585,0.412288168899,0.410979593417,0.409870287921;0.282247453741,0.29740342712,0.304807068685,0.306105809964,0.304610561937,0.300750878972,0.29265144186,0.278824239007,0.288318354841,0.294240656937,0.300717040116,0.31046628665,0.324664228933,0.341395094148,0.418474941057,0.392650027933,0.416226954082,0.399134364316,0.384943235404,0.39524456634,0.396222393325,0.375070419631,0.335992467287,0.387214244431,0.396966463245,0.408917689145,0.46392194425,0.425054148661,0.412771916614,0.411856589961,0.414241149913,0.418798070648,0.426147171432,0.43873890661,0.463016754081,0.487708996065,0.473021625956,0.464596226543,0.453399788482,0.441762396831,0.433276668328,0.427372201301,0.423128118829,0.41994729369,0.417473017979,0.415487820164,0.413853842445,0.412480180191,0.411304717313;0.309818847791,0.310720042562,0.312386144159,0.312311527801,0.310290192269,0.305673625909,0.294791699563,0.258540863903,0.282406872907,0.283843526997,0.298524005515,0.3083340586,0.322322229524,0.340823907077,0.366424525848,0.384736846222,0.427217015819,0.445832500331,0.583572778073,0.44376863078,0.484263609006,0.415736366689,0.413991399717,0.44947925366,0.414821089538,0.414376749107,0.420558075964,0.420006976913,0.417455848716,0.417467087078,0.419588315292,0.423693315151,0.430712848642,0.444082922345,0.481136149624,0.61951922281,0.475623584249,0.455734761303,0.446248186187,0.438744617374,0.432656209836,0.427890781727,0.424175424204,0.421235695574,0.418861647933,0.416904606784,