TET2__poly=[0.291128434178,0.286334683931,0.281092757849,0.275077154877,0.267695983924,0.258281673458,0.247299796397,0.234304877759,0.206837928052,0.195175700711,0.211925407798,0.21189691719,0.185933316892,0.166610534999,0.221830211776,0.213687128723,0.321366460931,0.250945620833,0.235028175417,0.242254390053,0.239614667938,0.250295607131,0.267574172064,0.310744619572,0.322378300147,0.311865592647,0.302226701453,0.33572114439,0.349603312944,0.360450028195,0.368168051356,0.371029629175,0.37237091234,0.373818037237,0.375429824642,0.377058705335,0.378609296664,0.380037286285,0.381327355861,0.382478962873,0.383498755849,0.384396656751,0.385183811672,0.38587149423,0.386470514882,0.386990914576,0.387441826292,0.387831438106,0.388167017107;0.289851562458,0.284741727242,0.279419798467,0.273431084643,0.265566799576,0.252999863233,0.230606121669,0.229807078112,0.210796382157,0.213918660958,0.209507453385,0.207292659574,0.210824843346,0.212530092938,0.223377762605,0.214139269774,0.244269683131,0.228421201739,0.221502894024,0.252577968233,0.258980613098,0.26185966413,0.279419697992,0.431721515519,0.375925229169,0.343476565402,0.335681452916,0.33465714466,0.341203087122,0.35463947948,0.363602145832,0.369050912189,0.372828768514,0.37567257746,0.377973420722,0.379910043356,0.381567593665,0.382994855095,0.384225374837,0.385285231516,0.386196202733,0.38697717642,0.38764480294,0.388213809952,0.388697181645,0.389106296815,0.389451063716,0.389740061434,0.389980685541;0.288168783372,0.282323118039,0.277117577249,0.272098527669,0.265223549117,0.25329361949,0.229476127678,0.231900458518,0.218341197906,0.22390258206,0.224145225425,0.209583711361,0.211309168719,0.230773821617,0.231297958171,0.212358055906,0.25602215428,0.240330586115,0.233131654309,0.254379829329,0.289786743976,0.470368521301,0.337597749245,0.370123995068,0.395639190741,0.385990205534,0.378663464484,0.357333454771,0.331068076531,0.35221879575,0.360764385737,0.368643447926,0.374281477006,0.378155863811,0.380970419129,0.383122413589,0.384828288239,0.3862117192,0.387348038408,0.388286844905,0.389063567773,0.389705317971,0.390233839444,0.390667038883,0.39101984409,0.391304751547,0.391532226682,0.391711026506,0.391848472676;0.285714678419,0.276855807571,0.271675168896,0.270367634889,0.266376373695,0.259281288298,0.249557142709,0.228842473549,0.230408376019,0.23900398008,0.237496943128,0.229425343489,0.231293958116,0.244476812678,0.248042819126,0.263517140832,0.294138919347,0.257470672977,0.257319217835,0.286209192108,0.309362794796,0.333905389803,0.354595157052,0.379776704113,0.412720329001,0.43507184259,0.448321025458,0.461145899277,0.374440707263,0.334028158213,0.349931992458,0.369224119143,0.376953440932,0.381535384936,0.384616363569,0.386821034631,0.388468449963,0.389735006741,0.390723989899,0.391500680232,0.392109954163,0.392584917025,0.392951165132,0.393229007845,0.393434755138,0.393581566143,0.393680072324,0.393738866404,0.393764897609;0.283471909896,0.261439148908,0.25052686669,0.268190133643,0.26732553981,0.26355272281,0.258342117491,0.249694445539,0.24848961173,0.250616033074,0.246377847932,0.245303749008,0.251616642608,0.257073449291,0.264171507196,0.275244559664,0.284799419605,0.288618633853,0.29750416915,0.314426509844,0.3346773481,0.358300187069,0.39092912204,0.42752659433,0.464418327275,0.460151714493,0.428560146585,0.40922120034,0.3835924635,0.357922099735,0.359017287182,0.373211351748,0.381207774225,0.386012879937,0.389044442242,0.391089505746,0.392540442843,0.393597824945,0.394373724851,0.394938401603,0.395340645238,0.395616673525,0.395794288491,0.395895112337,0.395936013247,0.395930139909,0.395887723766,0.395816715869,0.395723293555;0.285123953105,0.270937871385,0.264425230703,0.268832988498,0.265618167063,0.263719325792,0.26514145921,0.264361863426,0.263422298466,0.261639868848,0.249991989435,0.247086543856,0.263248687879,0.257239440081,0.266912388439,0.281879817188,0.292843823645,0.307333767517,0.321504048948,0.338189353491,0.357543575961,0.380008901221,0.42021461766,0.441351111568,0.428391446096,0.42470232386,0.456438168133,0.406777901912,0.394118843457,0.381605678998,0.364195597786,0.376230422721,0.38706034382,0.391739839984,0.394320975027,0.395959656526,0.397065565605,0.397816125017,0.398307893636,0.398605224876,0.398756018419,0.398797180346,0.398757154975,0.398657650792,0.398515054131,0.398341613966,0.398146412809,0.397936141381,0.397715702881;0.288817264159,0.281263900252,0.274847714702,0.269719549984,0.254826359475,0.247027336086,0.269850539692,0.273173400135,0.27368874783,0.273031805151,0.271206247443,0.272547731832,0.276793649183,0.276338821434,0.282657524566,0.283923479195,0.292888148381,0.324239607999,0.341187309279,0.357004161116,0.383514993025,0.399808219795,0.420604392679,0.441062348267,0.473996486339,0.458924611155,0.44816406126,0.410148477022,0.391556175551,0.395235107544,0.371622554065,0.38652356389,0.395795831605,0.398824957592,0.400401791081,0.401400496291,0.402036205156,0.402392579555,0.402529566025,0.402500513774,0.402351179638,0.402118191718,0.401829386556,0.401505180946,0.40116016345,0.400804530927,0.400445259641,0.400087011268,0.399732811498;0.291655346302,0.284769808297,0.274601030694,0.263782082517,0.26554757179,0.268244401995,0.276834841751,0.280305493926,0.281742596103,0.282526443942,0.28358854001,0.286148026102,0.290102401582,0.294749915342,0.301160287099,0.308717060447,0.322266057075,0.344587561776,0.369475557952,0.394724971523,0.431146519231,0.424141314051,0.463449733638,0.449144575002,0.479551534861,0.542192341298,0.490297002413,0.42824111288,0.408032651656,0.419674806666,0.415603565975,0.408781129104,0.406981424127,0.406793414076,0.407053461478,0.407331058695,0.407437760125,0.407330580989,0.407040434454,0.406619494433,0.406115735586,0.405565802518,0.404995442847,0.404421854424,0.403856014311,0.403304546386,0.402771115302,0.402257429108,0.401763941366;0.293645090181,0.28717959511,0.273953648309,0.229450518322,0.273866977618,0.280469264192,0.283749338415,0.285451568335,0.287317400078,0.288639913789,0.290304317156,0.294359919956,0.299913691416,0.306458373787,0.314448873359,0.324687984966,0.339136795502,0.362259431131,0.441937812774,0.43827619782,0.448498014844,0.426748631428,0.443592887996,0.443552653844,0.46588479828,0.514195293812,0.477360112265,0.442490655837,0.434744707421,0.480226649173,0.454006030182,0.424809440816,0.416835929016,0.414546547447,0.413973421099,0.413719531328,0.413304838164,0.41265805952,0.411847811191,0.410953730313,0.41003247203,0.409119012144,0.408233522795,0.407386696435,0.406583251574,0.405824228976,0.405108502249,0.404433759012,0.403797122235;0.294268372273,0.289446388966,0.284120351875,0.279007512125,0.281548657849,0.286988326674,0.287748601825,0.282710299087,0.289229003234,0.289896845393,0.286396380971,0.296610377221,0.30551160571,0.313944003758,0.323464409269,0.334799909991,0.348580244689,0.366681777959,0.390026009259,0.404038665441,0.407485977059,0.412877408788,0.423135175166,0.433257310447,0.44729142081,0.469002083785,0.459141210407,0.441326283139,0.434129050477,0.441565749621,0.457895741614,0.429902738882,0.423090782962,0.421481113658,0.421231587606,0.420801119565,0.419807489134,0.418447633239,0.416963290706,0.41548629442,0.414073520056,0.4127472863,0.411514165635,0.410372889146,0.409318198545,0.408343014894,0.40743970277,0.406600777284,0.405819265051;0.289769513011,0.284340985593,0.289246701534,0.281655131117,0.26648648391,0.292312832208,0.29335114934,0.244067578077,0.293635092433,0.294355011882,0.266976759889,0.28246527075,0.306520609658,0.315414758795,0.32812859003,0.341554691691,0.354357458368,0.367529379173,0.379512060703,0.382354717078,0.298399174939,0.401521245706,0.416051589708,0.426069111409,0.434135187914,0.438045913315,0.437829739232,0.436976843663,0.431149043331,0.417984577326,0.426164550216,0.425634428528,0.426404321562,0.428372066565,0.429915407546,0.429433617634,0.427320826782,0.424793841592,0.422378540141,0.420178471035,0.418193853666,0.416407434841,0.414798845135,0.413347276107,0.41203283757,0.410837417417,