TGFBR2_OAC1=[0.258139115825,0.253468477127,0.248999137677,0.24408104496,0.238060773437,0.230100859797,0.217689018786,0.161686161389,0.202450877325,0.206421316186,0.206452883806,0.213196139804,0.210736962053,0.202119676205,0.178174613478,0.208344065517,0.209467652505,0.222743446915,0.225393760219,0.228447405314,0.234886356364,0.236702546442,0.205254977628,0.259628649977,0.282523408494,0.295208982539,0.30366501524,0.310136109779,0.315742366132,0.320952276641,0.325941221565,0.330764714064,0.335424674265,0.339892919243,0.344120090302,0.348042424694,0.351592864478,0.354718186053,0.357397046246,0.359649048146,0.36152874264,0.363108735442,0.364462027119,0.365650748744,0.36672225464,0.367710006942,0.368636428304,0.369515973872,0.370357688484;0.25292184696,0.248440711655,0.244897006275,0.240738628216,0.235086527401,0.227321147899,0.216183058244,0.200627770964,0.196140121934,0.204335709013,0.205627686064,0.200803897936,0.191080728926,0.173086191399,0.20237613596,0.211043132672,0.210427244946,0.224489353888,0.228439915606,0.244004188031,0.257645285513,0.255984561058,0.256796196812,0.268359222775,0.282417191891,0.293660575002,0.302485083415,0.309730288623,0.316053570199,0.321858068664,0.327354868149,0.332638719511,0.337735931526,0.342626525141,0.34725217846,0.351521801981,0.355326714656,0.35857303957,0.361222388219,0.363313670139,0.364947467588,0.366246735554,0.36732240031,0.368257829892,0.369108503949,0.369908229664,0.370676127135,0.371422159154,0.372150908576;0.242956050001,0.239959178187,0.239638317114,0.237309408958,0.232423232784,0.225156796173,0.215219269,0.198995997797,0.181465178799,0.198631410729,0.199951979013,0.189280876654,0.170372132393,0.190577970221,0.21284929487,0.221093080066,0.222711062935,0.225007558129,0.215157420141,0.265545897109,0.313165541129,0.263673239821,0.259041975662,0.272813917222,0.284463709862,0.294568213042,0.303119131303,0.310496113297,0.317128267015,0.323317597275,0.329236897537,0.334971223704,0.340547823419,0.345945440415,0.351088932961,0.355840259801,0.360007944534,0.363405396413,0.365951148344,0.367728564642,0.368938535168,0.369798180725,0.37047429372,0.371070845003,0.371643521159,0.372217953382,0.3728032088,0.373400038503,0.374005457743;0.205165896891,0.223565734656,0.23283051109,0.233996212417,0.229812330118,0.222471612589,0.213402892878,0.200668549507,0.169870951459,0.191626125332,0.195232576418,0.180169655359,0.164887200408,0.188516627133,0.226209756278,0.236233302549,0.21706847819,0.222476092396,0.186308461692,0.254580118198,0.28284310246,0.262343620462,0.255398748296,0.273866805143,0.286538000192,0.296646430641,0.304857238252,0.312069478315,0.318789406514,0.32525255915,0.331562731862,0.337771967511,0.343903651911,0.349943002379,0.355807592768,0.361299667686,0.366069480909,0.369701142708,0.371990989535,0.373145897336,0.373612351013,0.373785525411,0.373899048045,0.374057559902,0.374294355549,0.374610312086,0.374993993322,0.375430765613,0.375906530907;0.220683516305,0.197179295325,0.224684592711,0.232059027183,0.227148557521,0.216524028353,0.208099423308,0.198379750252,0.158964909904,0.196053872206,0.19447349647,0.175999053435,0.193215467051,0.164420553091,0.224729242356,0.244458568278,0.231852086903,0.213929325791,0.217038196975,0.256936561822,0.273915052635,0.275633161071,0.265555734605,0.262298888032,0.289243049345,0.299693999849,0.307173567083,0.313988311185,0.320744949313,0.327511726195,0.33426591396,0.341022997103,0.347825710166,0.354703651329,0.361621297585,0.368367105882,0.374328548084,0.378451948692,0.380106484373,0.379932317481,0.379056352829,0.378173983475,0.377528933045,0.377152558235,0.37700764973,0.37704441323,0.377217854192,0.377491526117,0.377837077381;0.239524491916,0.222975385368,0.230926466458,0.234059764081,0.226198053963,0.19328704018,0.179784650561,0.203028779344,0.204130274092,0.201075377778,0.17960597408,0.198447545069,0.20697898898,0.212276363698,0.22541993047,0.211935074365,0.238107190592,0.243636537315,0.257411978805,0.27542677416,0.284057098589,0.288091141479,0.284083887008,0.284241990076,0.296650780579,0.303600594122,0.30918303705,0.315503928132,0.322591045134,0.329919509685,0.337273688619,0.344692885095,0.352310734088,0.360274608415,0.368723041347,0.37770987506,0.386524688393,0.39214752853,0.391899252729,0.38852319311,0.385205059094,0.382796866235,0.381217893593,0.380249109162,0.379709237811,0.379469134379,0.379439264465,0.379557268339,0.379779129669;0.249562825791,0.244025950694,0.242320548493,0.239813273655,0.232286457387,0.217332040821,0.207232899367,0.214339862615,0.215094982894,0.206702880089,0.184473400307,0.193077571124,0.210223966771,0.207209221363,0.235397842447,0.212626769451,0.258725527437,0.259855409757,0.267526479511,0.326122244405,0.301791387134,0.30404372733,0.304030044258,0.304594593671,0.30592472709,0.306227543238,0.308206973077,0.315186015897,0.323899656191,0.332386632623,0.340562414667,0.348753732365,0.357328914125,0.366638877237,0.377117842344,0.389811454086,0.4066517822,0.419855889435,0.410836155816,0.398819480332,0.391514984917,0.387263817033,0.384728797375,0.383205208042,0.382312043515,0.381829297233,0.381622077963,0.381603567961,0.381715708755;0.250703782677,0.249680327009,0.249444926387,0.246800628184,0.241494987286,0.234579517694,0.229323117671,0.227168941673,0.224618596957,0.217018655938,0.191959239853,0.207420972607,0.22505327386,0.238040644658,0.264117588609,0.292702741698,0.291188451781,0.278763090836,0.289282483393,0.328997275539,0.33561508212,0.32020580647,0.319989805953,0.319004150044,0.313823574374,0.302542756958,0.291673484925,0.311122150429,0.324785313872,0.335124035844,0.344210423889,0.35317913652,0.362823792645,0.373794212255,0.386624407374,0.403083124977,0.436861371071,0.552456805406,0.437029775746,0.407822071589,0.396635177322,0.390986420454,0.387782508346,0.385875805578,0.38473460008,0.384076152437,0.383735573614,0.38361021113,0.383633012106;0.210418183561,0.249399583428,0.255255990178,0.253823131455,0.249722239187,0.244283644395,0.238618444261,0.234293125765,0.232419439485,0.23058209171,0.229494784288,0.235008970099,0.245126654262,0.257058271787,0.28563405607,0.490263540922,0.301829293216,0.261776853587,0.291447889466,0.341004487793,0.349440170808,0.312823609057,0.346596639486,0.336021815816,0.322378206018,0.301797710867,0.266491238531,0.306950863188,0.326986258344,0.33875419335,0.348362068052,0.357879045266,0.36863136796,0.381959907803,0.398541807888,0.415723693836,0.437832505258,0.471198487623,0.433174485558,0.409865075605,0.399196932948,0.393504633432,0.390185295672,0.388165846915,0.386925029243,0.386179096582,0.385760580964,0.385564585291,0.385522383154;0.247302167904,0.258404018537,0.262444885954,0.261014948365,0.257099223318,0.251210166813,0.241985740112,0.228454897919,0.234447668083,0.237865391127,0.242001702811,0.248665386166,0.257016766094,0.254665175752,0.242300635949,0.303966693511,0.295417973816,0.291182970156,0.304536044317,0.338408242983,0.363000489861,0.366871835286,0.423592538499,0.347312136157,0.330871327431,0.31688705143,0.285654866377,0.315316836661,0.332991695329,0.343818778594,0.353042513858,0.362582234883,0.374140901781,0.390775630963,0.419590338612,0.44841872486,0.43464104649,0.427534356176,0.417416095482,0.406796621306,0.39948996212,0.394867776501,0.39194050793,0.390070121121,0.388877560178,0.388133345506,0.387693369661,0.387463789609,0.387381520073;0.273087264836,0.271778425165,0.270996886729,0.26859105245,0.264466223431,0.258188044549,0.246835233833,0.214768520719,0.233028650401,0.233051936438,0.244449297045,0.252626059349,0.265466262608,0.281806984294,0.292461859462,0.304896067563,0.300624066957,0.319333825744,0.434494374975,0.352182529335,0.440458339633,0.39143854984,0.360412340227,0.324266047087,0.335830648272,0.331997157504,0.328676855588,0.333413803246,0.341834262566,0.349973937614,0.358013828435,0.366873725394,0.378115914834,0.395722525849,0.438515908916,0.589956357385,0.437038951205,0.417777519338,0.409622902891,0.403521454311,0.398856718219,0.395522455957,0.393223627723,0.391667208104,0.390631113617,0.389959715373,