TRIM28_OAC1=[0.989012999733,0.989502050046,0.98997969141,0.990472683378,0.991004904178,0.991603680715,0.992350570301,0.99454745485,0.993474783208,0.993670297918,0.993999523944,0.994120686194,0.994436647323,0.994840588801,0.995577468233,0.994940251982,0.994986592665,0.994730720405,0.994740751596,0.994741009159,0.994597973079,0.994475759693,0.995121954041,0.993727526435,0.993049063894,0.992560895737,0.992130463025,0.991736303707,0.991372621294,0.991035529244,0.990721737266,0.990428540375,0.990153632263,0.989894848584,0.989649968454,0.989416638353,0.989192462651,0.988975265547,0.988763428522,0.988556113061,0.988353224273,0.988155151365,0.987962452481,0.987775625199,0.987595000525,0.987420727833,0.987252804309,0.987091116521,0.986935478462;0.98917664316,0.989658795805,0.990099499762,0.990563528436,0.991082523001,0.99167390015,0.992373795337,0.993203009085,0.993638240516,0.993674184367,0.993937645738,0.994364595391,0.994888027184,0.995575944312,0.995034856727,0.994972658161,0.995075165014,0.994835935717,0.994895295581,0.994793404874,0.994543241455,0.994278803191,0.994003974853,0.993537377852,0.993020371733,0.992557998563,0.992138950557,0.991752390591,0.991392864825,0.991057267118,0.990743528162,0.99045002874,0.990175203175,0.98991723766,0.989673855913,0.98944223318,0.98921915879,0.989001565141,0.988787291265,0.988575597801,0.988367029245,0.988162781067,0.987964065112,0.987771768081,0.987586382954,0.987408076926,0.987236791808,0.987072330715,0.986914420127;0.989536437385,0.989951346664,0.990256741855,0.990647723796,0.991138253561,0.991712175957,0.992370079574,0.993223120988,0.994080131444,0.993810320779,0.99406453498,0.994662749553,0.995454522698,0.995221956738,0.995013584855,0.995028997371,0.995004563074,0.995005407799,0.995418926916,0.995184417321,0.994938916366,0.99440179792,0.994078591817,0.993499602866,0.993005422587,0.992555023458,0.992141963496,0.991759380198,0.991401905494,0.991066800366,0.99075296184,0.990459794151,0.990186482527,0.989931572713,0.989692657629,0.989466121319,0.989247211755,0.989030990844,0.988814167152,0.98859641897,0.988379846137,0.988167262054,0.987960912507,0.987762112118,0.987571404151,0.98738883534,0.987214176585,0.987047064269,0.986887081506;0.991098574259,0.99057133802,0.990468979778,0.990717886492,0.991182565038,0.991761176378,0.992389828175,0.993126992051,0.994427932126,0.993999207594,0.994184699254,0.994920275162,0.99563675761,0.995411439014,0.995276466368,0.995623012471,0.995407473381,0.995229927258,0.996129552053,0.995121132803,0.994684353473,0.994472470869,0.994251726689,0.99355894529,0.993022195334,0.992555801168,0.992142002163,0.991760787954,0.991402991217,0.991066316335,0.990751218604,0.990458445174,0.990188048255,0.989939023022,0.989708912745,0.98949305129,0.989283822963,0.989071929292,0.988851289974,0.988623142924,0.988393682121,0.988168949629,0.987952544175,0.987745922339,0.987549300509,0.987362313775,0.987184372768,0.987014832777,0.98685306684;0.99034497191,0.991616357702,0.990729536523,0.990723816891,0.991219616894,0.991923512468,0.992527661109,0.993161393315,0.994755498155,0.993832102356,0.994191637592,0.995039521489,0.994910706336,0.996036534481,0.995381359717,0.995588461746,0.995219498355,0.995552774703,0.995611630667,0.994932987996,0.99450662162,0.994190246892,0.99411139923,0.99392533334,0.993045468863,0.992553008707,0.992142584672,0.991762323407,0.991400192978,0.99105769866,0.990738735207,0.99044582851,0.990179883102,0.989940503491,0.989725794895,0.98953073022,0.989343093866,0.989142017488,0.988912652786,0.988662704298,0.988410290054,0.988167213971,0.987937622696,0.987721853213,0.987518933373,0.987327607407,0.987146677853,0.986975094063,0.986811956866;0.989422334491,0.990432259605,0.990385798714,0.990560710322,0.991180269214,0.992729245033,0.993491987316,0.992948145352,0.993220258399,0.993640186777,0.99461734554,0.994401037524,0.994549459219,0.994840243162,0.994980319575,0.995554826503,0.995096941788,0.99511193689,0.995160199833,0.995130594621,0.994549674603,0.994084539323,0.993846363177,0.993548805118,0.99297972834,0.992544182076,0.992159154272,0.991777219164,0.991399359794,0.991041908635,0.990714471395,0.990420495032,0.99016094782,0.989936103377,0.989746234634,0.989590618519,0.989455701096,0.989286168067,0.989028064516,0.988723721778,0.988428738287,0.988158975528,0.987913316907,0.987687760646,0.987478763648,0.987283622113,0.987100309007,0.986927281138,0.986763335321;0.98886468971,0.989421440638,0.989808635802,0.990230890848,0.990852195725,0.991744239938,0.99242667937,0.992487901687,0.992797550904,0.993417475763,0.994444700952,0.994540783737,0.994469089954,0.994979874507,0.994782063302,0.995623812741,0.994866242252,0.994995681048,0.995357255249,0.996137013395,0.994608628166,0.994024856754,0.993640184826,0.993273474406,0.992899376772,0.992576888173,0.992251593878,0.991835480086,0.991405973918,0.991016369125,0.990674558837,0.990379114399,0.990128912078,0.989924628829,0.989770255647,0.989681812131,0.989693154086,0.989668702267,0.989262861573,0.988805431991,0.988439129804,0.988136814093,0.987874975887,0.987640780425,0.987426989378,0.987229189637,0.987044486249,0.986870859697,0.986706828334;0.988686713652,0.989053620413,0.989389932391,0.989831804562,0.9903810264,0.99098757297,0.991525081821,0.991951433396,0.992401830791,0.993026850243,0.994178931442,0.994113117166,0.994089832659,0.994320041968,0.994475801611,0.994768757606,0.994826387299,0.994841352617,0.994892029643,0.994961257302,0.994525620249,0.994048438051,0.993655995576,0.993223047945,0.992879377868,0.992760205918,0.992722115833,0.991977847593,0.991410407124,0.990969578931,0.99061095218,0.990316202068,0.990080320637,0.989905052136,0.989795042797,0.989778844258,0.990098739643,0.991936462071,0.989624069243,0.988852739106,0.988415798343,0.988089224366,0.987816995163,0.987577931272,0.987361904313,0.987163276293,0.986978555866,0.986805403115,0.986642151367;0.990387600915,0.98893042546,0.9890068541,0.989409781889,0.989925166989,0.990492103379,0.991065357138,0.991590108617,0.992037687471,0.99250322809,0.992970511848,0.993283554894,0.993550415671,0.993913136515,0.994320482366,0.99600536836,0.99549665124,0.995274267942,0.994844628804,0.994593513869,0.994344407012,0.994582542908,0.993991536226,0.993255097745,0.992843935282,0.992848846356,0.993381003684,0.992101751212,0.991360293628,0.990878730899,0.990512485169,0.990224594034,0.990010184078,0.989880430336,0.989843150965,0.989851770989,0.989980244826,0.990347372119,0.989421722161,0.988757368097,0.988331641162,0.988006781987,0.987735292769,0.987497172423,0.987282388014,0.987085228356,0.986902121861,0.986730667008,0.986569153613;0.988552827023,0.98837681884,0.988542735912,0.988957249375,0.989478188976,0.990077393702,0.990800805848,0.991671403673,0.991841433865,0.992146844034,0.992481875095,0.992812134688,0.993190968212,0.993922537431,0.994874964438,0.994284873716,0.994599796837,0.994758458386,0.994777690076,0.994304524624,0.994144265066,0.994058797209,0.994350984349,0.993234039994,0.992720550388,0.992511815444,0.99290474479,0.99187532997,0.991184494727,0.990723806963,0.990370543795,0.990096838503,0.989907733153,0.989845513718,0.990032536336,0.990266087223,0.989770137142,0.98939924598,0.988977858752,0.988550329182,0.988190766482,0.987889802251,0.987629627951,0.987398258238,0.987188271584,0.986994947329,0.986815137533,0.986646640438,0.986487848209;0.987180443956,0.987599162935,0.987994556743,0.988463109848,0.989004556843,0.989632007552,0.990452382462,0.992026499561,0.991734958571,0.992153284052,0.992256634132,0.992572095116,0.99291374501,0.993396011118,0.993784008055,0.993775571213,0.994190093534,0.994421043534,0.995808987111,0.99425754931,0.994583109654,0.993874614314,0.993586474464,0.99346546259,0.99254140243,0.992106461844,0.991791396957,0.991364298313,0.990904739664,0.990510597369,0.99018557081,0.989928144451,0.989753587064,0.98972539445,0.990176598475,0.992636335587,0.989644221159,0.989048969278,0.988663658215,0.988323620231,0.988018326722,0.987746631638,0.987503297233,0.987282703733,0.987080353152,