TRIM28__poly=[0.956429777146,0.957773024461,0.959202272429,0.960744635036,0.962462003971,0.964427440798,0.966569280285,0.96896695955,0.973280196977,0.975642025662,0.974879314466,0.976760775011,0.981882280859,0.986735198318,0.984011577503,0.986001606926,0.986988559576,0.985986422577,0.986066552164,0.986141039177,0.987112345527,0.987401842684,0.987422399788,0.986336117004,0.985885058348,0.985811755915,0.985643287507,0.98342023847,0.982133018241,0.981014540486,0.979882384441,0.978698283453,0.977549167727,0.976483469203,0.975499330315,0.974585143567,0.973730199023,0.972925963108,0.972165770354,0.971444386639,0.970757656753,0.970102240104,0.969475413523,0.96887492345,0.968298874932,0.967745648346,0.967213837121,0.966702201284,0.966209632855;0.955475907677,0.956871462789,0.958318512817,0.9598531309,0.961612389314,0.96395692248,0.967565953001,0.968043115121,0.971044325129,0.971191932545,0.972872560497,0.975017080495,0.97721677272,0.979940460021,0.981519985746,0.98449964253,0.984323146852,0.98579851967,0.986525124607,0.985478340817,0.986399079159,0.987757060963,0.988141463783,0.988474764738,0.986785672302,0.986040108164,0.98528312849,0.984516610203,0.983324328428,0.981689008101,0.980250509329,0.978969285473,0.97777883999,0.976679859589,0.975665830668,0.974725411359,0.973847675625,0.973023540245,0.972245776939,0.971508695267,0.970807804648,0.97013952824,0.969500977538,0.968889780478,0.968303952829,0.967741803211,0.967201863557,0.966682838452,0.966183568286;0.954433186573,0.95596025246,0.957413993484,0.958820313467,0.960425985332,0.962626560605,0.966344942384,0.96595297184,0.967676092385,0.966556010959,0.966923274742,0.970992349563,0.974074271223,0.975618232469,0.979153774693,0.984067148485,0.983210674648,0.984300869437,0.985457140724,0.98529915731,0.985195786319,0.989211755064,0.986519096366,0.987527249025,0.989149250741,0.985941103427,0.985143142623,0.985199936562,0.984934907114,0.982417394183,0.980771481925,0.979289669545,0.977989359459,0.976834582961,0.97578652263,0.974821687236,0.973924560849,0.973084024446,0.972291823134,0.971541716427,0.970828914546,0.970149677902,0.969501027724,0.96888053754,0.968286184167,0.967716242111,0.96716920911,0.96664375374,0.966138678428;0.953320128903,0.955370999321,0.956873751328,0.957754347532,0.95895580778,0.960408292866,0.961887075087,0.964513741054,0.9628889068,0.958935753599,0.956692804626,0.960327756701,0.966612028135,0.971174183008,0.975849982206,0.979634386278,0.981465285338,0.982610494049,0.983598802337,0.983265799358,0.983835443075,0.984778501559,0.98571640505,0.988436856405,0.986828783868,0.986053848941,0.985822053237,0.985950257901,0.984163325955,0.983792599396,0.981707702965,0.979584787224,0.978146849505,0.976936415718,0.975857586063,0.974872681109,0.973960516067,0.973107423165,0.972303993752,0.971543488423,0.970820928111,0.970132523879,0.969475302361,0.968846855749,0.968245174444,0.967668535083,0.967115425518,0.966584494282,0.966074516217;0.951903982705,0.956244139332,0.958771826098,0.956653856961,0.957480058006,0.95848134114,0.959178048784,0.95950702538,0.956844374652,0.949241911209,0.932559425012,0.933682646176,0.955855564131,0.966538327502,0.972272506321,0.97581625872,0.978065142819,0.979593865565,0.980702134927,0.981444038741,0.982200536795,0.98310126816,0.984332584449,0.985625601683,0.986380273759,0.985892332442,0.984690354229,0.983880677585,0.983243396612,0.982827670043,0.981529748197,0.979687508699,0.978220710361,0.976974730804,0.97587539273,0.974877822872,0.973956168396,0.97309468605,0.972283171117,0.97151467441,0.970784254817,0.970088242409,0.969423786486,0.968788575201,0.968180661104,0.967598352153,0.967040143065,0.966504671459,0.965990689253;0.949387389157,0.952587775725,0.954643319313,0.954929291386,0.956409833589,0.957341430436,0.957122957348,0.95613932917,0.952848226511,0.943178339704,0.899486460919,0.888799421622,0.949498094544,0.964987874811,0.970764522822,0.973822163772,0.97620510039,0.977722639483,0.979074802504,0.980182841707,0.981044332126,0.981935690874,0.983371728864,0.984290061926,0.984707841456,0.985316067152,0.98580831607,0.983783361305,0.982615527262,0.981855782759,0.981565379992,0.979867493108,0.978222931997,0.97694622546,0.975839823631,0.974838996381,0.973913974565,0.973048117852,0.972231211454,0.971456614189,0.970719761667,0.970017314369,0.969346667841,0.96870567318,0.968092477938,0.967505434886,0.96694304885,0.966403944876,0.965886848384;0.945740796448,0.947954342721,0.950428562084,0.952867471263,0.956838208731,0.95916391439,0.95586488602,0.954787464585,0.952411625078,0.946924029399,0.937435180323,0.939080206805,0.95331534612,0.963455378854,0.968945578102,0.97320113739,0.975830210901,0.976471386398,0.978272596437,0.980096872818,0.980498128361,0.98105967282,0.981942253493,0.982916890858,0.984542893812,0.984579629135,0.984655510135,0.983636537355,0.982841305891,0.981570044347,0.981651254084,0.979758335174,0.978105453184,0.976849933168,0.975756246088,0.974761993071,0.973839005109,0.972971740259,0.972151058593,0.971371307269,0.970628700535,0.969920438883,0.969244256694,0.968598197543,0.967980503105,0.967389557489,0.966823858579,0.966282002453,0.965762674029;0.940897221789,0.943194694379,0.947157862582,0.951573735485,0.953493829108,0.954832321661,0.95459992532,0.954453116931,0.953679112178,0.952098052916,0.950843219095,0.95278261034,0.957970746036,0.9633541217,0.967593688311,0.970943787695,0.973402282528,0.975375445644,0.97784501434,0.981024958212,0.980818093382,0.980559681534,0.982083016463,0.981894437362,0.983227646771,0.985509541015,0.98413683928,0.982805129412,0.982392604643,0.981397744965,0.980515747162,0.979225249207,0.977894731831,0.976705995874,0.97563875531,0.974657605849,0.973739495501,0.972871481915,0.972046697799,0.971261259881,0.970512534365,0.969798378825,0.969116862738,0.968466174312,0.96784459233,0.967250479808,0.966682284224,0.966138538658,0.965617861873;0.933578296086,0.935975331447,0.942352078772,0.955245734778,0.950279700408,0.951996366243,0.953549083456,0.954675552568,0.95522329555,0.955618396261,0.956404240129,0.958080561464,0.960840472452,0.964033072093,0.967039873038,0.969676353483,0.971985314973,0.97428008004,0.978590370818,0.97933804664,0.980083362272,0.979500663302,0.980315609418,0.980586945022,0.98166711184,0.983598164245,0.982627903817,0.981739374861,0.981581068292,0.982795724083,0.981147438833,0.979098566293,0.977712861641,0.976550543526,0.975508797545,0.974542096881,0.97362728961,0.972755140626,0.97192283639,0.971129116658,0.970372625698,0.969651727601,0.968964630044,0.968309494437,0.967684502845,0.967087897163,0.966518001542,0.965973233907,0.965452110166;0.920343651514,0.921965203151,0.931938800717,0.94154169894,0.947019917331,0.950225127502,0.953104284201,0.956109030857,0.956854108639,0.958326900159,0.960501502231,0.961218239433,0.962714671412,0.964713453371,0.966818105949,0.968867099178,0.970873903949,0.972925859574,0.975096074142,0.9768403529,0.977878450578,0.978121576472,0.978608509714,0.97926034052,0.980136916836,0.98130247491,0.981310151974,0.98102729065,0.981350644229,0.9834006498,0.981304424063,0.978941163514,0.977538253396,0.976404801654,0.975393753307,0.974439804555,0.973518863923,0.9726319358,0.971784088967,0.970976983908,0.970209772091,0.969480608238,0.968787345759,0.968127793539,0.967499818812,0.966901394905,0.966330623025,0.965785739008,0.965265111278;0.889850039338,0.883297125598,0.917642859458,0.936912789959,0.948511775625,0.948988550665,0.95257912252,0.962926339207,0.957791095557,0.959853246974,0.965387934858,0.965177429739,0.964279195175,0.965598448876,0.966816071859,0.968214407467,0.969861287694,0.971608277151,0.973389121139,0.97536165944,0.981991554179,0.977047001378,0.977464073162,0.978171627974,0.978997000123,0.979867881902,0.980429686196,0.980769093744,0.981167431888,0.981448429492,0.980130525835,0.978645937246,0.977363516776,0.976298654806,0.975345822482,0.974395401043,0.973436910097,0.9725105207,0.971633238365,0.970805410756,0.970023643433,0.969284355769,0.968584257788,0.96792034803,0.967289893707,0.966690417901,0.966119682952,