Wnt3__poly=[0.125558424806,0.127224832009,0.128993963152,0.130831790843,0.132648644811,0.134409465986,0.136805966551,0.139925294576,0.133166125849,0.128802182501,0.141255064436,0.149173408753,0.152261942129,0.249645904161,0.188617781939,0.157124818189,0.145604296773,0.157056491723,0.160580779016,0.165909807913,0.161398853073,0.162295462676,0.148339094067,0.150647715349,0.154388152092,0.188133935588,0.147318619463,0.140794428765,0.136975180221,0.135058834303,0.133780702568,0.132407523778,0.13051297339,0.128263578471,0.125950808967,0.123728234845,0.12165190823,0.119734419408,0.117971477375,0.116352772393,0.114866241016,0.113499760086,0.112241832907,0.111081859104,0.110010218244,0.109018263524,0.108098270392,0.10724336353,0.106447435398;0.124866173029,0.126482167004,0.128273893605,0.130174131708,0.131879291666,0.132442400505,0.1299318144,0.146410145934,0.171887794197,0.16226543263,0.142832103058,0.144345296342,0.162993483713,0.190461653955,0.177910937896,0.156327576433,0.165639416526,0.156418733096,0.154208955682,0.167744569087,0.171823563895,0.242396725215,0.138127084492,0.125102410408,0.142003692677,0.172915121332,0.148634967659,0.132268459468,0.130689597441,0.135174315782,0.136769244915,0.134802809339,0.131603244509,0.128428787851,0.125578627456,0.123055090073,0.120810374926,0.118800097137,0.116989450508,0.115351146363,0.11386310726,0.112506953514,0.111267093063,0.110130156179,0.109084612482,0.108120485333,0.107229122734,0.106403005729,0.105635585145;0.123943291236,0.125319167753,0.127144565179,0.129351686893,0.131280667875,0.131882218418,0.128455934232,0.147731952338,0.197772239231,0.174544340874,0.149687592354,0.139571182955,0.146878679374,0.166802452562,0.169352336441,0.18286470171,0.188169934253,0.195687642975,0.208359830623,0.173611240017,0.164840166154,0.122503231785,0.1532797817,0.144766511516,0.111472796258,0.136074252841,0.134189727727,0.124234673698,0.121338260104,0.140237478997,0.145004529058,0.138924657122,0.132858214561,0.128381367522,0.124939914171,0.122131722521,0.1197455985,0.117668115505,0.115832308538,0.114194163126,0.112721993903,0.111391474066,0.110183150483,0.109081081789,0.108072008371,0.10714479324,0.106290014971,0.105499655782,0.104766855165;0.122741370644,0.122940520575,0.124719327831,0.128312482373,0.130933518719,0.132850877032,0.135097658448,0.133680398405,0.145996568372,0.152689177703,0.148495034172,0.144824668579,0.150552819396,0.163941519239,0.169303013365,0.181124925061,0.181684774002,0.212737158198,0.21167412115,0.181495866903,0.160899988766,0.151523140581,0.158146992033,0.176227015263,0.129477685892,0.125544445176,0.122149441756,0.116892552503,0.132184375204,0.163609035587,0.176543249436,0.143834345788,0.133241238838,0.12764030548,0.123816269897,0.120849970159,0.118398069036,0.116302766049,0.114477414326,0.11286711629,0.111433352824,0.110147266733,0.108986360867,0.107932663777,0.106971588954,0.106091159638,0.105281449168,0.104534161424,0.103842309073;0.121825187471,0.116582739084,0.11571623381,0.127703958188,0.130692168338,0.13243696316,0.134307837887,0.135215843744,0.139746637614,0.14412941852,0.143974691782,0.147364347384,0.158505010626,0.171625829603,0.175576639698,0.173872005407,0.17526259507,0.17974292614,0.179049366935,0.170216827531,0.159373958962,0.150845429982,0.143952775011,0.134065118837,0.120486568815,0.121682172767,0.13308777552,0.13657056342,0.139023076562,0.161706507962,0.165759505716,0.140493486441,0.131009001863,0.125767193355,0.12206024711,0.119142366832,0.116729091645,0.114679335804,0.112908567968,0.111359591853,0.109990838807,0.108770845551,0.107675217631,0.1066847359,0.105784069949,0.104960858275,0.104205031632,0.103508307017,0.102863805228;0.12289683858,0.122298644061,0.124684345632,0.130552371797,0.130547970923,0.130539235004,0.132985737448,0.135332146023,0.138031024677,0.140273359198,0.137564194269,0.141461026944,0.163085830969,0.209440847902,0.20016516303,0.17000845038,0.165929618239,0.168662965906,0.170122604056,0.166636542614,0.156973587968,0.146784439507,0.134406286227,0.126655897113,0.123205912931,0.123759946967,0.152485768448,0.153653401428,0.138527097211,0.138180665549,0.132105698156,0.129679458934,0.126626846189,0.122945657346,0.119726257813,0.117015351767,0.114730607252,0.112787854467,0.111117991106,0.109666805577,0.108392302608,0.107262042172,0.106250908691,0.105339343906,0.104511990233,0.103756668335,0.103063613791,0.10242490899,0.101834059967;0.125048535061,0.130120130032,0.136994906922,0.139995784374,0.12926743785,0.121501890331,0.131229390902,0.133460621808,0.135599813914,0.137998634738,0.140777664104,0.147127567147,0.160070446561,0.18383473635,0.181282850816,0.158196364142,0.152584130248,0.162888356,0.173580931496,0.185925701694,0.156877631307,0.14302337318,0.133205190885,0.125080573079,0.114301356229,0.120804073428,0.147599688196,0.143806187527,0.128413874442,0.129188545916,0.121077644386,0.123459725983,0.122677781901,0.119842597014,0.117003487371,0.11452101965,0.112414082067,0.110629229479,0.109105422262,0.107789803556,0.106640308555,0.10562452989,0.10471774582,0.103901064695,0.103159935432,0.102483024124,0.101861388102,0.101287874113,0.100756680292;0.126168048436,0.135833348142,0.156326349328,0.176601045238,0.145561770031,0.131478273036,0.130426171849,0.13093055244,0.132496849358,0.135020159883,0.138756826449,0.144427805721,0.152064330601,0.159330295629,0.160283242427,0.155801001425,0.154174096452,0.157452189405,0.169458752675,0.198818124631,0.146706768968,0.13713053752,0.12234492202,0.121970487831,0.113372538565,0.100477152519,0.114228101956,0.123199530375,0.122501755522,0.127144086813,0.126751629522,0.123567180188,0.12002166611,0.116762623384,0.113986670251,0.111685719869,0.109786532889,0.108207282031,0.106875872366,0.105735194232,0.104742441062,0.103866207961,0.103083477889,0.102377224149,0.10173467444,0.101146091826,0.100603924189,0.100102209549,0.0996361580687;0.124566648143,0.135957364444,0.168615563495,0.296948250779,0.153959194131,0.133640559552,0.128201683027,0.126973839762,0.128096051871,0.130405592854,0.133999826935,0.139563039769,0.145867460145,0.150688692726,0.152196831504,0.151244170714,0.150346921736,0.150133052294,0.138400052761,0.144168002965,0.137429821508,0.135592380902,0.125415312192,0.120986063629,0.113500552032,0.102211374137,0.109719689894,0.117135546022,0.123258647638,0.130947360844,0.136600345596,0.124379514063,0.117425256379,0.113366731656,0.11056758704,0.10847011742,0.106836200748,0.105524482614,0.104439012736,0.103515551419,0.102711804547,0.101999565169,0.101359504885,0.100777999446,0.100245189058,0.0997537559436,0.0992981320285,0.09887397542,0.0984778195444;0.119453183644,0.127354422324,0.140534631304,0.148025678088,0.136085853572,0.127517115334,0.122791839744,0.118890033124,0.121718535704,0.123489942572,0.124839232039,0.133619173553,0.142602766244,0.148877034469,0.149692744064,0.147730986785,0.146060503304,0.145351036822,0.145514730497,0.15012790266,0.153740866668,0.140646034326,0.128213732047,0.119927012116,0.113109858043,0.106252602929,0.107096524696,0.11141279417,0.118448006523,0.154709385279,0.156186238237,0.121681122249,0.113151623254,0.10907585222,0.106534503548,0.104789616273,0.103538597548,0.102586353887,0.10181231643,0.10115120629,0.10056788511,0.10004202254,0.0995609567127,0.0991163711618,0.0987025708894,0.0983154980329,0.0979521412215,0.0976101733608,0.0972877265526;0.110993487717,0.114266303179,0.121869628075,0.121073183797,0.1122013071,0.119149281291,0.116918514634,0.096300683507,0.115853264384,0.117342360766,0.109324213492,0.121880677668,0.144139674195,0.160451807086,0.154253797695,0.145863903096,0.142057363977,0.141229485653,0.144280577947,0.162078058017,0.357819935653,0.146457523289,0.12643690377,0.116831386642,0.110145002,0.104907749446,0.102442182194,0.102594129522,0.105256307778,0.111908529811,0.116540162477,0.110694702471,0.106420286608,0.103628009735,0.101702903406,0.100535807684,0.099873209314,0.0994148993127,0.0990279496257,0.0986729643146,0.0983373909311,0.0980160346312,0.097706521606,0.0974078656135,0.0971197546969,