ZIC3__poly=[0.340000555378,0.345506536734,0.352089366942,0.360062492762,0.369781741805,0.381285903245,0.390947954613,0.394448457082,0.412988379324,0.35585813905,0.380788115908,0.403227466626,0.397322324387,0.335223690631,0.448656684484,0.542017644141,0.570316516984,0.511455675452,0.484234688368,0.458837352629,0.419668810517,0.438451985537,0.488818766193,0.466996505233,0.458347071143,0.430469702835,0.471068893722,0.420668858048,0.394133661868,0.37914329229,0.368207690268,0.356432388182,0.345629090518,0.336746913205,0.329453523646,0.323330781293,0.318083652873,0.313515109222,0.309489731081,0.305910250716,0.302703819705,0.299813952357,0.297195653716,0.294812348836,0.292633855872,0.290634984477,0.288794524167,0.287094487053,0.285519524408;0.336045684417,0.341239491776,0.347958797805,0.356816626579,0.368983093347,0.389354569516,0.428597221821,0.402755186968,0.397862905266,0.380254527556,0.364863114944,0.374068365469,0.394171669796,0.399416036592,0.441382313699,0.515326476682,0.48422878375,0.435486642196,0.408111599935,0.43990342265,0.408746213166,0.387916521779,0.504542306309,0.389882590629,0.443346484316,0.416103923394,0.427525835842,0.420615883324,0.370610334512,0.356716460222,0.348116792083,0.340208691038,0.33304018641,0.326619912416,0.320954610522,0.315970555393,0.311570087645,0.307663487754,0.304175928315,0.301046210736,0.298224079884,0.295667883177,0.293342802068,0.29121953924,0.289273321874,0.287483120859,0.28583102287,0.284301716511,0.282882067696;0.330966073,0.33504707548,0.341496361817,0.35105566127,0.364120413706,0.385997110226,0.432261188113,0.402941965897,0.371099444804,0.371649514221,0.375503083665,0.382796475871,0.3993743329,0.405866971081,0.412939245567,0.412340085547,0.454016487212,0.425978547305,0.42822780408,0.448592580555,0.425301333236,0.32918480089,0.435473814891,0.445497220885,0.4902960321,0.406989283869,0.394859832361,0.413174314896,0.332333753405,0.332447035221,0.326899091735,0.323536053355,0.319823740653,0.315779967193,0.311788073621,0.308026523021,0.304555680834,0.301383139117,0.29849405005,0.295864863737,0.29346965301,0.291283051643,0.289281574991,0.287444130012,0.285752107813,0.284189264674,0.282741504953,0.281396629309,0.280144082829;0.324576124239,0.32466277984,0.330057497458,0.342209066298,0.3547651367,0.369343253553,0.386368518082,0.426131855418,0.4070807747,0.377169044835,0.375868695117,0.388375613804,0.400146048081,0.399336853481,0.401815596737,0.425794870761,0.446482241308,0.408822288141,0.407349133267,0.405876694317,0.41131455872,0.412306533859,0.417042429752,0.44338819044,0.390369647715,0.351867305686,0.336008380862,0.424416682376,0.337111945461,0.291503898674,0.297210074297,0.306311988515,0.306405856498,0.304627013135,0.302251829243,0.29970728113,0.297186326372,0.29477866531,0.292521745354,0.290425983782,0.28848810661,0.286698377029,0.285044516965,0.2835137845,0.282094013357,0.280774074003,0.27954402116,0.278395079494,0.27731955305;0.318378407751,0.302879347879,0.299879357981,0.332233455402,0.343857168198,0.354303706319,0.367280229568,0.385663610079,0.382736028017,0.36859474225,0.361728047409,0.36716673401,0.3825495455,0.393359000587,0.39719976278,0.398720131895,0.398056604765,0.391131342759,0.385446725087,0.381429038728,0.379152012256,0.375153166041,0.365562461745,0.349163001951,0.317885549454,0.307282464439,0.317339691573,0.323576840311,0.309546919367,0.286804737816,0.283791484884,0.290884001522,0.293284597144,0.293490131546,0.292594866265,0.291195910674,0.289596271906,0.28795037298,0.286336158231,0.284790753574,0.283329313817,0.281955412378,0.280666816002,0.279458649494,0.278325081538,0.277260183703,0.276258336263,0.27531439205,0.274423716034;0.316900932983,0.310962469857,0.313426522463,0.327785805104,0.331585835497,0.337230326483,0.348663870932,0.356944346026,0.358702960595,0.355135018786,0.34039967363,0.340574827433,0.372377367062,0.409176150082,0.401260801648,0.374432062777,0.367314713591,0.365378582492,0.359530408751,0.353501963628,0.349924495788,0.34464685815,0.326768889918,0.313756758373,0.302435026655,0.281501808284,0.26106356136,0.284347529714,0.287009833496,0.279888819299,0.266313669755,0.273907024661,0.280574543218,0.282631519788,0.283012549822,0.282636634275,0.28189551582,0.28098485204,0.280007514541,0.27901757442,0.278042739983,0.277096559398,0.27618508848,0.2753104903,0.274472953803,0.273671704091,0.272905526365,0.272173031644,0.271472787009;0.318297164373,0.321883227789,0.32776590244,0.330648184763,0.312942075775,0.303255840854,0.333664183264,0.341122676555,0.344117016659,0.344682251786,0.344111970457,0.348858768304,0.36103103949,0.379048172481,0.373891905388,0.342615115566,0.330415688843,0.340759782185,0.329805608147,0.314052034945,0.318134278418,0.318120882028,0.310855562865,0.299552338263,0.274012755667,0.27082116713,0.258149860006,0.261172127902,0.259518729972,0.263900809895,0.249001123163,0.261032933015,0.269201897273,0.272287787283,0.273628150716,0.274121444635,0.27416054884,0.273948589578,0.273594928674,0.273159391997,0.272675712711,0.272163889112,0.271636517069,0.271102018491,0.27056632041,0.270033758439,0.269507583804,0.268990262981,0.268483666328;0.319186980123,0.327073158798,0.342577802999,0.356957963018,0.328694274767,0.318255522972,0.324966777904,0.329182295234,0.332132687115,0.334608923156,0.337438922584,0.34171026738,0.346970304111,0.350596151539,0.347460472979,0.337261285441,0.329035058225,0.321353653426,0.302339860148,0.268852152045,0.280627271246,0.292424446396,0.27638583815,0.287293778446,0.28232623827,0.266241333041,0.251939413446,0.253853272464,0.246631373751,0.248447744074,0.248627552558,0.253754156258,0.259006335121,0.26241046154,0.264451082158,0.265678503285,0.266428422799,0.266884755264,0.267144893481,0.26726301237,0.267273012824,0.267198770385,0.267058453025,0.266866471666,0.266634498045,0.266372077278,0.266087040836,0.265785810617,0.265473637668;0.319304003269,0.328549712015,0.351968070203,0.449593077654,0.335509516125,0.319554950101,0.31667063163,0.317040206084,0.319774150332,0.323130521513,0.32719796696,0.332144768989,0.334842031578,0.334639783888,0.331609113066,0.325974087269,0.318502408983,0.30677599894,0.266085819884,0.266024089512,0.264373651738,0.279520960113,0.275333619168,0.280180337217,0.283925816853,0.286561975188,0.25507658667,0.249402585107,0.239838537552,0.214937637977,0.226497633471,0.241835453541,0.248697196495,0.252750803544,0.255397769341,0.257270499615,0.258693786969,0.259813441527,0.260693123308,0.261370859535,0.261877972818,0.262242349955,0.2624884741,0.262637425182,0.262707117418,0.262712638212,0.262666606284,0.262579516522,0.262460057846;0.321180778364,0.328025992659,0.331563783216,0.329796430246,0.316036067772,0.309182381674,0.30423098864,0.297105313425,0.304658661075,0.308683661259,0.311332053186,0.326411045538,0.326723479165,0.322302595797,0.318459964008,0.314054265025,0.307720943184,0.298217639546,0.284669048569,0.273536597367,0.268926041336,0.272885429969,0.273204245641,0.271353692052,0.266838585169,0.253296484351,0.244940601888,0.238620207973,0.226015724891,0.194350498059,0.2117438352,0.230924258892,0.238687971925,0.243221011622,0.246319671267,0.248777208782,0.250903211026,0.252736844051,0.254271257593,0.25552560187,0.25653499271,0.257336689825,0.257964736727,0.258448726471,0.258813852775,0.259081311546,0.259268793837,0.259390985504,0.259460035187;0.334948148116,0.344721345412,0.322093050817,0.301029132682,0.276235364788,0.295777727672,0.292620139217,0.242096254767,0.291962457361,0.297591598626,0.287289846404,0.363287809519,0.324582633386,0.308088324301,0.305033845675,0.302824596929,0.298007987742,0.290926149795,0.281857367964,0.268981922791,0.202069627532,0.263990959805,0.264925259546,0.261348700826,0.254499676725,0.24381594485,0.233246191499,0.223545209612,0.212949419646,0.203973694947,0.212452172854,0.222110465966,0.229144068314,0.233638820818,0.236837616078,0.239896122566,0.242948108343,0.245658570692,0.247921185277,0.249777358688,0.251292740908,0.252526032612,0.25352630387,0.254334366952,0.254984087482,0.255503453136,0.255915511687,