ZIC3_OAC1=[0.316376356937,0.321968289012,0.327905975393,0.335592357842,0.346300675833,0.36205280008,0.38986394301,0.540887870077,0.413971699433,0.377381934661,0.364664931199,0.37994718485,0.390223872444,0.390962361092,0.319769334991,0.379300723547,0.408261260339,0.377932808645,0.366156472789,0.352345787197,0.334027430615,0.3116448041,0.252725215874,0.301415621238,0.311363532823,0.310540029096,0.306185902286,0.300797173847,0.295542168848,0.290849941361,0.286817916566,0.283413357939,0.280552449974,0.278127632457,0.27601644082,0.274087241622,0.272210056838,0.270274937379,0.26821236877,0.266004236872,0.263677720219,0.261286176565,0.258888418677,0.256534873592,0.254262121395,0.252093105473,0.250039830237,0.248106502033,0.246292211734;0.319382058684,0.32318508543,0.326296827844,0.33199091106,0.341296713955,0.355382085873,0.378184164505,0.413729444348,0.417222266291,0.382786710133,0.373462598616,0.387950390828,0.414533489971,0.462792032831,0.357981654768,0.360760763239,0.386175801449,0.361883357455,0.371757488889,0.367063700511,0.347048593521,0.32347130619,0.307546959076,0.305504622696,0.305990478134,0.303499607797,0.29929359952,0.294599588541,0.290116094917,0.286157391553,0.282817527112,0.280080459758,0.277875252795,0.276096387623,0.274607615337,0.273243966862,0.271825750281,0.27019363352,0.268255180292,0.266011496872,0.263541138236,0.260955461572,0.258358078039,0.255825370197,0.253404669226,0.251120419974,0.248981630129,0.246987900794,0.2451335821;0.332299637172,0.329459941449,0.324422681162,0.327091792398,0.334691997671,0.345864694779,0.362431967122,0.397333431074,0.440209710999,0.379563894907,0.365913208574,0.388073338524,0.436133332675,0.378722466133,0.332375445067,0.317425281943,0.321749855151,0.335217676637,0.385526806261,0.392291059548,0.388220362331,0.321518732795,0.304120497319,0.306858046554,0.303872894378,0.298782817076,0.29351803794,0.288729562445,0.284627458357,0.281261828472,0.278608531809,0.276607465367,0.275175423129,0.274200604387,0.273526092115,0.272932596327,0.272144107549,0.270891463076,0.269027743864,0.266601077821,0.263804411351,0.260859324691,0.25793673608,0.255139528078,0.252517338143,0.250086584022,0.247845592519,0.245783937464,0.243887644658;0.418383644629,0.344538912613,0.318311342551,0.320333116419,0.327886549557,0.336650068036,0.345128679716,0.358254336833,0.437457369025,0.370963744007,0.342126761236,0.357100486318,0.356637992515,0.31647164473,0.284829581321,0.254308133106,0.270585536372,0.302996782334,0.345085914055,0.35558571752,0.347770722227,0.311797833757,0.301547313128,0.314285832301,0.304503591038,0.294885173961,0.287852411954,0.282671548779,0.278845787921,0.276077456305,0.274177252868,0.273022703034,0.272520593834,0.272566467892,0.272996489931,0.273524195725,0.273691043719,0.272958740519,0.271030360429,0.268089914031,0.264614682741,0.261037478206,0.257612212524,0.254446591545,0.251566779489,0.248961932087,0.246607444142,0.244475574632,0.242539822573;0.349057427448,0.28362469996,0.298821438647,0.311859298051,0.323423631702,0.335766161327,0.332124722579,0.322403612241,0.273725187819,0.326424543413,0.309472131406,0.279018218612,0.294802725946,0.221777122527,0.248092839515,0.233861933023,0.259080378536,0.258249176599,0.288309495866,0.325464398536,0.323553124502,0.317696401032,0.34131517054,0.360463412264,0.30571178585,0.289669277554,0.281075939957,0.275761536775,0.272444788582,0.270467405995,0.269482406766,0.269335657712,0.269964336167,0.271320146023,0.273297192325,0.275596748947,0.277458100354,0.277596470942,0.275199574064,0.270942056838,0.266098850935,0.261465040221,0.257315393395,0.253676893855,0.250495663805,0.247702766805,0.245234976586,0.243039441181,0.24107329597;0.294924258389,0.27875593299,0.289784080995,0.303592960168,0.32035440533,0.390290101694,0.30735855286,0.304824705423,0.303608826003,0.298588619083,0.264806977726,0.280799621228,0.271372702408,0.252827854023,0.24271988116,0.215370693487,0.244054072114,0.259200532876,0.289536699312,0.342078823902,0.320847548531,0.310335592909,0.321134148115,0.323083769788,0.295346889644,0.280427452902,0.271884696309,0.267278142557,0.26510494775,0.264320392034,0.264494884975,0.265548700244,0.267537433847,0.27055392784,0.274698138173,0.279985618543,0.285550315538,0.287805463022,0.283492215221,0.275720689725,0.268208406864,0.261961002061,0.256883074424,0.252710648509,0.249221307542,0.246252997569,0.243690207251,0.241449741896,0.239470500367;0.278490896992,0.279982058924,0.28539892581,0.294061132041,0.306219878063,0.3240401197,0.3035369478,0.295507811068,0.293959504046,0.289783476388,0.292826723256,0.271655147129,0.252234943991,0.223275980235,0.230354214694,0.19455858842,0.234626648441,0.24359121977,0.266066326402,0.369303315895,0.307374920721,0.29678331472,0.295506180954,0.290146163717,0.278749748347,0.266802872322,0.258642180057,0.256377377227,0.256653877494,0.257651959667,0.259238929499,0.261663758668,0.265239724503,0.270291044947,0.277265446954,0.287348707297,0.302804530082,0.314470123745,0.300151053797,0.282373133071,0.270323168436,0.262071876017,0.256038997721,0.251383352774,0.247644269419,0.244551136155,0.241934323969,0.239681604771,0.237715370063;0.261779708953,0.268236310162,0.275940953428,0.282848755735,0.289220779536,0.292996541518,0.290545625295,0.287103692903,0.285492251631,0.284431652995,0.286633726282,0.272208500333,0.248963785721,0.233177925833,0.225231422659,0.214475702117,0.216748448598,0.226275429641,0.24259967515,0.256071045445,0.271487348566,0.28931381002,0.28713030552,0.276089284746,0.264656439751,0.248234084733,0.232848049305,0.242245422747,0.247454968508,0.250729214303,0.25380804185,0.257663423455,0.263032787338,0.270572367895,0.280853045415,0.295933047401,0.332066266065,0.466418261099,0.325554916962,0.287360034389,0.270830410973,0.261091948209,0.254449042142,0.249523257226,0.245670231177,0.242542819538,0.239934962534,0.237715420587,0.235795998354;0.20781804176,0.252838071299,0.265847524206,0.27219164182,0.276186991304,0.27787034237,0.277063250578,0.27619845725,0.277774656389,0.278435775987,0.275601729101,0.265965020179,0.251086497563,0.233899433892,0.216620369862,0.152181934853,0.173381128399,0.186968682255,0.213011382123,0.234525320083,0.259776481414,0.342508645578,0.289418630458,0.26655413725,0.254824281199,0.234200137396,0.202343428596,0.228352607171,0.239002143036,0.244063892901,0.248299474477,0.253431137471,0.260744329744,0.271702549096,0.287067342218,0.303667769575,0.326638185376,0.36363120988,0.314884952652,0.283789623609,0.268044883293,0.258451394142,0.251874652485,0.247015933664,0.243239473956,0.240195335833,0.23767385322,0.235541096569,0.23370711455;0.232097227034,0.248178066446,0.258118711558,0.263176855004,0.265996961272,0.266739894462,0.263866772508,0.256692116925,0.272017525749,0.278668598587,0.274734394096,0.266726194831,0.25325086696,0.22467080656,0.18707420851,0.2049138536,0.192363070202,0.189054341609,0.194928882416,0.227434693667,0.26314870329,0.276289869907,0.243521125174,0.262225405537,0.250726080389,0.234052392171,0.206353941619,0.223762414601,0.232979306955,0.237982674217,0.242660523825,0.248632663398,0.257668502255,0.273315553853,0.304094349226,0.335487080513,0.315851946261,0.304370459276,0.289320124236,0.273725367534,0.262261151572,0.254189716131,0.248313805455,0.243855359574,0.240348355027,0.23750771909,0.2351519827,0.233160871464,0.23145169779;0.244123386419,0.247863774393,0.252325909157,0.255610901541,0.257684138151,0.258350161895,0.255419078352,0.233949963447,0.280623122425,0.303665030253,0.282719452693,0.279339575066,0.268775839592,0.249038833572,0.230688290011,0.213867532848,0.192577385207,0.184353628994,0.142227426801,0.211766088195,0.323640236628,0.262694894677,0.268471053727,0.305810614989,0.250002092477,0.233434469891,0.225372358659,0.225116266791,0.228341468477,0.232115257177,0.236629318096,0.24278332276,0.252327320413,0.270014670642,0.318713723115,0.50042488914,0.311490282742,0.28537560546,0.272920542815,0.263072216755,0.255085798589,0.248840670369,0.243978812637,0.240140169869,0.237049355178,0.234511407827,