ZNF281_OAC1=[0.901471907916,0.901300565465,0.90097277774,0.900834603639,0.90133485948,0.903123026132,0.907663506408,0.931822054654,0.916617912317,0.918398063142,0.922552875016,0.924224968668,0.928521027141,0.934243270372,0.944565827299,0.938167451448,0.940600231937,0.939602443482,0.94168825799,0.94355124132,0.943798239227,0.944217297889,0.952122537721,0.940073958194,0.935265441631,0.932371064385,0.93007174391,0.928136658178,0.926490489013,0.925081676649,0.923868731429,0.922818770431,0.921904966243,0.921103815416,0.920393185198,0.919751504315,0.919158290889,0.918595918241,0.918051813783,0.917519697373,0.91699892173,0.916492318419,0.916003818064,0.915536818958,0.915093496574,0.914674763095,0.914280521681,0.91390998306,0.913561939477;0.901361862101,0.900596405866,0.899174429624,0.897751156563,0.896870713633,0.897191735143,0.899932934652,0.906465164135,0.910330293173,0.910840491453,0.915323420602,0.921655903378,0.928887145067,0.938713720633,0.932628101469,0.934244799686,0.938319971475,0.938065596963,0.941240080058,0.942333058826,0.94171006088,0.940926361024,0.940029434989,0.937262158804,0.934108780469,0.931556835658,0.929453524032,0.927668704225,0.926132690954,0.924803081612,0.923650485185,0.922652097038,0.921787677746,0.92103679355,0.920377047131,0.919783459557,0.919229762391,0.918692283251,0.918155244261,0.917613905588,0.917072891742,0.916541203926,0.916027585197,0.915538208081,0.91507635661,0.91464303519,0.914237748086,0.913859137273,0.913505420326;0.903334450684,0.901465381873,0.897883237908,0.894404819039,0.891358302961,0.889061767025,0.888459547614,0.892997713127,0.903577264375,0.902162479129,0.90952873931,0.919408778666,0.930205464027,0.925488644118,0.92442193842,0.929306615361,0.933459902252,0.937170458973,0.945194483796,0.94494246739,0.944494970674,0.940919567171,0.939689499803,0.935930935978,0.933123161952,0.930794044608,0.928842787725,0.927179134562,0.925736731181,0.924478709558,0.923385596426,0.922444043171,0.921640283814,0.920956778367,0.92037003024,0.919849015412,0.91935616653,0.918854707694,0.918321818812,0.917757162322,0.917177572264,0.916604070311,0.916052786777,0.915532783944,0.915047548071,0.914597135008,0.914179808135,0.913793047972,0.91343410849;0.916957587684,0.906073893696,0.897598236536,0.891027767138,0.88502758585,0.878708707643,0.87213584807,0.864517813266,0.879083892986,0.889876854229,0.903674492275,0.917026811881,0.924021170491,0.910696223738,0.914032999601,0.931274402049,0.934832173144,0.937049146348,0.951864548278,0.942420956819,0.940177242867,0.940427647324,0.940443030865,0.935620439996,0.932509059881,0.930136486553,0.92827553268,0.926709128014,0.925338534451,0.924133412259,0.923089207627,0.922204261779,0.921471650014,0.920876851504,0.920395345525,0.919987590004,0.919594473863,0.919147865655,0.918606702985,0.917984532289,0.917329256225,0.916685300837,0.916078064282,0.915517157999,0.915003431982,0.914533867058,0.914104132446,0.913709746273,0.913346541825;0.909513767691,0.915696475211,0.89868204724,0.887692235192,0.878639381571,0.866669952367,0.849594970349,0.827806327057,0.693937412825,0.874115872559,0.899201523627,0.915025345666,0.90125255031,0.838527647855,0.890123810126,0.924949690797,0.928358665851,0.938524982609,0.94324777309,0.938277888531,0.936611780776,0.936143106777,0.938032676084,0.938522089294,0.93205353479,0.929534346415,0.927797775888,0.926319916603,0.924981360549,0.923789397385,0.922770118597,0.921936034836,0.921285746006,0.920807973688,0.920480967822,0.920260915281,0.920053089446,0.919704418087,0.919113949045,0.918347804238,0.91754222256,0.916782253095,0.916095860078,0.915483743366,0.914937830321,0.914448598635,0.91400738432,0.913606886262,0.913241102646;0.901040102011,0.903699627344,0.894381854933,0.884208305149,0.873921619288,0.864930610801,0.755387553482,0.824243929998,0.848852256919,0.879801425304,0.907561341802,0.904482808362,0.898904717653,0.886026502522,0.89815126309,0.923356405727,0.923150372265,0.929010482238,0.934720171683,0.938752647497,0.935602258781,0.933825839377,0.934369881997,0.934026416261,0.930841051009,0.928981104865,0.927564961669,0.92613971812,0.924723290776,0.923460270838,0.922424225252,0.921631651778,0.921078066319,0.920754351052,0.920652653219,0.920758738715,0.920963766845,0.920857368133,0.920061811385,0.918910232289,0.917811394004,0.916875010115,0.916088263156,0.915419513812,0.914841888358,0.914335457736,0.913885713152,0.913481967235,0.91311619136;0.896712830792,0.894421770079,0.889035397902,0.881507022446,0.871861140738,0.855939935788,0.818288258291,0.841857001014,0.866402994876,0.886584724217,0.908267616062,0.909841187305,0.90500912556,0.909613008259,0.905938731676,0.923603331781,0.91398909537,0.921993284026,0.934132248747,0.949816048315,0.934946403623,0.932186674057,0.931456257148,0.930661346728,0.929613961843,0.928945534591,0.928143216922,0.926446110242,0.924617359334,0.923127944173,0.922022873709,0.921267487225,0.920833426072,0.920709773088,0.920913148941,0.921551679941,0.922861446904,0.923816799146,0.921924299937,0.919666680692,0.918067947978,0.916913343144,0.916024906468,0.915306637325,0.914705061986,0.914188134605,0.91373532037,0.913332716233,0.912970482147;0.896637744977,0.892608866056,0.886896072698,0.880346868075,0.8725009679,0.86300794911,0.855589452711,0.859646495763,0.871893244014,0.886966678499,0.907619425454,0.905782778617,0.901790089398,0.900623979698,0.899441732705,0.901254066594,0.897092804884,0.908101874574,0.923065765429,0.932682665068,0.932929327345,0.931803541554,0.931164896181,0.929786055646,0.929135752874,0.930485983209,0.932349074677,0.927609826531,0.924580697553,0.92269599734,0.921501538184,0.920801906609,0.920527453092,0.920669108584,0.92124275713,0.922446436431,0.92606346973,0.940684012921,0.924745820724,0.920222435209,0.918132138147,0.916819031186,0.915869215748,0.915126723733,0.914517601061,0.914001303601,0.913553285111,0.913157579202,0.912803222661;0.913989313961,0.893992152985,0.886209775567,0.880050599026,0.873361961899,0.865759557748,0.858569836933,0.857704253688,0.868746052392,0.88245608368,0.892121267676,0.895206989424,0.893103596837,0.887130283898,0.884084974441,0.915167857645,0.801759500133,0.897474257554,0.919412008301,0.926929196313,0.930350688061,0.937726437476,0.934645958367,0.929972988994,0.928658519191,0.931243507021,0.938418060648,0.928699824662,0.924151062279,0.921969672494,0.920769241434,0.920179694826,0.920123732145,0.920659220187,0.921816829838,0.923216571031,0.925403008968,0.929217689086,0.923527716792,0.919807905405,0.917816520096,0.916529531734,0.915595712181,0.914868117727,0.914273880815,0.913772263577,0.913338425304,0.912956197392,0.912614508989;0.900156042399,0.891928211699,0.885471047665,0.880002594798,0.873726089163,0.864701498663,0.846747970792,0.81556547208,0.855409922325,0.879188409942,0.88862805564,0.891330725843,0.887948780336,0.871928921565,0.789004182518,0.87787597337,0.883558554219,0.903467064539,0.921176274389,0.924082248315,0.928373639843,0.931939691101,0.93865226094,0.92979359756,0.927436690571,0.928008459876,0.934007718332,0.926708406606,0.922700317465,0.9207784235,0.919757193431,0.919344387779,0.919540705039,0.920641896532,0.923539912246,0.92661954834,0.924126583607,0.922566516049,0.920633024808,0.918656001953,0.917156245584,0.916051215587,0.915205882914,0.914531649911,0.913974814788,0.913502066502,0.91309186972,0.912729714968,0.912405458315;0.891415977538,0.888521567998,0.884629955797,0.880294614319,0.874805785826,0.865914499808,0.843713576498,0.754137488021,0.854736340015,0.884936511705,0.890946840313,0.893275557573,0.890197097619,0.879255805341,0.866752608296,0.885089159097,0.901358553025,0.912855059391,0.940757216589,0.925675088838,0.934725711646,0.930390374182,0.930646456003,0.932345479293,0.925744067303,0.924187107265,0.923743289915,0.922224627976,0.920418472337,0.919174531822,0.918474257477,0.918263483479,0.918630935931,0.920037805953,0.924973715893,0.944737754489,0.923545073731,0.920378817393,0.918750384542,0.917430493255,0.916334169229,0.915446389778,0.914725640138,0.914130179366,0.913627831458,