ZNF281__poly=[0.95054031227,0.951594842504,0.952750141239,0.954068473015,0.95565409378,0.95761747195,0.95987500576,0.962485342082,0.967390996723,0.969775177662,0.967867594793,0.968732358106,0.973735532013,0.978745482396,0.970860551583,0.969860253831,0.965206633492,0.953975661688,0.953196755689,0.952191253218,0.945361427425,0.903856127458,0.915151033613,0.937061672916,0.952330734996,0.960406312358,0.964697441723,0.962754371973,0.962506498354,0.96223289752,0.961674077549,0.960847337431,0.959968588766,0.959150001639,0.958401652175,0.957713324707,0.957074700922,0.956477823512,0.955916736178,0.955386922322,0.954884885019,0.954407858243,0.953953607665,0.95352029083,0.953106357643,0.952710478961,0.952331495127,0.951968378744,0.951620207624;0.950229606536,0.951299447033,0.952429796408,0.953709988275,0.955354832849,0.957839360971,0.96198844914,0.962620006576,0.966246366339,0.966358308516,0.967712927347,0.968769128793,0.969013795088,0.969333471095,0.967146446714,0.966153299111,0.951626440327,0.89113858169,0.944100869746,0.949669229001,0.948116793208,0.939122033822,0.825251313229,0.942102152741,0.955451879218,0.961376525525,0.96409099976,0.965430156824,0.965170340493,0.963702678516,0.962472938157,0.961417800312,0.960430314367,0.959527557064,0.95870873197,0.957962289543,0.957276113933,0.956640201658,0.956046784089,0.955489903881,0.954964970083,0.954468398587,0.95399734216,0.953549493424,0.953122943062,0.952716078542,0.952327511993,0.951956028776,0.95160055062;0.949942532085,0.951085634844,0.952137713116,0.953195558959,0.954630388993,0.957000033772,0.96144071878,0.961545536888,0.964375416553,0.964144236956,0.964825487428,0.967772944714,0.968071593857,0.965429912907,0.965083532362,0.967185149552,0.953255426934,0.933809672209,0.947804761827,0.953455273894,0.951257470922,0.959628577325,0.942874403589,0.953537632175,0.966967047701,0.963051855929,0.964843954849,0.967609226795,0.968962326979,0.96548260543,0.963717118897,0.96219845881,0.960951391805,0.959906924387,0.958997880893,0.95818719469,0.957452283059,0.956777922124,0.95615332472,0.955570634381,0.95502400456,0.954508989848,0.95402213125,0.953560671097,0.953122356771,0.952705305463,0.952307910674,0.951928777086,0.951566674675;0.949749002471,0.951349213263,0.952311826195,0.952627864132,0.953480511678,0.954976586303,0.957055919931,0.961133010765,0.961533443158,0.960906866006,0.962007865732,0.964094616616,0.964482253517,0.962958964451,0.962790005154,0.962327717861,0.958505625044,0.954560806131,0.955309495428,0.954317872485,0.954458003663,0.954802645758,0.956402701317,0.966208656621,0.964800726358,0.965954557602,0.967943351939,0.970158338101,0.968037107548,0.968642370032,0.965845004321,0.963023609919,0.961452348437,0.960254737736,0.959252183462,0.958377923328,0.957596524727,0.956886279131,0.956232872669,0.955626411432,0.955059805778,0.954527808728,0.954026412866,0.953552462122,0.953103398431,0.952677094581,0.952271742444,0.951885776976,0.951517823434;0.949487627465,0.95335125897,0.95522441597,0.951999141848,0.952142790529,0.952932210015,0.954176583838,0.956268758121,0.957294208657,0.957947066181,0.959745934789,0.960979926259,0.960946137558,0.960924417741,0.9605558551,0.959545223952,0.957810567957,0.956304329146,0.955915201178,0.95595269449,0.956332263421,0.957337577987,0.960042011024,0.96406967467,0.967439746618,0.968037172286,0.967082356421,0.966929633472,0.966998222973,0.967355405104,0.965953564427,0.963558348004,0.961855910477,0.960535480595,0.959452576725,0.958523703033,0.957702372536,0.956961097342,0.956282502359,0.955655011074,0.955070562781,0.954523307287,0.95400882499,0.953523650308,0.953064975538,0.952630463198,0.952218124145,0.951826236086,0.95145328732;0.948508014682,0.950872904983,0.951801696265,0.950700635015,0.951008549956,0.951197609518,0.951052315231,0.951750619468,0.952954654323,0.954653393478,0.958129149174,0.960021739468,0.958767238447,0.960875296795,0.960462049013,0.959211217782,0.958487631164,0.957565031506,0.957527626962,0.957934102056,0.958418326179,0.959478024675,0.96239040979,0.964776872386,0.966506540346,0.968848500041,0.970916788745,0.967871069447,0.966622691882,0.96614764726,0.966487630442,0.964254529083,0.962158668555,0.960724786134,0.959584520773,0.958616691033,0.957765493526,0.956999776655,0.956300422754,0.95565500028,0.955055002539,0.954494299611,0.953968250683,0.953473189168,0.95300611761,0.952564520709,0.952146245842,0.951749423188,0.951372409863;0.947147830626,0.948164722173,0.948853808937,0.949181165415,0.951292015733,0.952135782864,0.947350602159,0.947115436383,0.948409475377,0.950604688252,0.953172752964,0.95504622737,0.95623439784,0.957967055739,0.958556009666,0.959894159053,0.960350455826,0.958469272976,0.95941214225,0.961199320124,0.960776228116,0.961107872425,0.962559108608,0.964638388584,0.96837185381,0.969025402432,0.969856345303,0.968604200838,0.967842004311,0.966231791514,0.967094973844,0.964429273761,0.96225352674,0.960802143811,0.959642220787,0.958655065309,0.957785505449,0.957002302476,0.956286499156,0.955625980932,0.955012489882,0.954439994733,0.953903823886,0.953400199228,0.952925972725,0.95247846695,0.952055371391,0.951654670546,0.951274591291;0.945969246347,0.946703729286,0.947845924177,0.948864103315,0.947104208522,0.944813619616,0.941418129883,0.940492053316,0.942375175783,0.945812112516,0.949192397638,0.951781815264,0.953656477222,0.955118357939,0.956208648448,0.957257081867,0.957959637643,0.958683410592,0.960983380012,0.965286149228,0.963883576492,0.962657247626,0.965187927942,0.96470976472,0.967441943538,0.972144228663,0.969917070875,0.967905692704,0.967692190219,0.966460680437,0.96548347445,0.963831971012,0.962164885296,0.960783345839,0.959634650559,0.958645427262,0.957767407784,0.956972004189,0.956242552334,0.955568647918,0.95494299122,0.954359938899,0.95381487836,0.953303930915,0.952823783686,0.952371578679,0.951944832138,0.951541372336,0.951159289813;0.945028111583,0.945541981322,0.947031820197,0.954323683826,0.943042304048,0.937806506939,0.931794435076,0.928330543219,0.932723860098,0.940172825833,0.945840456058,0.94935251447,0.95161120126,0.953220069051,0.954465420867,0.955550734318,0.956652768019,0.958271471003,0.963839283254,0.96393033842,0.964313510528,0.962552928841,0.963578780541,0.963842813687,0.965818906252,0.96952976145,0.967961698876,0.966659723039,0.966773909882,0.969381307356,0.966930543757,0.963886105442,0.962079779012,0.960711483871,0.959583686288,0.958604125494,0.957722839065,0.95691597066,0.956172249932,0.955484528924,0.954846835904,0.954253841364,0.95370083266,0.953183693206,0.952698846216,0.952243186812,0.951814015979,0.951408980756,0.951026021764;0.944479497307,0.944598606147,0.944384551598,0.943404393416,0.939419790208,0.931444926667,0.915945298284,0.891927423111,0.914210149196,0.934735787262,0.944851371775,0.948254934058,0.950372327721,0.951930398591,0.953147247919,0.954239825727,0.95545356739,0.957034715769,0.959158239458,0.960930128857,0.961795935278,0.961506218406,0.961838710274,0.96265820951,0.96405933136,0.966133071245,0.966229156812,0.965905747127,0.966759039658,0.970719546792,0.967422618978,0.963798556309,0.961938759988,0.96060545203,0.959522345632,0.958562121197,0.957672307132,0.95684484941,0.956080243144,0.955375254465,0.954724240648,0.954121289169,0.9535610246,0.953038760187,0.95255045836,0.952092650871,0.951662356073,0.951257002608,0.950874362318;0.945076634796,0.945338450911,0.943137025155,0.942580988594,0.942180885591,0.928609968515,0.905317986677,0.745416599873,0.898957072768,0.932345659986,0.948594671419,0.9508253428,0.950184414843,0.951583562981,0.95229738376,0.953057041144,0.954183515566,0.955592195228,0.957251624025,0.959453275716,0.969729471889,0.960716202014,0.960854896428,0.961643155336,0.962785328297,0.964147995216,0.965089089117,0.965753266562,0.966633192703,0.967400948994,0.965464030864,0.963360265862,0.961708853147,0.960500677335,0.959526789341,0.958585641082,0.957648396427,0.956770268226,0.955969882762,0.955241296068,0.954574666367,0.953961413663,0.953394535925,0.952868280774,0.952377876746,0.951919340261,