NACC1_OAC1=[0.961646762839,0.96215836746,0.962702263017,0.963270093923,0.963848883436,0.964432176616,0.965012381608,0.965476687796,0.965642413806,0.965920294682,0.968208689248,0.968267617042,0.966336824194,0.970034652482,0.966033209787,0.963753770241,0.966090615058,0.966650480312,0.965170104768,0.965429030175,0.966141039434,0.967178730843,0.969016707974,0.970023745789,0.968805954617,0.968169640103,0.967761450359,0.967363033983,0.966932308738,0.966398395575,0.965624149711,0.96471758724,0.963863394096,0.96312150451,0.962488969437,0.9619482192,0.961480154782,0.961067045335,0.960693597398,0.960347849682,0.960021689016,0.95971059867,0.959412737116,0.959127821373,0.95885622259,0.95859840681,0.95835466361,0.958125016145,0.957909226852;0.961882830191,0.962476015366,0.963130796226,0.963840673734,0.964578717361,0.965343679713,0.966284272697,0.967567395136,0.967049854723,0.96632513205,0.966409105116,0.96587017494,0.964087396853,0.962146521964,0.960182838514,0.958314073051,0.961153131041,0.959823780966,0.96201878699,0.964945076236,0.965749957139,0.966145325351,0.966849262604,0.96734169007,0.967546195863,0.967492804939,0.966875991488,0.966200537848,0.96561401222,0.965038822057,0.964416489805,0.963760581638,0.963124763455,0.962547003264,0.962039284953,0.961597794748,0.961210888483,0.960863465718,0.960540394798,0.960229799405,0.9599250945,0.959624740039,0.959330345729,0.959044643311,0.958770208458,0.958508934394,0.958261943158,0.958029683362,0.957812084223;0.962114547805,0.962801125397,0.963603161092,0.964542347661,0.965559492385,0.966482230875,0.967746290107,0.971396872296,0.968703147714,0.966943542933,0.966510943204,0.966985366482,0.96449083897,0.957094913888,0.946553331553,0.941476490066,0.945703379915,0.953518427052,0.960257948302,0.965934447302,0.965901496488,0.966194530376,0.966216013301,0.966394706621,0.967549346841,0.969957039643,0.966597258025,0.96535129074,0.964605551662,0.964003495695,0.963449284049,0.962920457189,0.96242558507,0.96197893246,0.961587985134,0.961250763344,0.960956379478,0.960686993323,0.960422678489,0.96014881847,0.95986102127,0.959563586626,0.959264311488,0.958970485327,0.958687417626,0.958418421624,0.958165232619,0.957928451242,0.957707913704;0.96232749575,0.963103795186,0.964075820364,0.965388722192,0.967339225251,0.968269093623,0.969014051215,0.975325695813,0.970125020656,0.968060992039,0.967502331372,0.970504170065,0.970512245112,0.955474039843,0.933751668857,0.684318263592,0.922503058215,0.949699360901,0.964310152814,0.962379768187,0.966144138212,0.971308590574,0.966563138905,0.965830866495,0.966674378494,0.968135559228,0.965806883918,0.964538178491,0.963728315397,0.963114319182,0.962603369182,0.962157495779,0.961766026267,0.961429977672,0.961151731587,0.960928284235,0.960745694328,0.960575837727,0.960382949034,0.960143020288,0.959857557412,0.959545055178,0.959224980364,0.958910814248,0.958610386174,0.958327738581,0.958064525337,0.957820910977,0.957596174285;0.962512760154,0.963343007718,0.964438729986,0.966088875718,0.969250014972,0.969983821526,0.96866500281,0.96944816828,0.970464158433,0.969981395589,0.968257036323,0.969158998586,0.969735434999,0.960559943692,0.945457357496,0.921386217455,0.933712817918,0.959775453506,0.957884396561,0.96377846895,0.964046631794,0.966739981942,0.965966639662,0.965385245497,0.965359510264,0.965624894062,0.964887873579,0.96374817007,0.96289558394,0.962282104666,0.961812589571,0.961436479503,0.961133527896,0.960899703522,0.960737696641,0.960648355511,0.960617457623,0.960596184368,0.960501635892,0.960279451424,0.959956026762,0.959590379903,0.959222118946,0.958869430682,0.958539883974,0.958236219967,0.957958606873,0.957705767523,0.957475709313;0.962691380032,0.963500538816,0.9645896884,0.966320661397,0.97143365904,0.969511248642,0.968535724342,0.968923640116,0.971126696574,0.968456567951,0.966452931016,0.965343034597,0.96085243976,0.954915811651,0.946797780183,0.940806676597,0.94294112398,0.949685429841,0.956246815477,0.960991688729,0.961490832382,0.963391402149,0.970077767659,0.965720944672,0.964909520739,0.9685351278,0.965282158233,0.963008560278,0.962041412479,0.961449835173,0.961035382787,0.960730755259,0.960512613207,0.960379028916,0.960341431516,0.96041927961,0.960622938317,0.960886605651,0.960970764857,0.960690446729,0.960212337189,0.959718656539,0.959261227411,0.958846380361,0.958473640901,0.958140880876,0.957844608374,0.957580616237,0.957344656401;0.962968209369,0.963624299704,0.964542336078,0.965973841069,0.968393147808,0.96992592619,0.969602645598,0.970299423678,0.971516173017,0.969126176777,0.966957042352,0.962703102092,0.956511059703,0.953949353174,0.943521453068,0.941349314144,0.943896871322,0.948752394347,0.955335830611,0.960903086712,0.95938875876,0.961411608689,0.965330441351,0.96519498076,0.963704556842,0.964799055692,0.963499561919,0.961885018418,0.961073217258,0.960579564159,0.960247464216,0.960022371693,0.959888322349,0.959851695147,0.959940446591,0.96021505265,0.960792311206,0.961790600222,0.96246168956,0.961642591567,0.960665004003,0.95993165745,0.959339245743,0.958836017571,0.958405036789,0.958035632146,0.957717644309,0.957441838433,0.957200468466;0.963741800093,0.963818893185,0.964436428486,0.965563832644,0.967262052847,0.968399766937,0.968748579888,0.969842502191,0.971148398463,0.967476732004,0.961934356149,0.956554554923,0.949908529242,0.940026038916,0.928949510133,0.932911642181,0.940690609401,0.946832468318,0.951795834596,0.95520108147,0.957141938414,0.959231333898,0.962637210683,0.963041753911,0.961644590473,0.96141517984,0.961045765577,0.960474411005,0.96000481566,0.959670854315,0.959442844889,0.959302546633,0.959248580465,0.959297441219,0.959492493042,0.959936191872,0.960917005099,0.963678729294,0.9709248673,0.963155859527,0.961205375659,0.960210732478,0.959448192926,0.958826076699,0.958321597608,0.957910551429,0.957570686651,0.957284740139,0.95704011933;0.966494597257,0.963969061866,0.964379064149,0.96553932494,0.967264151548,0.967538275284,0.968069971468,0.976129160437,0.969638754707,0.965256903549,0.959374883599,0.953263763596,0.944277240943,0.936942987033,0.82978678434,0.916607157467,0.936914629005,0.945329492057,0.950242054302,0.953280538544,0.955356805857,0.957112553165,0.958658828418,0.959437611117,0.959533072712,0.959503195141,0.959377772942,0.959162075445,0.958937014207,0.958754186977,0.958629913567,0.958570670017,0.958586841599,0.958700781048,0.958958554744,0.959459369628,0.960448363281,0.962630457788,0.965284379017,0.96303155523,0.961758563401,0.960627848327,0.959587025679,0.958792337211,0.958202127743,0.957751466351,0.957395010611,0.957104117091,0.956860567102;0.963732637957,0.963589821889,0.964390383235,0.966205201986,0.97090171642,0.966906867361,0.966038812088,0.960846634106,0.960133849558,0.962192688137,0.959300259345,0.951964889111,0.943124212195,0.924763324137,0.89420375493,0.921458922853,0.937774426792,0.946121577106,0.951285474695,0.952893472875,0.954258896315,0.955604016991,0.95674334654,0.957512677545,0.957903667849,0.958054547982,0.958070272688,0.95801195187,0.957929267451,0.95785844908,0.957821028021,0.957831187262,0.957903613146,0.958060129684,0.958337414304,0.958798371705,0.959540785842,0.960625410655,0.961767560881,0.963050651051,0.964024125389,0.961482856596,0.95969802505,0.958676397933,0.95801392474,0.957541433244,0.957181858069,0.956895424841,0.956659491895;0.962246731334,0.963086217046,0.964819754374,0.966468960432,0.967327604072,0.962979252947,0.957617771505,0.949842177886,0.945230615851,0.957878229215,0.958009573248,0.952027631824,0.945650885742,0.938023489662,0.932751969784,0.935912460997,0.942186025131,0.94855443173,0.961775548034,0.953039390971,0.953572502113,0.954630526265,0.955648094367,0.956404910933,0.956806102788,0.956957374029,0.956998597545,0.956999876481,0.956992744137,0.956996396956,0.957024873881,0.957090123821,0.957205097918,0.957386954428,0.957660260975,0.958059210118,0.958624840231,0.959401115489,0.960566350581,0.963657097248,0.974625460669,0.961863366377,0.959467180339,0.958379951965,0.957722484586,0.957267040017,