GAL_OAC1=[0.754072221051,0.758326655618,0.762634319045,0.766885705121,0.771009717124,0.775215197854,0.780221379891,0.786460154485,0.793108875361,0.801605904785,0.821459069748,0.828079844832,0.823842558099,0.847773423142,0.829716297212,0.813699070386,0.809775665314,0.78560876657,0.770888398419,0.775511630544,0.778001603492,0.781735109965,0.792104219078,0.798302841643,0.79022010181,0.786242451224,0.783756058644,0.781211169892,0.778307677955,0.774575619899,0.769105799574,0.762633383197,0.756412956857,0.750865302718,0.745988606584,0.741680821016,0.737827097704,0.734319215786,0.73106300237,0.727984787568,0.725035404459,0.722188962007,0.719436946632,0.716780845508,0.714226101749,0.711778359633,0.709441647807,0.70721779425,0.705106495662;0.755161039607,0.759868010541,0.764680503747,0.769352553966,0.773440632833,0.776786232609,0.781399805617,0.792317813484,0.797687744124,0.803763140526,0.813923200982,0.820172654032,0.82064847587,0.821838651051,0.822698968534,0.816219133793,0.814738203863,0.783376210779,0.774357057779,0.77806869171,0.77263242774,0.767966351048,0.770604790265,0.775136348899,0.778287494632,0.779337029195,0.77614138804,0.772196717391,0.768556132839,0.764747579859,0.760422566724,0.755709745898,0.751001882092,0.746582500006,0.742556812603,0.738919903812,0.735610221213,0.732539168896,0.729614630522,0.726763903814,0.723948358988,0.721162513253,0.718421599838,0.715747953352,0.713162349829,0.710680425757,0.708312083485,0.706062182117,0.703931624447;0.756177706664,0.761482375912,0.767130290428,0.772875394297,0.777566540017,0.778329513728,0.77495288404,0.795876258783,0.799190300179,0.806318577142,0.816622106808,0.830203113669,0.830040029384,0.813871371872,0.799397488296,0.804998271701,0.787014991025,0.769380369505,0.769281920388,0.781071510116,0.761847742414,0.748079307338,0.751000159338,0.760662832336,0.774009277952,0.793596788701,0.772450977638,0.765190082342,0.760836095148,0.757073575432,0.753343557362,0.749563885374,0.745845999116,0.742328219323,0.739094585517,0.736158380891,0.733466746178,0.730914398908,0.728377241576,0.725763744865,0.723049915941,0.720270089206,0.717482021763,0.714739589508,0.712082636367,0.709536806288,0.707116397053,0.704827419454,0.702670177969;0.757020951512,0.763016567861,0.769866262934,0.778036591348,0.788444626499,0.787220771225,0.76064307111,0.629366194829,0.800511879607,0.813293293759,0.824054162578,0.850672550191,0.862014405469,0.815310799433,0.784843560933,0.566788062895,0.74201365939,0.734909379508,0.777334785028,0.739746633617,0.738902623924,0.67419269254,0.725447837064,0.747955898872,0.763527221554,0.778506753607,0.765298491794,0.758471648172,0.754055677939,0.75043341747,0.74711819785,0.743960115955,0.740965522018,0.738199250402,0.735720937396,0.733543299386,0.731596578039,0.729707232829,0.727642936032,0.72524659376,0.722533362129,0.719634577851,0.716688442838,0.713791888576,0.711002529186,0.708351342814,0.705852259697,0.703508373928,0.701316153243;0.757562884465,0.764141091082,0.772153733351,0.783064054497,0.802337518945,0.803266607486,0.784131440795,0.784990612039,0.814490949626,0.828285827588,0.830403157633,0.844731415833,0.857290562733,0.831300782955,0.800616965272,0.750257245817,0.730091879722,0.563659882044,0.696012495928,0.66026416299,0.71551980099,0.701865686963,0.724739389557,0.740595197511,0.750384411867,0.758578532601,0.757466049945,0.752122917804,0.74775073069,0.744305467459,0.741350123886,0.738690291381,0.736292170656,0.734201308447,0.732488649412,0.73119906972,0.730264824486,0.729372745586,0.727966251084,0.725675849455,0.722684618293,0.719402454665,0.716107272089,0.712929345802,0.709925101258,0.707116909657,0.704508633899,0.702093457104,0.699859008389;0.757791554175,0.764534806251,0.773049338101,0.785372153554,0.818511818096,0.806110588008,0.799854129704,0.806298046741,0.82915511132,0.824596804936,0.823602324824,0.825493853714,0.80787705235,0.790202489512,0.777080489881,0.759065101606,0.741416325563,0.723243107198,0.714121336623,0.700341968016,0.71741411303,0.723072865571,0.766546139036,0.736322729905,0.742276824017,0.777035988817,0.75920756255,0.746536874827,0.741601379629,0.73837788719,0.735799325048,0.733595547594,0.731731110808,0.730276265905,0.729367652562,0.729181677372,0.729823131392,0.730866076476,0.730675214193,0.727969862054,0.723892750923,0.719706200629,0.715775408719,0.712150118605,0.708831876459,0.705809783409,0.703062528132,0.700562972287,0.698282972257;0.758166216259,0.764168521305,0.772173865856,0.78358466854,0.800881131259,0.811792618687,0.810912609856,0.819336142137,0.835592523037,0.83247129604,0.830108523286,0.814639559674,0.769899308625,0.696084955575,0.760387134002,0.75805361519,0.748624647339,0.740393467354,0.744316750039,0.75341019046,0.726451321661,0.717404147133,0.689595286819,0.692727863226,0.726760057831,0.749553787569,0.746839213621,0.73897946482,0.735089596511,0.732443991779,0.730322444416,0.728560852095,0.727180190595,0.726309420747,0.726199219178,0.727308785308,0.730478491272,0.736561645422,0.740423008933,0.733985804798,0.726429180068,0.720558488515,0.71566999589,0.711412193856,0.707673386048,0.704383920511,0.701476293355,0.698888275036,0.696567129402;0.761033466929,0.763220392214,0.769764449526,0.780413120716,0.794606484984,0.803297653474,0.801453105432,0.80410766921,0.83262718024,0.827845133308,0.810679623527,0.79507810616,0.773340811969,0.757473665834,0.764667017977,0.759843414654,0.751816422884,0.745340660513,0.741819786559,0.73705955504,0.727407445635,0.713760563506,0.674381029899,0.680071053812,0.715450872365,0.728088665531,0.731431755413,0.73028836849,0.728351720565,0.726502696074,0.724868285997,0.723512736824,0.722543246684,0.722149410988,0.722682511838,0.724888397625,0.730793099865,0.749041112958,0.79849295799,0.743884868542,0.729542352283,0.721829374866,0.71573331607,0.710626400877,0.706358187019,0.702765517639,0.69969653555,0.697032636117,0.694686812945;0.776108207224,0.760122883147,0.765203393646,0.777722789133,0.795025212004,0.800845907959,0.79473432813,0.627661708421,0.827139202525,0.823977441816,0.80587076887,0.791560090314,0.782641685219,0.827275474541,0.796559396062,0.764191301229,0.753093675945,0.747045759678,0.742187704531,0.735798674201,0.727891748722,0.718706528661,0.709100163638,0.708219120618,0.7152957641,0.720734384426,0.722974100307,0.7229827867,0.72198179027,0.720694134619,0.719445191924,0.718410840883,0.717747771289,0.717668012846,0.718531160201,0.721055442928,0.72696772205,0.741195226723,0.758813227109,0.742371878071,0.732709946464,0.724022944725,0.715955738775,0.709618180618,0.704732006515,0.700849650792,0.697657040217,0.694955135212,0.692616850355;0.753035010694,0.750203957037,0.754861695425,0.774232040119,0.817029506333,0.804002919566,0.808303428127,0.791194975811,0.807270337554,0.823734512761,0.813000842079,0.789557838383,0.779261499295,0.778243348491,0.775689480351,0.760466195579,0.75183935352,0.749700882384,0.74919530398,0.737795085426,0.728553634487,0.721727013683,0.716911622427,0.715134908342,0.715876890039,0.717034844065,0.717456384998,0.717060222515,0.716162970201,0.715087028425,0.714056666149,0.713230988714,0.712758103235,0.7128243896,0.713711599658,0.715879370006,0.720029679227,0.726612356012,0.733672486578,0.741798597139,0.747841583136,0.729251149752,0.715928039089,0.707969214134,0.702557007495,0.698510250821,0.695290377937,0.692618920585,0.690336818933;0.737608526539,0.735531601599,0.725201351404,0.747958964933,0.790392948027,0.786860515558,0.784265096387,0.7899135953,0.798839131851,0.826003361855,0.812561347573,0.785598903796,0.770908567695,0.763586722816,0.757905834531,0.751843247498,0.747724870224,0.75150357735,0.800093930827,0.738291046787,0.727361919996,0.721799118524,0.718655522622,0.716885329078,0.715522786852,0.714246740465,0.713050455736,0.711876963585,0.71071497666,0.709618511394,0.708667666929,0.707951040542,0.707571543129,0.707662810304,0.708409756607,0.710064172219,0.712926427671,0.717318858268,0.724504081065,0.745277930014,0.821607888971,0.731105656561,0.713424057641,0.704972844715,0.69957924773,0.69564453269,