SALL1__poly=[0.811431118998,0.812569791403,0.813795270703,0.81514103254,0.816660140162,0.818434913729,0.820588425007,0.823290657672,0.826748747079,0.831233021755,0.837191026099,0.844475034784,0.848462111225,0.846659064471,0.84539910449,0.845997271217,0.850001307903,0.861231906199,0.842739623972,0.831966973112,0.813166076839,0.797895081314,0.83382241095,0.764067491647,0.793474654816,0.800901928987,0.794754812478,0.761612372924,0.795384683286,0.822800247177,0.872058150996,0.852200674619,0.886444155039,0.912337628102,0.88043838646,0.885673650009,0.888170455042,0.871595662941,0.857038401149,0.848841488276,0.842750107984,0.837800341604,0.833608229438,0.829970628078,0.826761564335,0.823895416969,0.821310643391,0.818961321384,0.816812223713;0.811189876386,0.812298887786,0.81347841036,0.81475992199,0.816199629687,0.817896143254,0.820021566657,0.822867031783,0.826814504801,0.83219574032,0.840507416697,0.859618459775,0.885709856429,0.85312906165,0.846729576816,0.845803200224,0.850111296412,0.868048222515,0.841144522187,0.829879153433,0.82228557674,0.704152198655,0.778322339449,0.777677049826,0.784339082984,0.792443894947,0.789200958377,0.773378342764,0.807141251786,0.828921948735,0.842804227184,0.855487600119,0.875502217219,0.886434773791,0.870861889688,0.873293978473,0.872064738893,0.863135660015,0.854033488566,0.846820159502,0.841102741203,0.836378073987,0.832345420167,0.828826157999,0.825706557918,0.822909081612,0.820377946838,0.818071382223,0.815957148094;0.810888101654,0.811951195212,0.813055678507,0.81422242126,0.815497984441,0.816977907743,0.818855020435,0.82158892208,0.826365193112,0.832768067579,0.839624205843,0.856279230205,0.893097449025,0.855695106017,0.84835368055,0.845775757795,0.847924445898,0.869642348029,0.880170957543,0.811122537007,0.798704384542,0.793219810994,0.787313927113,0.789907287862,0.76014254584,0.783475608591,0.784962342289,0.79227363351,0.813320292912,0.831939508139,0.847013153038,0.861382879342,0.879928130862,0.857063407098,0.839381007265,0.875804729701,0.875381061885,0.858931191442,0.850232322911,0.843905702737,0.838772508131,0.83443065618,0.830663401812,0.827336540381,0.824360930461,0.821673934728,0.819229451257,0.816992280933,0.814934770122;0.810542778295,0.811551924266,0.812561734997,0.813571672131,0.814602284412,0.815725226584,0.817097269214,0.818940216165,0.823950796936,0.864994375059,0.833775167753,0.84582289838,0.85082054332,0.856186879238,0.855710195456,0.845608354329,0.847528597963,0.858938901006,0.842344711153,0.812565249088,0.819263255906,0.802140602407,0.789236559783,0.768289137567,0.746568798341,0.774705518277,0.763054773925,0.736596500543,0.805865014926,0.826597349511,0.846955846468,0.868263406586,0.861014750229,0.845667806766,0.8318347535,0.859480349814,0.864040603561,0.85271727464,0.845624841668,0.840340584097,0.835912101918,0.832051129332,0.828622798654,0.825543418949,0.822754188468,0.820211259363,0.817880685093,0.815735445475,0.813753562767;0.810175378881,0.811136574406,0.812051625916,0.812886779455,0.813615121113,0.814272890087,0.815204677986,0.817466665095,0.809599408721,0.795154589418,0.816998478415,0.850094360526,0.84009750107,0.852218387273,0.84688046427,0.843318679197,0.846351419964,0.847026958933,0.84121985104,0.829640565936,0.81702192489,0.805944558324,0.789851749829,0.742071616202,0.751863861623,0.781043565418,0.786738192666,0.793521611782,0.810311221566,0.824328537331,0.836518533911,0.846541391409,0.848779264039,0.846182170637,0.8448256883,0.847222446943,0.84785358423,0.844604331651,0.840372758349,0.836361229945,0.832698055296,0.829356869936,0.826301829371,0.823500429678,0.820924178014,0.818548376251,0.81635171895,0.814315825787,0.812424791939;0.809807094512,0.810745263133,0.811595733509,0.812282605197,0.812699777551,0.812738371082,0.812621325428,0.817652162943,0.797149011079,0.657022537004,0.799029626529,0.82633453606,0.828658026376,0.826531030188,0.831280695298,0.840515160181,0.863976606318,0.84970448249,0.845108234967,0.8400354691,0.824321631045,0.810978646607,0.797366919672,0.774913255188,0.776515208259,0.792749253213,0.801582617717,0.810020518328,0.817258212443,0.824099513628,0.831092174619,0.837045650774,0.841637693078,0.85286557793,0.847175786986,0.842072237161,0.84038718644,0.838167988581,0.835329220801,0.832301271972,0.829318275772,0.826468928607,0.823782570293,0.821265028569,0.818912159794,0.816715543443,0.814665126231,0.812750504482,0.810961545277;0.80945108775,0.810411571577,0.811265135949,0.811898088933,0.812118751329,0.81157925151,0.809503977441,0.803157750559,0.782024963195,0.760735845365,0.80625094869,0.855030583736,0.824547592215,0.775044001186,0.813646711398,0.840527911436,0.847055003629,0.844379072018,0.846985629135,0.83885095756,0.826114213647,0.815595596098,0.807791524202,0.801454879925,0.800853153917,0.805659644037,0.812453819087,0.837489950018,0.825036416107,0.824731461892,0.82843735948,0.832396674858,0.836360886083,0.842020571724,0.840712495345,0.837006560748,0.834953571928,0.832995807035,0.830779343315,0.828377793041,0.82591846038,0.823488831916,0.821137926645,0.818890627022,0.816757897421,0.814742785907,0.812843868017,0.811057243471,0.809377708895;0.809102412852,0.810146398964,0.811104658678,0.811847254584,0.812148030975,0.811588573091,0.809250735424,0.802599858775,0.781349539157,0.74143173743,0.810902717996,0.849642830589,0.909502193217,0.798806351716,0.813489345313,0.839991467061,0.842913239048,0.836204294598,0.839663300666,0.831287515267,0.823468327591,0.818393023314,0.81661940602,0.813950862712,0.813533583518,0.818627369259,0.819060504072,0.82345045106,0.824053563677,0.824684213351,0.827057166595,0.82957608036,0.83170729682,0.83317832462,0.83305903385,0.831734668093,0.830178845602,0.82850011753,0.826648360252,0.824651453897,0.822576011362,0.820484720015,0.818423220545,0.816421067595,0.814495915268,0.812657314209,0.810909481844,0.809253191287,0.807687030141;0.808726994121,0.809920416296,0.811103956225,0.812154847399,0.812865146982,0.812918115836,0.81182715839,0.808915641893,0.804389939003,0.806061388749,0.82200941025,0.857093002173,0.830733812661,0.813605635536,0.80025449121,0.827325015896,0.830004955426,0.827330059055,0.833796704133,0.826289411363,0.820633623014,0.818586640552,0.831391879572,0.823549981902,0.819933304658,0.845570722417,0.822279209515,0.821036959779,0.822457097925,0.824589162065,0.827055583587,0.828620279575,0.82901760163,0.82885580489,0.828242181725,0.827203343611,0.825904874002,0.824438584796,0.822831157791,0.821110484329,0.819317008214,0.817493049336,0.815674525805,0.813888438427,0.812153524308,0.810481916448,0.808880822734,0.807353912406,0.805902372524;0.808250032874,0.809646836922,0.811182593156,0.812751508196,0.814149337547,0.815153981401,0.815602070913,0.81553969066,0.815877989442,0.818860927135,0.825689503165,0.83267334429,0.827911380404,0.813473091274,0.824963195635,0.836412283092,0.826064947447,0.805191135824,0.815608151629,0.819435195088,0.816209998031,0.812860525962,0.815564839816,0.817462450871,0.818089245217,0.819960576237,0.819847293624,0.820198496,0.822072824722,0.82565291776,0.830850173646,0.831526123666,0.828306236133,0.826100365528,0.824626817851,0.823349960455,0.82206063693,0.820698051437,0.819249212632,0.81772270024,0.816139991941,0.814527725965,0.812911693924,0.811313678289,0.809750514992,0.808234359508,0.806773424741,0.805372804277,0.804035216838;0.807541733574,0.809152597886,0.811177040288,0.813547896621,0.815911307444,0.817995005049,0.819856038651,0.821346564348,0.822594061056,0.824736423824,0.828276263988,0.832127003564,0.834128418184,0.833422835652,0.836849602709,0.854160190153,0.820995706125,0.715385570225,0.809274216033,0.82324226848,0.811888309214,0.791832692926,0.805453843826,0.813874593607,0.816017216607,0.817196925147,0.818017518387,0.819145578032,0.821494919708,0.826988369178,0.848932144027,0.844449029581,0.828318034293,0.823676669419,0.821414863729,0.819853999718,0.818499884849,0.817180661662,0.815836140044,0.814451065274,0.813030581995,0.811588876447,0.810142855824,0.808708650751,0.807299967892,0.805927576328,