SALL4__poly=[0.778921054483,0.783997309407,0.789391614411,0.795132733361,0.801246707881,0.807751223939,0.814648933944,0.821923245793,0.829552188343,0.837615856,0.846504299573,0.85620358436,0.862724363911,0.864295795021,0.866999556457,0.872162576971,0.88111893157,0.896524983235,0.891793324783,0.895698141024,0.897067170719,0.900134573088,0.918755328129,0.9055273813,0.905720699288,0.897474150279,0.898844675083,0.90517647384,0.907838954891,0.922634608983,0.937800744334,0.920117920439,0.930471064422,0.941660178488,0.914720003779,0.912411065294,0.908080807772,0.887666955038,0.868113573174,0.854124899958,0.84227712057,0.831787180641,0.822324999506,0.813700153165,0.805782817397,0.79847628051,0.791704841357,0.785407390302,0.779533518983;0.778180394135,0.783434123311,0.789059215029,0.795105213542,0.801625578569,0.808670134345,0.816273140894,0.824440597305,0.833099975312,0.842117572756,0.852766268348,0.872476550329,0.897868740806,0.871280323057,0.868939329367,0.872353018775,0.88125493187,0.901631417807,0.891131784282,0.895354366753,0.903780566892,0.912314260816,0.896763928267,0.898986588701,0.898551450004,0.894472170705,0.895961441699,0.902168590113,0.902493088359,0.906408760187,0.908590952844,0.910758461051,0.919067923679,0.9243468936,0.911367334825,0.90495598876,0.894863455117,0.879212772025,0.863744445917,0.85031394808,0.838645975158,0.828289361748,0.818949226764,0.810435931933,0.802619044106,0.79540270831,0.78871281715,0.782489951413,0.776685199766;0.777139650408,0.782543198339,0.788372036161,0.794704464974,0.801638958607,0.80928966623,0.817767577848,0.827195742145,0.837879097805,0.848182458615,0.856634673989,0.872613808175,0.906131163635,0.87499032254,0.871085339153,0.872319956866,0.878870632758,0.902098546145,0.918330125036,0.893705722825,0.896491868359,0.890942653333,0.888714865659,0.898203748809,0.899383287799,0.890391882692,0.891338143942,0.895707642392,0.895158804261,0.897448689265,0.901190357646,0.906783887862,0.918237360761,0.910177404446,0.920776552568,0.911037405138,0.896928290393,0.873483457474,0.857733278184,0.844875163448,0.833682356495,0.823692356729,0.81464485125,0.806371930185,0.798756624074,0.791712300668,0.78517159198,0.779080140226,0.773392870735;0.775769736858,0.781280899334,0.787263146147,0.793828415687,0.801140128706,0.809436730143,0.819023709609,0.830090183315,0.844165513766,0.885433227285,0.85926626057,0.868021430402,0.872032790804,0.877421742124,0.878361662403,0.872008860684,0.877113865357,0.891673470748,0.889104348872,0.89297673732,0.903842362594,0.882996218529,0.879506140099,0.88199294711,0.885158730876,0.880501872412,0.883356087484,0.889711893839,0.882651936977,0.884615133431,0.89255632857,0.904521000266,0.898964811302,0.895470939571,0.898864948429,0.894043364746,0.883612344439,0.864116507471,0.84973495342,0.837892297384,0.82746547335,0.81805383647,0.809455206664,0.801541530998,0.794221450167,0.787425147562,0.78109675891,0.77519009122,0.76966602617;0.774051380086,0.77961421234,0.785672976342,0.792366701432,0.799924514133,0.808767143758,0.819815575518,0.834963895224,0.846594483134,0.855648792046,0.859597880385,0.877108486869,0.866969591565,0.87746527654,0.873162936717,0.870245615897,0.874141880874,0.878224687212,0.87987316744,0.879716511267,0.876332353349,0.871750663838,0.870211097532,0.876442342872,0.87439368973,0.869885795323,0.870228836239,0.871186192687,0.871021624321,0.872339631898,0.875804554872,0.880040685602,0.880297942901,0.878600983661,0.876110732261,0.870557939376,0.861988083045,0.850916448096,0.839807156725,0.829560452423,0.820159746601,0.811491475329,0.803463727996,0.796005261988,0.789058517628,0.782575367959,0.776514602917,0.770840329681,0.765520895137;0.771982144511,0.77753363096,0.783572888264,0.790242936892,0.797790603001,0.806699533841,0.818226426845,0.838970389368,0.849035593365,0.875549863084,0.857862439549,0.861961584109,0.863073064533,0.865206106543,0.86642611787,0.869016464598,0.886664923413,0.875589730091,0.87461707024,0.874491580739,0.866424515244,0.861239287676,0.860027604658,0.862378943649,0.861727680865,0.859488753512,0.859789963589,0.861213245574,0.860836894539,0.860452199224,0.861407987118,0.862806377004,0.864140367278,0.871750597813,0.863778264218,0.854208779094,0.846402945774,0.837887595806,0.829022964215,0.820322603654,0.812015882277,0.80416771894,0.796782431806,0.789843524677,0.783327329763,0.77720808333,0.771460021948,0.766058297951,0.760979374106;0.769582161544,0.775065460468,0.780991766305,0.787478373739,0.794723592427,0.803068654681,0.813074854764,0.825126140019,0.838162371991,0.850715006668,0.856345355113,0.88430050171,0.865816070978,0.870597925952,0.867884091847,0.870454714762,0.870284193214,0.86637738739,0.869027041986,0.86378527216,0.855810195241,0.850963140477,0.849758048765,0.84979697368,0.849797798573,0.849889999365,0.851283473301,0.867756211036,0.853620912025,0.849212896092,0.848568541384,0.848717844307,0.849359328139,0.851751085379,0.847210780571,0.839467524832,0.832569200532,0.825438488514,0.818035191363,0.810588449107,0.803291692258,0.796255744315,0.789533671049,0.783145925299,0.777095333036,0.771375195832,0.765973701056,0.760876398633,0.756067634685;0.766895711453,0.772277418191,0.778028817071,0.784219331657,0.790970587896,0.798476812273,0.807001756516,0.816937170178,0.830299677108,0.848604397743,0.849949854824,0.874424132506,0.928488517319,0.865894074763,0.864790819581,0.868868485319,0.864000205297,0.854783259396,0.856123270831,0.848173676995,0.842415754218,0.840496122896,0.841845728838,0.841623176662,0.841476897952,0.844242886497,0.842115155213,0.84306586365,0.840438563633,0.837712475362,0.836680831265,0.835995710467,0.835105168457,0.833562159814,0.830182438232,0.825148054032,0.819458638218,0.813386065236,0.807049717906,0.800601708046,0.79418551483,0.787906605814,0.78183210641,0.776000505192,0.770431114893,0.765130912912,0.760099066931,0.755329861642,0.75081459313;0.763986799513,0.769275235546,0.774848736085,0.780711637303,0.786902812026,0.793523468594,0.800736933058,0.808775557105,0.817893088774,0.827399179612,0.838894637277,0.870518643004,0.854720160887,0.864787728918,0.865116315933,0.855605322013,0.850141250351,0.844362767105,0.845098370239,0.833923242486,0.828540655301,0.829341719638,0.843468792007,0.836907456232,0.833077163941,0.855650259918,0.831907639778,0.828368090861,0.827139662335,0.826514162572,0.826235221949,0.825104983499,0.822791460091,0.819810156217,0.816160619026,0.811796108575,0.806895906255,0.80162963086,0.796120900197,0.79048455456,0.784826932883,0.77923528238,0.773773828704,0.768486020537,0.763398992248,0.758527925089,0.753879550695,0.74945475326,0.745250439831;0.760927488708,0.766192081294,0.771676298358,0.777290404762,0.782955216816,0.788703857569,0.794672500667,0.800969754023,0.807676941465,0.814959819981,0.823552089753,0.832727290298,0.834896169846,0.84267617482,0.861335145469,0.854105770679,0.847530360209,0.836607468878,0.824029642391,0.812124011786,0.809998326949,0.815649863424,0.820776074067,0.821013137376,0.819556000607,0.81945256258,0.817356582982,0.815632634815,0.815380133732,0.816867424577,0.820097285072,0.818542557296,0.812694261079,0.807781799227,0.803493158875,0.79923138175,0.794777354635,0.790104058198,0.785253577078,0.780292591209,0.775293362065,0.770322187341,0.765433479318,0.760668354108,0.756055793662,0.751614781356,0.747356520143,0.743286366474,0.739405388765;0.757775610822,0.763165879827,0.768803557014,0.774459418402,0.779750149403,0.784614304065,0.789449698899,0.794232001341,0.798827333484,0.803826467371,0.80926806414,0.81385467618,0.81499503702,0.815680438,0.829452765421,0.854649847087,0.840832861055,0.846060515752,0.808163105159,0.762400567331,0.777516848999,0.806290962508,0.811844108738,0.809564675766,0.806715522515,0.80501869127,0.803722030408,0.803022646036,0.803733078198,0.807951606841,0.830672402224,0.823904344201,0.803645084567,0.796192909774,0.791298834681,0.787061297448,0.782927631177,0.778726566811,0.774425041078,0.770044691307,0.765627725553,0.761220690425,0.756866367104,0.752600255862,0.748449726712,0.744434551502,