NANOG__poly=[0.815592693937,0.820089006327,0.824827363909,0.829827016419,0.835104858586,0.840670950014,0.846523215322,0.852644213616,0.859012859314,0.865693519519,0.873008414402,0.880948156926,0.886211450733,0.887320320191,0.889311416326,0.89329805893,0.900420009545,0.912957714246,0.908529488381,0.911335023899,0.911945772987,0.913969070979,0.929466954307,0.917283184901,0.916678983832,0.908457052294,0.908652842115,0.913289090865,0.914535795891,0.927122195325,0.940366589533,0.921879295852,0.930473271108,0.940209496255,0.910419351717,0.90652973845,0.902404938688,0.883372112621,0.866595522813,0.855773450158,0.846910154317,0.839115785357,0.832066343839,0.825602509576,0.819627454524,0.814073781298,0.808890635544,0.80403773251,0.799482136911;0.815403154834,0.820082133179,0.825046632504,0.830332123084,0.835977051018,0.842016819055,0.848474242029,0.855349450158,0.862578908191,0.870050174484,0.878810283944,0.894981385963,0.915805453147,0.893713277161,0.89153237865,0.894041110058,0.901062058866,0.917670265649,0.908400356254,0.911417483587,0.917990303135,0.924690795724,0.910584137747,0.911693485617,0.910402650393,0.905741842826,0.905896604337,0.910251663834,0.909100931552,0.911124771322,0.911313013735,0.911203291647,0.916999291097,0.919406062175,0.900703390216,0.88816017156,0.878313410193,0.868385837896,0.85864857285,0.849916317784,0.842080854646,0.834922930925,0.828312588471,0.822169747515,0.816438419596,0.811075420937,0.806045424187,0.80131856429,0.796869105522;0.814979456468,0.819823278462,0.824996796778,0.830557965128,0.836580811344,0.843151924474,0.850355283382,0.858285206222,0.867185951318,0.875714767496,0.88266808162,0.895723082294,0.923097695561,0.897432677399,0.893991091632,0.894685085629,0.899697054462,0.918541885878,0.93165933961,0.910465409748,0.912157648466,0.906672830627,0.903885968204,0.911188709204,0.911237182228,0.902107444152,0.901604251613,0.90406738849,0.901795931623,0.901861829312,0.902975595048,0.905542272957,0.913846177413,0.900257055045,0.903312992314,0.858915808974,0.855890064,0.854849031334,0.84945184441,0.8429678858,0.83637887855,0.83000416952,0.823934705913,0.818189344984,0.812762723288,0.807640790162,0.802806492892,0.798242119602,0.793930340221;0.814297305254,0.819277242968,0.824624775106,0.830423967351,0.836800150424,0.843939216372,0.852081073544,0.861370220266,0.873044060342,0.906771723903,0.885560648886,0.892698505105,0.895908333394,0.900164351943,0.900716130309,0.895206501933,0.898973882444,0.910486724124,0.907796911018,0.91037188135,0.918805838787,0.900293082449,0.896280663469,0.89730149362,0.898850672304,0.893342426746,0.894323297177,0.898355078815,0.889651658748,0.888829304105,0.893288012705,0.901392312338,0.89031184619,0.879492976866,0.872947543117,0.832563303746,0.837350433498,0.843482468203,0.840555699424,0.835657877685,0.830157467316,0.824553735875,0.819052152625,0.813740598086,0.808655586811,0.803809536131,0.799202908264,0.794830046662,0.790682176128;0.81334008632,0.818417511312,0.823884054435,0.829844126804,0.83647420825,0.844105315883,0.853472955122,0.86609720961,0.875787103614,0.883318910183,0.886656902291,0.900863015137,0.892679235572,0.901051137929,0.897370797875,0.894681566169,0.897406157868,0.900189817483,0.900877397429,0.899952060898,0.896187420928,0.891235066623,0.888703306517,0.892780187381,0.889593808106,0.884003038694,0.882452150255,0.881158315099,0.878393423456,0.876380290273,0.875487740704,0.873721343225,0.864441913615,0.849568981418,0.84268256689,0.838173960319,0.835735871825,0.835043716238,0.832397696303,0.828366433676,0.823679772234,0.818746219109,0.813783186801,0.808906292284,0.804176692984,0.799625695288,0.795267756666,0.791107574963,0.787144099568;0.812104288048,0.817236514938,0.822753857725,0.828761899963,0.835448464468,0.843191192849,0.85298969705,0.870142838281,0.878587621536,0.900154925741,0.886198217124,0.88964265105,0.890599131201,0.892249075653,0.893031213742,0.894774435901,0.908544073217,0.899020105731,0.897482368459,0.896455418714,0.888633571346,0.882949392267,0.880456073946,0.880941438488,0.87874168354,0.874938300357,0.873103899203,0.871941771643,0.868625040656,0.864519436995,0.860403432968,0.853926004049,0.838677106736,0.776210289319,0.801537773924,0.825299606603,0.828112447099,0.827185136651,0.824680459856,0.821174378382,0.817084712975,0.812705525805,0.808225526663,0.803761233772,0.799383195115,0.79513323135,0.791035171189,0.78710146571,0.783337298736;0.810603620231,0.815755055391,0.821260256199,0.827201723339,0.833724523442,0.841086452905,0.849720354307,0.859915260531,0.87080861352,0.881226118519,0.88605981496,0.908471852744,0.894025238268,0.897821315995,0.895513926364,0.897211778762,0.89659112015,0.89282583291,0.894123164325,0.888757189917,0.880748362964,0.874990082773,0.872170591526,0.8704159417,0.868583564273,0.866655853761,0.865593106728,0.878046978703,0.861765287964,0.853518389739,0.847652022878,0.840193195229,0.826726498141,0.798762956987,0.802770744306,0.816880510821,0.820058037998,0.819426139837,0.817187650233,0.814070868537,0.810434548596,0.806509093868,0.802451174308,0.798366490385,0.794325127122,0.790372643961,0.786537862546,0.782838207355,0.779283333356;0.808869429059,0.814025746734,0.819485259511,0.825289758897,0.831518644315,0.83830605578,0.84584135388,0.854420720839,0.865634597035,0.880658012,0.882257209849,0.90189791878,0.944327702997,0.895736317879,0.894724399087,0.89751177715,0.893162833213,0.885239168029,0.885422259069,0.877698104938,0.870958201281,0.866902004472,0.865732769414,0.863566834819,0.861560506615,0.861939553952,0.857576737315,0.855403315694,0.849213513315,0.84209805597,0.835948486099,0.829518724904,0.821831918805,0.814017083883,0.811464318867,0.812779882844,0.813190061874,0.812075199435,0.80990228177,0.80704695621,0.803755996865,0.800201796758,0.79650918306,0.792768347557,0.789043400447,0.78537898486,0.781805429124,0.778342652664,0.775003059551;0.806945872363,0.81212850208,0.817560622525,0.823230583846,0.829147381324,0.83536274468,0.841975483922,0.849149522435,0.857093257709,0.865310865231,0.875100901236,0.900374988702,0.889018276872,0.897079154182,0.897118789379,0.889222210681,0.88431223914,0.879265983011,0.879284393864,0.869178764978,0.861545979672,0.857863737755,0.866693843112,0.859258825274,0.854359835804,0.872376720202,0.848775174003,0.842040378533,0.836237406378,0.829859765512,0.823616341342,0.818302346973,0.814088926827,0.810746904307,0.808682335985,0.80763617476,0.806581350465,0.804970419296,0.802762350187,0.800078018243,0.797053500767,0.793806143077,0.790430409934,0.786999741687,0.783569668484,0.780181114387,0.776863458776,0.773637157061,0.770515873292;0.804878920637,0.810159458632,0.815659806606,0.821294671696,0.82697672052,0.832692631955,0.838495379419,0.844422410774,0.850548608931,0.857128428898,0.864954864644,0.873646422192,0.877302304615,0.884230647885,0.897363515635,0.89059599731,0.884550694742,0.875993009312,0.867470890429,0.859530787109,0.850761088931,0.844184398626,0.844376560697,0.844328214575,0.842594026048,0.84097365945,0.83641886283,0.830750921153,0.824395523529,0.816670644116,0.808425645423,0.803132388836,0.802836954185,0.802935915781,0.802224723778,0.801117573668,0.799691390701,0.797878130814,0.795670127129,0.793123130445,0.79031648878,0.787329502372,0.784232180952,0.781082645369,0.777927254301,0.774801833172,0.771733277543,0.768741174101,0.765839270865;0.802696731055,0.808209461703,0.81399793716,0.819873142762,0.825512740649,0.830824405935,0.836023426751,0.840948764622,0.845426809871,0.850117094867,0.855665104626,0.862110719713,0.868653330861,0.874236526987,0.880019741453,0.893814578625,0.881629077878,0.885435044581,0.861579011155,0.85674918845,0.838964056578,0.815071549082,0.826019347892,0.832269430702,0.831767730086,0.829426172705,0.825601993779,0.820402888733,0.813439196202,0.802591521366,0.785511359244,0.768279387439,0.788775293984,0.79392360304,0.794676779271,0.793944314015,0.792540560265,0.790713812772,0.788560077647,0.786144626153,0.783528614657,0.780770307432,0.77792246999,0.775030629477,0.772132549371,0.769258528672,