APOE_OAC1=[0.750506184746,0.75842443479,0.766816574273,0.775618953493,0.784745886283,0.794161036557,0.803831853689,0.81316877232,0.821319855795,0.830563608408,0.849820751173,0.85856358562,0.859405012868,0.883139221593,0.875326997518,0.871125820515,0.877985564796,0.874326780603,0.860731892579,0.853432511385,0.848672922439,0.84637464145,0.849022042797,0.848697281595,0.837596774925,0.829668872956,0.82320049162,0.817025240361,0.81087688942,0.804307565374,0.796454510947,0.787886164362,0.779685828935,0.772230666528,0.765522101493,0.759466268028,0.753953194,0.74887587213,0.744138387875,0.739663073861,0.735395245643,0.731302777403,0.727370924806,0.723595429468,0.719976685336,0.716516000814,0.713213700446,0.710068427617,0.707077105899;0.750213026065,0.75886233809,0.76818807646,0.77812155462,0.788475575939,0.799234470216,0.81123256692,0.825288317822,0.830152866013,0.835045711002,0.845030431771,0.853460519055,0.858750348803,0.866117719779,0.874316287647,0.877110921059,0.881285453625,0.864458660109,0.858333364081,0.857818362859,0.851329946777,0.844654615125,0.840675122252,0.836749040666,0.8321806754,0.826858644344,0.818908597794,0.810871787026,0.803535281631,0.796449277505,0.789246553748,0.781975209868,0.774938058479,0.768362133455,0.762324887277,0.756807356734,0.751739251828,0.747024862855,0.742564741362,0.738277745597,0.734115788649,0.730063765743,0.726128072042,0.722323511811,0.718664696946,0.715162271925,0.711822060465,0.708645522853,0.705630660062;0.749427314673,0.758882506617,0.769370934587,0.780963995206,0.793226759778,0.805109192283,0.81912292201,0.846078281519,0.839423099218,0.839640685444,0.848145131462,0.86238250622,0.867522856434,0.863306368009,0.865544781194,0.882357127372,0.872676803967,0.861549185246,0.860730803395,0.866589888141,0.855124028667,0.846996398859,0.839082777205,0.832991398299,0.832807364052,0.840316357648,0.81755515643,0.806134482858,0.797657030098,0.790195521747,0.783199854392,0.776524038926,0.770206399521,0.764326183693,0.758926471,0.753993573604,0.749456798923,0.745198152007,0.74108229967,0.737005218891,0.732928779391,0.728873325682,0.724884645974,0.721007282943,0.717274039718,0.713705206216,0.710310888389,0.707093689302,0.704051034675;0.747994691157,0.758238113328,0.770050932481,0.78422081257,0.802331011745,0.814264412407,0.82535247923,0.866815205744,0.846653522372,0.845548288594,0.853826335153,0.878899036615,0.892939705183,0.866208897632,0.864000232972,0.899684170694,0.86287214634,0.860544560145,0.878595295363,0.854972835953,0.857471769163,0.870840497692,0.841200282284,0.830396853893,0.828303618204,0.830493006368,0.812964248649,0.801201996098,0.792170230063,0.784468011803,0.777576321408,0.771268203978,0.765471414464,0.760184859736,0.755418286892,0.75114931443,0.747285387256,0.74363898411,0.739966513702,0.736095293162,0.732019461732,0.727849622736,0.723708135062,0.719681172058,0.715819077173,0.712147668881,0.708676979481,0.705406967805,0.702331434461;0.745781458624,0.756590164273,0.76947012447,0.786069521905,0.811870000726,0.822583377648,0.821860532801,0.833872526087,0.847509326085,0.854284145318,0.857014292687,0.87333915766,0.889529279496,0.87749864697,0.867423807741,0.853009243103,0.850198058416,0.882215175748,0.854134072719,0.859271305672,0.8479337808,0.849707443888,0.837779779124,0.827547993683,0.820847665475,0.816421477684,0.807173172341,0.79595723934,0.786541891634,0.778716625497,0.771959296218,0.765975895282,0.760640448334,0.755922851345,0.751835963324,0.748383095178,0.745471390968,0.742779160987,0.739749007601,0.735995670684,0.731666051399,0.727136156581,0.72266397505,0.718369370912,0.714302710511,0.710482301403,0.706908956367,0.703573337291,0.700460825297;0.742835110075,0.753714751313,0.76686557719,0.784396923895,0.822828822287,0.817490102111,0.818972089998,0.829059600202,0.849263769459,0.845310655025,0.847564600469,0.856470870658,0.854721730004,0.851892485023,0.844527367466,0.83734408885,0.835093042502,0.837011951325,0.841342519122,0.844602054502,0.834458520808,0.83257025484,0.855968635111,0.827767375204,0.817139419662,0.830793147101,0.808104093054,0.790526926311,0.780366912581,0.772585971417,0.766083963256,0.760471900542,0.755607174024,0.751474792453,0.748145535551,0.745746299098,0.744350821696,0.743535911891,0.741712192911,0.737600126604,0.732251616126,0.726865786288,0.721790586687,0.717071389329,0.712707384732,0.70868587198,0.704983977038,0.701573013897,0.698423203734;0.739767556131,0.749787858083,0.762153202883,0.77829039074,0.800727679398,0.817205199686,0.82251100128,0.834119899308,0.848861617683,0.846085629411,0.847726372921,0.844306821318,0.838755654488,0.848922916696,0.829360865203,0.823556555143,0.821025527756,0.821756617148,0.83025136972,0.839135866363,0.821229359176,0.820220970545,0.830579886851,0.822882109942,0.808759440491,0.808842576848,0.79646890104,0.78242526093,0.773088866021,0.765837554446,0.759793797493,0.754638311109,0.750272107306,0.746733226133,0.744200935989,0.74307348082,0.744132932246,0.74819989348,0.75035593755,0.742723832899,0.734051500802,0.727057579521,0.721069518911,0.715748191416,0.710985528906,0.706713414499,0.702864905339,0.699377514293,0.69619761459;0.739318911963,0.745333039059,0.756011332937,0.770812823687,0.789599854061,0.804613899906,0.814535026427,0.828539564623,0.843589261273,0.833897735045,0.82073581498,0.81705426005,0.81934326787,0.823406015079,0.817951412992,0.811659182577,0.808096552676,0.807536585602,0.809220897884,0.809188588906,0.805910830488,0.805591867734,0.813853025485,0.808824385965,0.795044307018,0.787876407453,0.780405742525,0.772149992711,0.76476952719,0.758460462031,0.753047964967,0.748417752998,0.744556727728,0.741566811219,0.739729083403,0.739721492411,0.743469614545,0.759299632876,0.805585596535,0.75156355816,0.736350067312,0.727593139453,0.720449195501,0.714314764049,0.709048251319,0.704492508378,0.700499013374,0.696950380022,0.693759459489;0.752500095106,0.739240517295,0.748788570414,0.764648051866,0.784846615901,0.795644896781,0.807624300279,0.861841777046,0.830852379239,0.815970532193,0.801609034662,0.79812554998,0.802259418122,0.850032850562,0.826630433728,0.801620890247,0.795783919246,0.794799302043,0.794793916502,0.793391787079,0.791225090881,0.789890697028,0.789300919742,0.786099149215,0.780153903946,0.774136904001,0.768077000853,0.761899009616,0.755997777929,0.750639058836,0.74590024407,0.741808144512,0.73841979739,0.735874452866,0.734472906168,0.734876788082,0.738736851009,0.750827224383,0.766485886158,0.74928421915,0.738650216583,0.728977082176,0.719926021227,0.712601493684,0.706743959496,0.701919480359,0.697820630662,0.694250919137,0.691083664212;0.723330905414,0.727353446387,0.739961793792,0.761433331844,0.803387846615,0.787791089371,0.793549151202,0.770499541126,0.769609810622,0.785616712707,0.789594547706,0.780307530543,0.782674501778,0.791104047571,0.795150990122,0.786311674962,0.783114239947,0.785380858303,0.788690510062,0.782592975138,0.778286618908,0.775867292885,0.773888959245,0.771079575551,0.767039571382,0.762271065403,0.757203859647,0.752087849471,0.747149122525,0.742563659906,0.738437782969,0.734844321435,0.731867401352,0.729643914102,0.728415136425,0.728605382489,0.730886315158,0.735702495991,0.741169576735,0.74784814261,0.752644874379,0.733305086594,0.719102029554,0.710195554838,0.703836664974,0.698868802496,0.694762485681,0.691242359586,0.688149896307;0.700770822507,0.711567634912,0.730937852722,0.752176889861,0.770483804044,0.757036633802,0.743918127519,0.700169967144,0.668916965218,0.644683566083,0.770569600184,0.763609905433,0.762519690032,0.765599097558,0.76791999142,0.768336358608,0.769626094275,0.77735530073,0.823842133124,0.772677692239,0.766042531805,0.76345107713,0.761802348167,0.759644012875,0.756188014621,0.751812393676,0.747185999018,0.742645309049,0.738334282563,0.73434107188,0.730733986412,0.727576591364,0.724945188621,0.722948823107,0.721750772846,0.721584702795,0.722737947735,0.725525761045,0.731186704232,0.75032514903,0.824404152054,0.734281308003,0.715772926696,0.706392665388,0.700071866135,0.695237075642,