APOE__poly=[0.712858208895,0.718467434752,0.724577992762,0.731236330904,0.738483103564,0.746345479121,0.754828516192,0.763910472089,0.773562946925,0.783896494453,0.795441339806,0.808197707217,0.816864824427,0.819109787369,0.823083041507,0.830552044296,0.843214317891,0.864399589497,0.859250912386,0.865437124376,0.868342342067,0.873377311116,0.89787192532,0.882229661267,0.8833997434,0.874146016229,0.876696146569,0.885169281389,0.889073993575,0.90741207616,0.925957809193,0.905380125005,0.91802553876,0.931516066427,0.900298297279,0.897988510488,0.893326792511,0.870071696338,0.847933102518,0.83229756664,0.819175933012,0.807647184411,0.797318780121,0.787962457564,0.779421999223,0.77158094788,0.76434826426,0.757650650583,0.751427862938;0.710187131577,0.715927701815,0.722250881949,0.729233050879,0.736952763319,0.745480106482,0.754860780032,0.765100092,0.776097872419,0.787674955897,0.801556090331,0.82780773664,0.861936990246,0.825992620365,0.823117550382,0.828356926749,0.841249796821,0.869492675189,0.856860591626,0.863768637474,0.876024123991,0.88818047234,0.869663075994,0.873676006774,0.874254370434,0.870271349434,0.87307183633,0.881480231134,0.882637745989,0.888025647668,0.891244165668,0.89437116138,0.904666637897,0.911283756776,0.896496728831,0.889441943322,0.878146763202,0.860483273717,0.843116194014,0.828164114958,0.815283897392,0.80393833917,0.79377599493,0.784570000853,0.776163871306,0.768442499034,0.761316984408,0.754716235888,0.748581959999;0.706996570146,0.712814255289,0.719299695752,0.726571517258,0.734771400554,0.744056955023,0.754576012506,0.766488191343,0.780199224516,0.793485551582,0.804331912719,0.825577194267,0.871113846182,0.82808253889,0.82281849081,0.825159934216,0.835276289033,0.868131572508,0.891232020645,0.860166349911,0.865540682846,0.860079988284,0.858893109385,0.872323778309,0.875052556208,0.865111414814,0.867369352505,0.873651489016,0.873852900395,0.877381297675,0.882537533761,0.889778638688,0.903799775715,0.894801769733,0.907611108758,0.896665264012,0.880719197073,0.854091475913,0.8364536797,0.822205940704,0.809909577814,0.799016512649,0.789216398802,0.780308251219,0.772151717548,0.764642796427,0.757700736578,0.751260593918,0.745268762841;0.703225943015,0.709040536545,0.715600620403,0.723076266626,0.731702245934,0.741808227858,0.753807566722,0.767948658635,0.786314123211,0.842224469206,0.805261654224,0.81640653989,0.821000730153,0.82772851267,0.828736347028,0.820399895507,0.829109155009,0.85127175175,0.84996942463,0.857459179017,0.873946109196,0.84893807986,0.846594829672,0.851630471675,0.857203005055,0.852865830719,0.857634025137,0.866448857188,0.85891184212,0.862173751457,0.872424261583,0.887252674882,0.881295729891,0.877766106116,0.882248249948,0.877131128297,0.865539664567,0.84356175255,0.827563350195,0.814532040492,0.803154358639,0.792956583574,0.78369707358,0.775221824136,0.767420717517,0.760209669304,0.753521609038,0.747301347948,0.741502435262;0.698822349421,0.704525243487,0.711026387526,0.718542226222,0.727406652718,0.738207291654,0.75221020859,0.772025645898,0.787095776682,0.79859211494,0.802829223982,0.826008665385,0.809749801209,0.822796306713,0.815057013907,0.811225861106,0.819476524862,0.828611009213,0.834226085414,0.837370757979,0.836214080222,0.833386190079,0.83420247547,0.844409700218,0.843748749764,0.839835254085,0.841723443556,0.844173750177,0.845121247528,0.847726774449,0.852762828568,0.858580496814,0.859610536625,0.858296840012,0.856025105481,0.850183268771,0.840865579135,0.828698993724,0.816529482172,0.805379666662,0.795217323264,0.785902088103,0.777320925652,0.769386319997,0.762027831538,0.755186921951,0.74881384536,0.742865641515,0.737304764196;0.69374970701,0.69920802557,0.705474220764,0.712784357018,0.721512431088,0.732349618844,0.747047260303,0.774822473341,0.787806767767,0.823994460079,0.797326684868,0.800873994429,0.79912762746,0.797414738294,0.793275554683,0.796637622941,0.829998879969,0.819185638608,0.822265811617,0.826886897575,0.821025401501,0.818753350572,0.820858978812,0.826685394092,0.828127323779,0.827248889253,0.829244106739,0.832385362324,0.833186876586,0.833858682675,0.836016137727,0.838589746357,0.840990801177,0.850616879423,0.842031836922,0.831624282434,0.823277828684,0.814130448168,0.804598778467,0.79526838794,0.78639530867,0.778047140288,0.770223111392,0.762899744295,0.756046358825,0.749630732742,0.743621358702,0.737988366669,0.732703868401;0.687997097359,0.693065431011,0.698899053857,0.70571778717,0.713851792864,0.723820675672,0.736428081873,0.752180179174,0.769460274029,0.785969748671,0.792104126615,0.83004194906,0.797955958397,0.796463869148,0.768373198969,0.755861383539,0.794354090715,0.798021124114,0.805517288256,0.80594385078,0.80439592679,0.804843159077,0.807928227789,0.81125076414,0.81374299234,0.815884327195,0.819305694775,0.840656297054,0.8249438015,0.82089742544,0.821248079917,0.822439531162,0.824115430133,0.827738945718,0.823247873943,0.815046432778,0.807822969772,0.800332364294,0.79252974333,0.784676795848,0.776991689524,0.769597137684,0.762549934059,0.755870135255,0.749558298381,0.74360472071,0.73799441343,0.732709853438,0.727732544373;0.681582820866,0.686119355144,0.691330255213,0.697392021748,0.7045585984,0.713185678828,0.723703823375,0.736647677789,0.754761233909,0.779975127284,0.779919439508,0.812687383414,0.889836881071,0.781056530394,0.757191747686,0.755494221138,0.782211266649,0.771577405602,0.745040754326,0.769818297095,0.785165422215,0.792273231073,0.799064264771,0.802007852698,0.804248027028,0.809634123663,0.808772736103,0.811466068891,0.809724047901,0.807778271731,0.807751524895,0.808039301329,0.808001387882,0.80713135294,0.804079823782,0.799087026833,0.793321183416,0.787100848423,0.780565993249,0.773891533233,0.7672404572,0.76073122086,0.75443818989,0.748403188135,0.742646504273,0.737174762604,0.731986081278,0.727073374515,0.722426465192;0.674551662145,0.678434674631,0.682866817784,0.687956092659,0.693870048743,0.700894372901,0.709433863947,0.719917008941,0.732515032154,0.745662174063,0.761006175378,0.804987807281,0.772835782883,0.760887673114,0.743574221415,0.764374172366,0.769483458228,0.76073477171,0.725862707539,0.755388654534,0.772936169508,0.782246310507,0.803662457221,0.797784056191,0.795063836782,0.824372068988,0.79719715411,0.794537676477,0.794557112038,0.795183160491,0.796107749067,0.795934218557,0.794301194547,0.791830731888,0.788537330399,0.784380482296,0.779576673352,0.774326960975,0.768776725382,0.763059148691,0.75729607281,0.751586527071,0.746002810094,0.74059344296,0.735388481001,0.730404589922,0.725649072287,0.721122827539,0.716822458511;0.666963168392,0.670106423992,0.673672943529,0.677653126337,0.682041000023,0.687056694359,0.693302642822,0.701509452039,0.711747862936,0.723138518013,0.735538150285,0.7472479589,0.745472897747,0.738808045462,0.762562626245,0.776332410147,0.776864949119,0.76747397014,0.758478298183,0.76099206209,0.767526099834,0.773305385584,0.779115966981,0.780234179158,0.77989849779,0.781435734384,0.780598317732,0.780173544104,0.781414992079,0.784589463256,0.789662764302,0.789020047824,0.783327257936,0.778680711494,0.774708766932,0.77072296531,0.766476207408,0.761942541238,0.757174036515,0.752249470445,0.747252752883,0.742260100746,0.73733366359,0.732520220791,0.727852709406,0.723352773475,0.719033345336,0.71490086413,0.710957044207;0.658865868512,0.661222606016,0.663981277758,0.666956574147,0.669587758894,0.671696926498,0.674390380561,0.680019106929,0.689842992063,0.70110352939,0.71064035303,0.715846297446,0.720171577452,0.73515429739,0.754658604323,0.791873007643,0.776896206498,0.791824522353,0.759667617528,0.768267409678,0.768233471034,0.770708488299,0.771508205251,0.768098987746,0.765636580094,0.765145276659,0.765299496585,0.766159534515,0.768600948957,0.775024563527,0.802814730742,0.796048467582,0.773717751655,0.766200537684,0.761584075863,0.757669773601,0.75382546666,0.749859514124,0.745738344166,0.741489956318,0.737164830127,0.732817591175,0.728498033556,0.724247352456,0.720097355114,0.716071182853,0.712184633659,