KAT7_Myst__poly=[0.87040997611,0.871930445444,0.87357217905,0.87534419367,0.877253025101,0.879297586498,0.881457698723,0.883672554629,0.885815956362,0.887745191836,0.889611302487,0.892358315938,0.89648109611,0.901903516113,0.90907959822,0.916625135443,0.92523516172,0.93672695387,0.935272256145,0.938680830071,0.940308472662,0.942705186055,0.953773875016,0.946590677301,0.946971452583,0.942596244274,0.943643191261,0.947497346267,0.949378526384,0.957921689718,0.966548210961,0.95754791477,0.963490820813,0.969719509125,0.956217378693,0.955484348386,0.953714454907,0.943910753016,0.934650790665,0.928220948904,0.92287992228,0.918221209379,0.914070155591,0.910325172495,0.90691715941,0.903795094928,0.900919533408,0.898259080738,0.895788228038;0.869020205259,0.870509712403,0.872130366814,0.87389666816,0.875824732915,0.877928308861,0.880204033136,0.882589783944,0.884830502066,0.886232028144,0.886159778288,0.888341496373,0.904619831114,0.896639446467,0.906234338903,0.914797998217,0.92429448373,0.939307259779,0.93445095909,0.938153081326,0.943929554821,0.949435026939,0.940908151276,0.942462167533,0.942388006264,0.94020110229,0.94120991735,0.944996975321,0.945638804897,0.948428097301,0.950325268176,0.952212409534,0.957286023229,0.960613143763,0.954428999034,0.951681667274,0.947090376919,0.939764064651,0.932600777365,0.926495533315,0.921283318633,0.916723298813,0.912659140914,0.908990584475,0.905649078878,0.902584746995,0.899759527873,0.897143355751,0.894711870321;0.867457327154,0.868897728488,0.870478355749,0.872220595047,0.87415695703,0.876337150668,0.878824915158,0.881693034169,0.88503170321,0.886999316765,0.883463876947,0.865039915569,0.797205994986,0.891023725556,0.905451499812,0.913732976498,0.922208306499,0.93929874354,0.950645723111,0.936977162694,0.939481720288,0.936857025862,0.935951904499,0.941560132823,0.942210755462,0.936906779482,0.937355663474,0.940028690639,0.940261581953,0.942451274045,0.945574021827,0.949630491088,0.956610097478,0.953101946366,0.959226031125,0.954787052191,0.948192110967,0.937022324721,0.929786014429,0.924018303339,0.919083057748,0.914736786795,0.910842339418,0.907311734299,0.904084250261,0.901115477866,0.898371397928,0.895825008193,0.893454294284;0.865703408562,0.867071260028,0.868584644481,0.870268599418,0.872171830358,0.874401749416,0.877166903405,0.880722704988,0.886426787892,0.912858752691,0.886403157592,0.882271606569,0.880649333802,0.90062116008,0.911926484898,0.913728846378,0.921094898946,0.932814853678,0.93294774275,0.936487047224,0.943692327733,0.932077372846,0.930337427636,0.93172437196,0.933167932229,0.92974779217,0.930680012067,0.934226103216,0.930779294119,0.933510534212,0.939779655741,0.947876748913,0.946095092411,0.945305110123,0.94794234036,0.946214229875,0.941617840201,0.93253365008,0.926054710254,0.920846019354,0.916330432103,0.912299879995,0.908648988766,0.905311476863,0.902240678512,0.899401515428,0.896766420435,0.894313014829,0.892022687543;0.863738316897,0.86500539163,0.866418078798,0.867994200358,0.869776147483,0.871913838657,0.874960545719,0.880500635869,0.883814157404,0.886579097831,0.887019356943,0.899879121941,0.893545920935,0.907494864241,0.910520214123,0.913518187493,0.919678120608,0.924760221283,0.927538806302,0.928709006639,0.927602504253,0.925478723156,0.924744531059,0.928034899073,0.925869518381,0.921339487287,0.918946887111,0.917769412261,0.919098279386,0.923496071018,0.928915190049,0.933848640676,0.935877861777,0.936436969733,0.936312440353,0.934451689935,0.930984230415,0.926236389649,0.921458983429,0.917091810142,0.913119006207,0.90948017082,0.906127747414,0.903025662002,0.900145402724,0.897463640171,0.894960804962,0.892620177419,0.890427272546;0.861537743265,0.862671784394,0.863951311722,0.865373624553,0.866923927099,0.868633496014,0.870957588953,0.878516651861,0.877132795388,0.893669311613,0.87986250074,0.886667020308,0.892680420063,0.900742570894,0.907533106621,0.91387557423,0.928375562886,0.92366392733,0.924721442967,0.925833488106,0.921943379718,0.919443057122,0.918805773569,0.919566375512,0.917478969551,0.912350139507,0.904781432626,0.895481214798,0.900995579408,0.911857295803,0.919087314559,0.923844969929,0.927164017197,0.932980162425,0.930204119408,0.926468024914,0.923524147385,0.920149857555,0.916550096138,0.912989252833,0.909583555248,0.906366243303,0.903340453768,0.900499163242,0.897831952972,0.895327487822,0.892974514249,0.890762277623,0.888680687966;0.859068251948,0.860029358689,0.861150051064,0.862411310914,0.863714239716,0.864809513457,0.865093109541,0.862402364997,0.847629664462,0.830076939125,0.863750545458,0.895955804341,0.889760272306,0.904506411099,0.909763211387,0.916113200038,0.919065255654,0.918769714484,0.921835660095,0.919795597318,0.915947734673,0.913686868765,0.913088984934,0.912419442589,0.910276044955,0.904971911115,0.890052571008,0.787476580039,0.871482277362,0.901374597111,0.911081564408,0.916188524613,0.919605677995,0.922953109223,0.92216865533,0.91950494709,0.917114621803,0.914497943754,0.911666582737,0.908752207037,0.905860019558,0.903050227424,0.900352683319,0.897780302669,0.89533688421,0.89302129653,0.89082974057,0.888757011381,0.886797223124;0.856280150711,0.857004479642,0.857933121453,0.859073373103,0.860302327091,0.861216836283,0.860788963357,0.856100004401,0.835063842455,0.789620737228,0.847601986981,0.822036742308,0.933964228151,0.901146484903,0.909526235529,0.916845256291,0.91653517443,0.912686110027,0.914621153853,0.910775400562,0.908231478837,0.90787623285,0.909037516886,0.908514961025,0.906658316858,0.903895134745,0.891739477168,0.871385572891,0.881963048928,0.897976447386,0.905957187983,0.910361416538,0.912952232171,0.914311675872,0.914223010767,0.91300128159,0.911263643659,0.909205319081,0.906921446715,0.904509114406,0.902052312729,0.899611266007,0.89722459294,0.894915336263,0.892696265419,0.890573578663,0.88854930892,0.886622861849,0.884792003008;0.853103660296,0.853465812691,0.854104407424,0.855142782168,0.85657031545,0.85804711197,0.858757959625,0.857386861635,0.853052943249,0.851912198672,0.85756048505,0.868500176704,0.879050839575,0.905617439177,0.913393712796,0.911207470038,0.909945785627,0.907513240115,0.908292436609,0.901908630881,0.899615720926,0.901483722744,0.910653771615,0.907189307301,0.904187768422,0.915154791412,0.897254841023,0.891716661278,0.893267078589,0.898686909025,0.903537668384,0.906544698749,0.907960296036,0.908419518227,0.908142583442,0.907242153355,0.905892223294,0.904229117322,0.902347168822,0.900324522607,0.898227548639,0.896108495957,0.894005442707,0.891944550933,0.889942930971,0.888011169348,0.886155271837,0.884378071468,0.882680224582;0.84946068693,0.849210943399,0.849270805165,0.850033042761,0.851855868225,0.854587445873,0.857428900157,0.859586901877,0.861280056782,0.864211934075,0.869630387561,0.877951793158,0.887319399462,0.900826514561,0.916543127646,0.91391843282,0.910670779823,0.904039424607,0.895214992026,0.88595174338,0.886004140543,0.893090633882,0.898604568283,0.899993862374,0.899387131202,0.898676010745,0.896405693731,0.894935527057,0.895987109182,0.899375408704,0.903921638056,0.905551499604,0.904580302948,0.903786168992,0.903048985048,0.902121558587,0.900942575445,0.899535030442,0.897945797338,0.896226062138,0.894424184574,0.892581792834,0.890732177903,0.888900490073,0.887104882531,0.885357917097,0.883667872947,0.882039831182,0.880476523721;0.845312482957,0.844005636922,0.842760755184,0.842432167819,0.844556633407,0.849557624896,0.855583083186,0.860813371754,0.864997115831,0.869348062701,0.874993786309,0.882425432733,0.891062404897,0.898990185675,0.906147785448,0.918307799062,0.909337399629,0.910856293961,0.884562446977,0.838428337599,0.856461918791,0.88722730343,0.894935779622,0.8958371681,0.895306445154,0.894738593725,0.894133801067,0.894091704035,0.895417803371,0.899158336385,0.912627295856,0.910699545553,0.901984706574,0.89965310537,0.898444683161,0.897414949223,0.896311882775,0.895073138224,0.893700790494,0.892219625175,0.890660982642,0.88905563551,0.887430577925,0.885807896224,0.884204776635,