Gata6__poly=[0.207075131473,0.208325990788,0.209765078392,0.211444872261,0.213434322595,0.215811775361,0.21861969658,0.221717174031,0.224497375584,0.225799946079,0.224469252134,0.219867343308,0.215059525488,0.211767431614,0.204417098326,0.193719910554,0.178804930566,0.155485027306,0.162411083679,0.155639712567,0.151721695515,0.144470433076,0.115303423389,0.130147724559,0.123621612725,0.128470871413,0.12340606858,0.115192282132,0.114847013447,0.104581723085,0.104311731461,0.124333866141,0.0975756199269,0.0817590628135,0.120699714938,0.120243500338,0.117772894476,0.132283954767,0.143398563399,0.148115488381,0.151199611017,0.153611474312,0.155644695689,0.15741632856,0.158985655371,0.160389268066,0.161653016496,0.162796691755,0.163836156991;0.208167321523,0.209574950722,0.211220842957,0.213189336047,0.215614634845,0.218715130816,0.222822095243,0.228252682853,0.234457530452,0.238428706798,0.237342510731,0.223741536924,0.189146484697,0.225508492939,0.218634312117,0.204225276578,0.184319582894,0.150649430955,0.167575115076,0.164359687179,0.151539771553,0.131348474425,0.144874188095,0.134183533782,0.128743759803,0.1292844379,0.124813828013,0.116946311681,0.118610685425,0.11877441566,0.122611310247,0.123073358432,0.115503372639,0.120562781859,0.158617078564,0.159634802681,0.153829436761,0.152244413774,0.153089250579,0.154356105557,0.155686813144,0.157033170806,0.158355667013,0.159625306479,0.160825544215,0.161949253984,0.162995305867,0.163966026457,0.16486555455;0.20910463889,0.210625600857,0.212413496974,0.214569516643,0.217270571481,0.220866030705,0.226129204761,0.234832117277,0.249989680496,0.263041388593,0.258727253048,0.265622630293,0.304239341897,0.253804722288,0.242501477087,0.219169326607,0.19561197577,0.154213446608,0.131042896151,0.188388325497,0.208115854502,0.179358523979,0.157521517526,0.132757726834,0.124588500317,0.131168642076,0.127533265802,0.121817117695,0.123744281534,0.124135452827,0.124025993745,0.122621856637,0.116820775756,0.160411248346,0.241909690825,0.255740821729,0.184318141941,0.168266538067,0.162504731107,0.160560551575,0.160181365289,0.160491855668,0.161123339799,0.161901265027,0.16273584148,0.163578807467,0.164403940762,0.165197318468,0.165952085148;0.20986687474,0.211449667263,0.213299190203,0.215504116973,0.218212305149,0.221722786955,0.226855629717,0.236737547777,0.266663331736,0.438287426035,0.281379407226,0.293862526618,0.287314774892,0.310169892354,0.30388871203,0.236358701506,0.206021072915,0.174568077582,0.180998151577,0.20845336039,0.312606280274,0.198725871948,0.167855338432,0.150036125178,0.1383830501,0.139262579068,0.133413749164,0.125423083965,0.134376568487,0.134736354811,0.129670336174,0.121272179117,0.139274943114,0.164136497012,0.187358071859,0.233635188376,0.198855663323,0.1770570057,0.169102427409,0.165617146943,0.164159265082,0.16370564284,0.163777977834,0.164133322403,0.164639905059,0.165222786252,0.16583803838,0.166459527749,0.167071712989;0.210447652544,0.212043575878,0.2138827686,0.216017276637,0.218495558073,0.221310461586,0.224146588102,0.225929975355,0.2405267935,0.259217019657,0.277021564812,0.357820448892,0.29094648355,0.33382122601,0.291131431085,0.243096793542,0.220037157565,0.201744559691,0.19040932823,0.194594968069,0.202266798887,0.187626575137,0.170283751616,0.150817141317,0.146276037675,0.147030868435,0.144158174783,0.14229154513,0.14325769187,0.144261634254,0.144830909233,0.147326644894,0.159632037092,0.179643622069,0.191161308649,0.194490553104,0.18811936335,0.178750949479,0.172636156135,0.169195492467,0.167374382112,0.166506277401,0.166203074849,0.166238186161,0.166476359057,0.166834831709,0.167261877875,0.167724672114,0.168202206005;0.210851896025,0.21242305476,0.214207438401,0.216223609071,0.218436505409,0.220604905119,0.221541435852,0.212489593699,0.218627091626,0.198697812473,0.251032888994,0.266858887764,0.274633289,0.27744867438,0.262001100526,0.240097229092,0.234068311238,0.228824620989,0.190479872405,0.179460133757,0.18322189697,0.179891578638,0.170812144431,0.159747905668,0.154709537573,0.15335678265,0.150850569416,0.148640165563,0.149811881606,0.152600566046,0.156033002305,0.162568720424,0.178580209193,0.24114856008,0.216967482167,0.191809649287,0.184157470577,0.178618843431,0.17444501924,0.171629040031,0.169874758517,0.168863657348,0.168351792077,0.168170172301,0.168205299926,0.168381376032,0.16864759579,0.168969701922,0.169324473973;0.211089510562,0.212608298371,0.214318501946,0.216230275003,0.218303129113,0.220359368579,0.221913415826,0.222454237721,0.22302751728,0.225716215041,0.243206368659,0.226718656848,0.275350475163,0.306949035092,0.260866303847,0.227163903391,0.227958857272,0.216401202238,0.184826826015,0.178265077465,0.179255593503,0.177172895368,0.171402688777,0.165440970534,0.160975674528,0.157829597197,0.154668055209,0.137164021234,0.152676758678,0.159537859038,0.164208309306,0.170888230765,0.183837646675,0.211078776092,0.206103951575,0.189831200641,0.182893669923,0.178684051297,0.175616274649,0.173385306771,0.171842161897,0.170836910872,0.170232334374,0.169917350419,0.169807857183,0.169842237114,0.169976019834,0.170177308053,0.170423271553;0.211169280981,0.212609730178,0.214230600428,0.216057530776,0.21809255726,0.220290674668,0.222552182047,0.224653766286,0.224368528134,0.220109695294,0.250493704248,0.282448608017,0.152497158911,0.281389153507,0.256515724722,0.218041164523,0.206338824223,0.202778986137,0.184903256966,0.182576471865,0.180503417281,0.176137733276,0.169548461936,0.165653254697,0.162594532038,0.15757373918,0.158574462359,0.157604718743,0.161427502703,0.166563186936,0.170997210684,0.175984778621,0.182366644621,0.188770225219,0.189493310498,0.185618539215,0.181816378343,0.178860052077,0.17655467348,0.174776658782,0.173453306483,0.172512796326,0.171881096259,0.171489831005,0.17128110883,0.171208487723,0.171235875493,0.17133573479,0.171487277902;0.211096823196,0.21242248578,0.213918761327,0.215642085088,0.21764780754,0.21997887416,0.222696045375,0.225953503662,0.230329252193,0.239202969917,0.260445936959,0.361886913504,0.271901387596,0.264571352791,0.281739842644,0.236993737464,0.210691266785,0.197922663736,0.181612478446,0.182397292968,0.180469974725,0.175356609414,0.158093678953,0.162238461455,0.163923061894,0.140476270673,0.1629871471,0.166975099371,0.170135041792,0.17412789566,0.17824271328,0.18162765854,0.183970663025,0.185327004994,0.185106835516,0.183419219445,0.181241725327,0.179184336012,0.177420328991,0.175974906739,0.17483462388,0.173969512609,0.173340847843,0.172907699393,0.17263162208,0.172479057838,0.172422035451,0.172437913222,0.172508703792;0.210878517264,0.212030047889,0.213321119579,0.214857186942,0.216768852041,0.219140296799,0.222055236083,0.22581616858,0.231145580129,0.239571495018,0.254198841455,0.272893168602,0.264034781738,0.269866941011,0.324437432639,0.22888193782,0.197807138559,0.190734690013,0.187160574262,0.18300700826,0.179392721771,0.175545361374,0.170944193487,0.169769190729,0.169893780298,0.169069882865,0.170921424844,0.173764582276,0.177341183017,0.182470134778,0.18837954828,0.191427108901,0.189347465816,0.186788644101,0.184877970808,0.183109421478,0.181365971893,0.179737027223,0.178296048951,0.177071589148,0.176065519729,0.175265060962,0.174649088128,0.174192589597,0.173870005989,0.173657390655,0.173533526979,0.173480302383,0.17348263736;0.210533073035,0.211418677077,0.212334695219,0.213458740937,0.215146842788,0.217521836411,0.220345562431,0.22396054506,0.229068841744,0.235712780156,0.243982109637,0.25238486811,0.25407113555,0.24339555042,0.228602486048,0.185641620321,0.186432216793,0.165557634269,0.184779388558,0.175080577423,0.173985708667,0.171665265963,0.17072586347,0.173026039722,0.174880105853,0.175788633532,0.177112608182,0.179439940562,0.183501840111,0.191674045834,0.207140606359,0.22181897097,0.19776500784,0.189646302641,0.1859777346,0.183703581419,0.18195349455,0.180474048781,0.179197901924,0.178106521954,0.177190123529,0.176437463008,0.175834124447,0.175363327998,0.175007362439,0.174748880645,0.174571793468,