LATS2_OAC1=[0.574955100078,0.575916441218,0.577475670628,0.58013033821,0.584554807947,0.591288438627,0.600076852438,0.608768924242,0.613668825333,0.613334188571,0.581105861405,0.595377748495,0.661901939468,0.729178893204,0.718833555569,0.711683302536,0.723900910798,0.708173883972,0.665220657334,0.635659355213,0.616783558075,0.598680515754,0.566727111807,0.549723775449,0.574054295338,0.586847323317,0.593028652918,0.598868093012,0.606539184912,0.613508979827,0.616625503736,0.616833863643,0.616304124599,0.615852078461,0.615606435023,0.615525401269,0.615532697763,0.615548628859,0.615503036284,0.615346104612,0.615054859059,0.614631865726,0.614097451204,0.613480159163,0.612809286405,0.612110635266,0.611404847077,0.610707278563,0.610028621055;0.570987091608,0.5709988006,0.571353852364,0.572774814289,0.576752007788,0.585254888031,0.599577918542,0.619700195363,0.620409451959,0.619535412412,0.62372622261,0.644271701439,0.674850875506,0.699973214444,0.720773399449,0.72449774835,0.726092898279,0.672051312463,0.635005980204,0.596916830636,0.598022069732,0.603181687365,0.595972192025,0.591511373177,0.597262873283,0.603868442208,0.603805691849,0.60396697676,0.606446956231,0.609654984859,0.612090841173,0.613446146076,0.61416261128,0.614655149639,0.615117899702,0.615597172551,0.616059961689,0.616433300259,0.616636773931,0.616614066405,0.616352106139,0.615878343065,0.615242890384,0.614500111225,0.613697672117,0.612872699283,0.612051879111,0.611253097895,0.610487423494;0.56677260679,0.565415600302,0.563636818229,0.561888234669,0.562651180559,0.572605419576,0.595109419828,0.645422915667,0.620156257914,0.619545731449,0.643632761258,0.684777192434,0.704836776315,0.700380458637,0.705016906955,0.735960970787,0.698993661546,0.641177150686,0.595123142682,0.547791197697,0.591033094008,0.616333632255,0.61197015433,0.607720566569,0.619097289374,0.648875334356,0.614147109997,0.606620716129,0.606255827353,0.607902465671,0.609828407962,0.611462084013,0.612776909672,0.613913533622,0.614989800523,0.616045256123,0.617035352459,0.617846927921,0.618344420461,0.618439850685,0.618137489843,0.617517016105,0.616683650169,0.615731286564,0.614730147085,0.613727988425,0.612755031867,0.611828813521,0.610958125732;0.562725538698,0.559734847075,0.554959785468,0.546883499041,0.531907294792,0.541030290103,0.58220850025,0.664817099266,0.569398965656,0.59870854873,0.642052574722,0.724564266551,0.76608639448,0.712452890372,0.706227620775,0.776037072741,0.667776692715,0.602767502133,0.495570891682,0.583783900262,0.627966951581,0.684379215862,0.625233212612,0.610790605605,0.617085763421,0.633060844854,0.610419694221,0.604436265781,0.604642866825,0.60640150298,0.608398997493,0.610270081889,0.611983768752,0.613625175201,0.615285057118,0.616994179165,0.61867188262,0.620098561693,0.620982161673,0.621143513136,0.620641871976,0.619688458686,0.618494219386,0.617206694021,0.615915724443,0.614672638431,0.613504341304,0.612422318481,0.611428632996;0.559459112191,0.554965585958,0.547358325852,0.5327896204,0.49621200164,0.502508127402,0.553148624346,0.563703883678,0.542026865526,0.556261104958,0.616802785586,0.714044277107,0.763427891729,0.742568158149,0.720143213095,0.679143023242,0.639987223636,0.473269132091,0.568475085167,0.545661199935,0.6144638587,0.638419437177,0.609388665331,0.599027981687,0.59764078443,0.591725120484,0.591790281811,0.597393819389,0.601709585395,0.604843414687,0.607357329915,0.609549653738,0.611614532967,0.613717098816,0.616000251648,0.618546342327,0.621271705145,0.623754539279,0.625253461914,0.625306632955,0.624211930375,0.622558718837,0.620740207452,0.618941663524,0.61724560794,0.615687583392,0.614277941352,0.61301272663,0.611880656053;0.557717973709,0.552125288518,0.543044723684,0.525740195433,0.456125061469,0.500672763736,0.534313338026,0.546981962074,0.526650950126,0.590140463075,0.639719062608,0.688102273293,0.697609828013,0.69693872338,0.681605314282,0.659813505872,0.636868633685,0.613005242032,0.602768614531,0.593180749692,0.608281957042,0.604133401099,0.505321812928,0.57790267008,0.582480290032,0.515297861151,0.561069243532,0.59018273404,0.599231879177,0.603723137394,0.606721184447,0.609184428332,0.61153962981,0.614070226496,0.617039493893,0.620717148328,0.625249801802,0.630046143797,0.632887012388,0.632102406361,0.629318862657,0.6262682963,0.623445009697,0.620915549835,0.61868234922,0.616732070718,0.61503852252,0.61356874068,0.612289190127;0.558655626754,0.551676855288,0.54239570627,0.528544960736,0.501230207467,0.488459532217,0.508675596346,0.521357055176,0.567488135091,0.624829061663,0.666947867673,0.677894767958,0.674921323273,0.698199492725,0.660750766049,0.648087175543,0.636670745982,0.628365579924,0.637695850095,0.653927473628,0.618469197462,0.610065337421,0.608041506575,0.608809278127,0.58966797372,0.558000283313,0.571158633463,0.590916114975,0.599195374486,0.603597980694,0.606594763385,0.609117072501,0.611635227492,0.61450600277,0.618144764377,0.623200473704,0.630807285996,0.642077321835,0.650018826479,0.643911396114,0.636258111771,0.630793468251,0.626552168242,0.623055496256,0.620149051682,0.617737388203,0.615730671387,0.614048151479,0.612623019383;0.56634392737,0.553204202803,0.542929322595,0.534052720942,0.521175834903,0.514598075276,0.520503866268,0.530323470873,0.575671078267,0.634138165381,0.635156204602,0.640199148761,0.644466013601,0.644681126368,0.642712289069,0.639788528359,0.634595781441,0.631065351275,0.631099718445,0.629189582454,0.622036187513,0.619207646843,0.632960963782,0.626012424961,0.603608304063,0.593306925632,0.592478302864,0.597073221446,0.601291423646,0.604406747615,0.60691153455,0.60924765651,0.611758876362,0.614797785475,0.618878934766,0.62501552688,0.635912441125,0.663080990951,0.731343322212,0.660764145426,0.643965063958,0.635924121601,0.629961656711,0.625229993301,0.621517191081,0.618601296722,0.616280425491,0.614399543496,0.612846868134;0.597785453857,0.553041620884,0.540118931812,0.534252013376,0.543323284003,0.555477524956,0.542025780927,0.416666374795,0.641857167441,0.638849979825,0.622550705648,0.624381100864,0.61926011211,0.489071566405,0.657669537781,0.636546007343,0.632515371266,0.631780055477,0.631057583338,0.627675043387,0.62317021993,0.620323574679,0.619568017799,0.615866692344,0.608893509222,0.603667370437,0.601680939202,0.602237987315,0.603812528705,0.605593515088,0.607430445503,0.609424365682,0.611768864581,0.614750418854,0.618847253618,0.625003943854,0.635485747596,0.656746502792,0.682102434142,0.662429572457,0.651715410189,0.64227989384,0.633639342983,0.627202820867,0.622582527722,0.619185437679,0.616599967359,0.614567766295,0.61292579548;0.562603166502,0.543743725721,0.529994189845,0.51541193729,0.481290241833,0.562082480181,0.604270569477,0.582085071688,0.613273283899,0.609351185891,0.605063226293,0.6189787708,0.615587840144,0.611276384441,0.6321855891,0.630674624141,0.630826633137,0.636480687468,0.642340961905,0.63183305446,0.624417751564,0.620543900989,0.618106097239,0.615324646758,0.611742233179,0.608429218991,0.606331969463,0.605591752399,0.605830835487,0.606661641921,0.607892033866,0.609496955835,0.611565445039,0.614291509071,0.61801484664,0.623313135559,0.631075647846,0.641845984635,0.653028781006,0.665385893223,0.674846532959,0.652519974522,0.637042385091,0.628436758123,0.623042539928,0.619329776871,0.616603044744,0.614504634495,0.612831902017;0.542895341079,0.53086349304,0.509609207635,0.49623915818,0.499259559022,0.55670133269,0.578312135284,0.595561362234,0.582342227168,0.659994002277,0.647560538915,0.625096838116,0.616457546454,0.615976776251,0.620117231266,0.6241464549,0.628713148721,0.642291336559,0.717254144354,0.635195829544,0.624676173537,0.620972845412,0.619341304238,0.617663349117,0.614852070254,0.611642840598,0.609128774799,0.607673547317,0.60716143745,0.607366467343,0.608122896767,0.6093630199,0.61110978302,0.613470238824,0.616641410181,0.620917579993,0.626658657195,0.634251818544,0.64529249403,0.673568244041,0.772399014456,0.658371090789,0.637350192979,0.628051830528,0.622586039953,0.618909532777,