CBX7_OAC1=[0.00869742060042,0.00856509251974,0.00843040051203,0.00829562638037,0.00816377684517,0.00803585768003,0.00791234213198,0.00781644855984,0.00778597771067,0.00772265587944,0.00719053993649,0.00714444633641,0.00752446047632,0.0066540582581,0.00758387306145,0.00840921239085,0.00857484247129,0.00955016679982,0.0114876195851,0.013167718264,0.0148456317577,0.0164724896714,0.0176606016044,0.0191893606222,0.0220762484742,0.0244119559053,0.0262273165648,0.0276477012066,0.0288108681858,0.02994384038,0.0313258630581,0.0329745281805,0.0347782058029,0.0366845146062,0.0386533125004,0.0406162987468,0.042470795007,0.0440926012897,0.0453625423538,0.0461973863754,0.0465701389176,0.0465097728951,0.0460839473206,0.0453767748399,0.0444713663504,0.0434400703317,0.0423408962812,0.0412176019663,0.0401015053621;0.00839753599917,0.0082357724099,0.00806510698695,0.00788756614782,0.00770925569625,0.00752999274073,0.00731597868072,0.00702806304386,0.0071249283003,0.0072511116358,0.00717366025139,0.00717834233339,0.00735733455353,0.00745033858785,0.00750750854391,0.00791697294157,0.00828899133632,0.010309337035,0.0118001273574,0.0130393909482,0.015088010878,0.0175135989662,0.0199713340282,0.0226381218995,0.0253774436384,0.0278511934574,0.0300640388469,0.0315857837195,0.0325552813353,0.0334009940736,0.0344426789898,0.0358138855391,0.0375226223155,0.0395283464753,0.0417589888743,0.0440971748183,0.0463701834367,0.0483635054769,0.0498677158947,0.0507431129506,0.050961244802,0.0505953427349,0.0497747927967,0.0486390657684,0.0473105331971,0.0458850083841,0.0444320756039,0.0429992165385,0.0416167637024;0.00809946690352,0.00790615004854,0.00769277148108,0.00745591264645,0.00720886156014,0.0069875648785,0.0066998767318,0.00591992766491,0.00644724455764,0.00675916875049,0.00675752978004,0.00650135804401,0.00668013094398,0.00739590193007,0.00784681602364,0.00744538968063,0.00878843161289,0.0104879309928,0.0116591062521,0.0124398369833,0.0151769488289,0.0181670305071,0.0218101195935,0.0258536896387,0.0291270376313,0.0301172827674,0.0352558984018,0.0367107420663,0.0369092694493,0.0370356177232,0.0375814092058,0.0386973069336,0.0403932454752,0.0426232847154,0.0452980128568,0.0482574209061,0.0512353095959,0.0538605744587,0.0557454785965,0.0566429872187,0.0565475673426,0.0556475372445,0.0541983575172,0.0524297471407,0.0505142996742,0.0485699921221,0.0466720709435,0.0448648359544,0.0431712352468;0.00780708344131,0.00758330783279,0.00732371633419,0.00700107472694,0.00655843901654,0.00632964036781,0.00614433540082,0.00486507789784,0.00585272774407,0.00619982881417,0.00621168244877,0.00548257619024,0.00519466009277,0.00699716457384,0.00770972800825,0.00620015200553,0.00929919349914,0.0104517474691,0.0101427209905,0.0136483907472,0.0153065134805,0.0160836198175,0.0233597553504,0.0299743396477,0.0363873442418,0.0406421182849,0.0450694937297,0.0441722354595,0.0421155190571,0.0408351995835,0.0406524828252,0.041497940574,0.0432707374861,0.0458942185478,0.0492847104544,0.053272709892,0.0574851911029,0.061263303322,0.0638103907377,0.064636834532,0.0638599553515,0.0619830037352,0.0595147990122,0.0568116103556,0.0540900132782,0.0514734436169,0.0490264225873,0.0467763794863,0.0447281645832;0.00752300897755,0.00727590893728,0.00698012097816,0.00658297696977,0.00590623664868,0.00570920138398,0.00590887407936,0.00571775854962,0.005486787963,0.00552477541605,0.00575736276475,0.00545554644842,0.00512312428185,0.00615319218642,0.00725409954965,0.00881351148916,0.00990838533875,0.00866211541134,0.012044627746,0.0132139770957,0.0165155834576,0.0193347949628,0.0255856492677,0.0350610159131,0.0498570106677,0.0672197313931,0.0661116836154,0.0548810996912,0.0477542826811,0.0443758290055,0.0433645465234,0.0440028350612,0.0459815553217,0.0492052105775,0.0536726122039,0.0593333035277,0.0658012361875,0.0719107389777,0.0757479137795,0.076118129591,0.0737206968315,0.06998547495,0.0658655818324,0.0618062446524,0.0580028725104,0.0545375880787,0.0514322472099,0.0486747698933,0.0462359699824;0.00724421622259,0.00698756733642,0.00667977451789,0.00625806941284,0.00522936584707,0.00550378328107,0.00561136946605,0.00548862295706,0.00505997387906,0.00548352737775,0.00576169091844,0.00583320805141,0.00639238952736,0.00709668959987,0.00815611719547,0.00939470842696,0.0105543779657,0.0116510695943,0.0127971666957,0.0143378411351,0.0178103523736,0.0216135640219,0.0233586845975,0.0381531426905,0.0667532905467,0.181363132205,0.110709943801,0.0651818526755,0.0518516015866,0.0467896135879,0.0452930679515,0.0459456912422,0.048296532648,0.0523155991496,0.0582371107719,0.0664627887136,0.0771770061209,0.0888003845832,0.0957801803778,0.0939450054998,0.0872649694274,0.0799809993754,0.0732923565312,0.0673497960039,0.062149863136,0.0576529683659,0.053789878876,0.050476182796,0.0476271591408;0.00695304713903,0.00671000545298,0.00641735488751,0.006035196372,0.00549083703243,0.00512037270489,0.00508519870365,0.00490466793629,0.00466761160601,0.00503343723044,0.00534099351643,0.00591486008738,0.00668009805808,0.00685886642321,0.00852621329682,0.00974799377973,0.0109944085611,0.0122630369102,0.0132051329187,0.0143347971922,0.0185853947076,0.0224022155248,0.0264058372539,0.0371684870539,0.0622312327179,0.113633335354,0.0938072545377,0.0635023857865,0.0518873540227,0.0473017594134,0.0461046259772,0.0470997508564,0.0499638186441,0.0548523888,0.0623896496007,0.0739303184672,0.0921068410094,0.119547594727,0.138973068561,0.123948566847,0.105201370256,0.0918975074345,0.0816450663451,0.0732535682035,0.0663336198185,0.0606433317681,0.0559565584312,0.0520709856074,0.0488196959483;0.00658177790654,0.0064273619245,0.00616789939367,0.00581581807874,0.0053717201671,0.00503300045103,0.00484354737214,0.00458419729797,0.00435353222226,0.00491640762022,0.00574926042048,0.00643000288,0.00699418819792,0.00754957467307,0.00861253092981,0.0098888873572,0.011229475295,0.0126250134434,0.0141409238294,0.0161545804742,0.0190460491362,0.0225616685091,0.0262622965586,0.0339606747542,0.0470965979659,0.0593396533366,0.0602132420092,0.0536193513094,0.0484628089634,0.0460320499167,0.0457885000675,0.0473715289372,0.0507733341979,0.0563713644535,0.0651385488079,0.0793811512466,0.10562494265,0.172078058779,0.339700222263,0.166177086825,0.124902880751,0.105211549247,0.09067151864,0.0791884250044,0.0702326853791,0.0632520885691,0.0577454335612,0.0533279915201,0.0497223323971;0.00588222291775,0.006165371021,0.00591866611739,0.00553383945383,0.00505222912514,0.00478949025413,0.00449875617481,0.00324685698669,0.00409635313971,0.00477738391962,0.00570454483262,0.0064968348842,0.00711118285687,0.00600898395521,0.00772953598047,0.00984647349612,0.0113102546659,0.0127319518761,0.014346609039,0.0164023543252,0.0190072566779,0.0221989902084,0.0261623258628,0.0314733411747,0.0379506361896,0.0435103218355,0.0458180048191,0.045294525272,0.0441687212642,0.0437979805657,0.0446238328783,0.0468206654183,0.0506320974776,0.0565593711851,0.0656283361659,0.080053098489,0.105321222953,0.157228297368,0.219327997821,0.170932324751,0.144594377574,0.121444317562,0.100285749526,0.0845715786914,0.0733423495237,0.0651359153825,0.0589370366396,0.0541078477775,0.0502453645008;0.00616386663106,0.00600841481555,0.00567624830681,0.00516540711094,0.00421955272051,0.0044862528673,0.00423566794843,0.0045029670059,0.00450055026076,0.00455904012235,0.00529349894115,0.00643472762182,0.00724306654124,0.00782805606058,0.00858230200186,0.00998832395445,0.0113137620113,0.0125197405959,0.0138326105115,0.0160446966805,0.0185468551755,0.0213648528554,0.0246380353701,0.0284288834313,0.0324718120394,0.0360308836757,0.0384018467481,0.039616846698,0.0403520236995,0.0413082846165,0.0429520818321,0.0456061656293,0.0496040097484,0.0554322304344,0.063901460702,0.0763992759792,0.095079817958,0.1212535378,0.148530626456,0.178759604302,0.201932184647,0.147122878757,0.109156141067,0.0880847176054,0.0749191494806,0.0659000086628,0.0593169351017,0.0542891405827,0.0503169814432;0.00622097410622,0.00588741944818,0.00539732840386,