CCND1__poly=[0.943986941072,0.943886670865,0.943769783976,0.943632565263,0.943468292077,0.943264423609,0.942998323197,0.942631709303,0.94210784497,0.941378655901,0.940479206589,0.939256713781,0.935634707899,0.927881869171,0.919551369265,0.914466889403,0.906858916129,0.8805153829,0.913672691413,0.932935150879,0.939282914728,0.944311800591,0.957182588146,0.95278140632,0.954757245718,0.95198877367,0.952938045015,0.955273407937,0.954822981658,0.95925441703,0.963023889374,0.941890116585,0.929283665347,0.902065630094,0.89028969303,0.840360550508,0.926384449379,0.934139604647,0.935612262533,0.937359887424,0.938591248736,0.939459039799,0.940094086786,0.940577499843,0.940958636589,0.941268256139,0.941526154093,0.94174548821,0.941935271127;0.944487388237,0.944457202103,0.944429231063,0.944408106631,0.944399314991,0.944407277557,0.94443176067,0.944463201949,0.944464315905,0.94436973008,0.944632631666,0.948361334905,0.955062350811,0.938075064368,0.931145101178,0.927162384351,0.926126423313,0.935114287597,0.931805883896,0.939823536921,0.948008941222,0.954761511692,0.948832809923,0.951671140614,0.952782666512,0.951687149311,0.95247452846,0.954592494174,0.952898517408,0.951307910119,0.945899700563,0.933207455738,0.894325668821,0.853457269345,0.902538483786,0.917297530503,0.928091447534,0.933250541433,0.935696380207,0.937287629906,0.938440193437,0.939295973353,0.939946215815,0.94045292443,0.940857785034,0.941188857076,0.941465248142,0.941700191378,0.941903027444;0.94500291244,0.945043843905,0.94510638849,0.945205357869,0.945362896542,0.94560921229,0.945979838164,0.94652361583,0.947364450301,0.948000717446,0.947889200277,0.950576371118,0.960947506151,0.944144938028,0.938328332386,0.935088108851,0.935373011063,0.946552101134,0.955971173177,0.944582638678,0.947912643956,0.94683061221,0.947265489028,0.952968098468,0.954458524182,0.951024859769,0.951530173719,0.952834894142,0.950909077102,0.9488033858,0.945081149339,0.938247133176,0.929329737215,0.914317706713,0.936756957601,0.939905109245,0.940309158932,0.936503301438,0.936828507902,0.937750529025,0.938624468191,0.939355991034,0.939951793994,0.940437003853,0.940836036768,0.941168591958,0.941449656126,0.941690418469,0.941899215507;0.945523643773,0.945632167887,0.945779331381,0.945990462734,0.946308197762,0.946803078247,0.947578423375,0.948725142749,0.950784004641,0.96194700342,0.950589213042,0.950786677007,0.949144385824,0.948047115198,0.945234894479,0.939397949365,0.939786955437,0.946151066032,0.945100381795,0.947836373243,0.954032738218,0.945153267376,0.944608809155,0.946804282937,0.949169185355,0.947833540389,0.949348448003,0.951752120644,0.947396042219,0.945840912742,0.94579299041,0.946854691333,0.937815571672,0.933282535678,0.938676801109,0.941325432092,0.941740228035,0.938476340265,0.93800332436,0.938412112614,0.938999046204,0.939570777382,0.94007749587,0.940513290976,0.940885346309,0.94120368333,0.941477793319,0.94171571106,0.941923944998;0.946041880611,0.9462106459,0.946429202551,0.9467302906,0.947174574885,0.947884004577,0.949142087406,0.951568964324,0.952992234309,0.95358882006,0.952387574419,0.955805032811,0.949006969136,0.949770429687,0.944498816634,0.940130982277,0.940205019385,0.941835374723,0.943068763308,0.94363508922,0.942652469712,0.94110184982,0.941102874962,0.944877565386,0.945129010489,0.944284754762,0.945166409824,0.945699514121,0.94500800799,0.944100171562,0.943325509804,0.942449279534,0.940041461145,0.938325441019,0.938557142498,0.939067266341,0.939217671349,0.938872646243,0.938787402838,0.939036471644,0.939436321474,0.939869373884,0.940283150225,0.940658770095,0.940992417869,0.941286420091,0.941545198761,0.941773521087,0.941975803493;0.946553749215,0.94677383994,0.94704637048,0.947404213093,0.947910538284,0.94869974405,0.950138525165,0.954173846396,0.955235108097,0.961353035808,0.953493638512,0.95205908609,0.949051463128,0.94565729339,0.941082259691,0.93739206607,0.944309781658,0.94022773296,0.941400400428,0.942224244181,0.938707310207,0.936124816485,0.935648147846,0.93781587191,0.939491540961,0.940584598675,0.942270885315,0.9437007898,0.943672904814,0.942969462027,0.942281006131,0.941559863897,0.941115271185,0.944270629605,0.941802615836,0.939819228644,0.939454592123,0.939348690217,0.939392417249,0.939584377614,0.939872907877,0.940201993773,0.940534542196,0.940850936077,0.941142686664,0.941407428886,0.941645849823,0.941859982778,0.9420523162;0.947060179725,0.947324753998,0.947636045078,0.948018864523,0.948520134474,0.949228640088,0.950303542677,0.951879983685,0.953706366526,0.955369554052,0.95480091138,0.961313719169,0.951606612665,0.948390403946,0.939022446719,0.926814443877,0.9245691559,0.932601223949,0.938684644604,0.937643538509,0.933415276234,0.929056972853,0.926439828369,0.928072243775,0.932642368478,0.936851824889,0.940273312423,0.948415921095,0.943752277098,0.94229030773,0.941847572444,0.941544809321,0.941589310063,0.942766016048,0.941897672306,0.940505911321,0.940032479611,0.939900671137,0.939933161971,0.940074628249,0.940288318485,0.940541215027,0.940807868595,0.941071642147,0.941323054989,0.941557497025,0.941773346557,0.941970675785,0.942150437661;0.947566588458,0.94787493411,0.948219234806,0.94861107974,0.949074176598,0.949651188519,0.950406636791,0.951447780232,0.953345590154,0.956623007876,0.954870612383,0.95992245846,0.975338035222,0.948258288591,0.936524003862,0.891072457318,0.879365803818,0.924638198291,0.933215365479,0.930858871793,0.926173294364,0.918393656438,0.905190189033,0.910098018083,0.925396163642,0.934798653192,0.938357327628,0.941285694777,0.941808731794,0.941649129603,0.941695231105,0.941684626343,0.941643918922,0.941608547197,0.941294694195,0.940825499156,0.940524222763,0.940406164602,0.940416956866,0.940516775634,0.940676798995,0.940873563322,0.941088447772,0.941307939032,0.941523121156,0.941728660393,0.941921748045,0.942101231138,0.942266978698;0.948081040632,0.9484420927,0.948828760981,0.949236733647,0.949666659811,0.950130786396,0.950654925595,0.951284911554,0.952081299861,0.952858332385,0.954038670492,0.961052149285,0.953167502354,0.951864801621,0.944037946487,0.925347969362,0.91936381704,0.926647976462,0.930534844816,0.92503573661,0.919358778304,0.908606084932,0.835943499593,0.877981576503,0.920322750487,0.941118940228,0.936908361363,0.938755891756,0.940274268411,0.941294908917,0.94201013791,0.94223221991,0.942032930205,0.941727206415,0.941414716194,0.94113018025,0.940932656477,0.940841576105,0.940842813795,0.940914721616,0.94103718413,0.941192972811,0.94136798985,0.941551381,0.941735340168,0.941914635821,0.942086029469,0.942247725544,0.942398918762;0.948610932254,0.949046105249,0.949504945715,0.949963438453,0.950394250734,0.950787694745,0.951150198138,0.951478785501,0.951772817846,0.95207667563,0.952611429134,0.953195387633,0.951428170671,0.950257723005,0.951416582447,0.943178780314,0.937170215958,0.931557404935,0.923753194955,0.913695050277,0.910501446503,0.90974915414,0.901372080344,0.907135361537,0.921986417002,0.930827758518,0.935140121506,0.937729083079,0.939746324632,0.941654883692,0.943684964942,0.943985508997,0.942902016413,0.942158402981,0.941723007966,0.941452660592,0.941291702156,0.941218816805,0.941218008901,0.941273613161,0.941371068461,0.941497584463,0.94164241677,0.94179695913,0.941954666845,0.942110826885,0.942262239102,0.942406879729,0.942543595672;0.949157890302,0.949702797752,0.95029397302,0.950882514482,0.95137838758,0.951748326546,0.952043767363,0.952204425661,0.952150384926,0.952039293495,0.952015387713,0.95200804023,0.95164949805,0.950516615641,0.949231622405,0.951841954339,0.943005203704,0.941005127472,0.918362029681,0.86995782214,0.886258527722,0.913971738427,0.919192116237,0.921924214558,0.926681021864,0.931379805066,0.934874268713,0.937454095793,0.939683411681,0.94241368116,0.950185949805,0.948999021857,0.943917893396,0.942573507858,0.94202230659,0.94174803373,0.941607297942,0.941549734214,0.941552239288,0.941600155591,0.941682005952,0.941788136519,0.941910409159,0.94204213979,0.94217804263,0.942314114429,0.942447463075,