CD44__poly=[0.840517113989,0.840704090495,0.840963761485,0.841316363494,0.841783229573,0.842382948074,0.843125888467,0.844009507065,0.845028399456,0.84627428806,0.848160963435,0.850760303703,0.849806915357,0.842576988209,0.835254817912,0.829470663938,0.82764357785,0.835768813612,0.811171369753,0.797515626011,0.773040585838,0.774755011043,0.814135805078,0.753259256551,0.707083542346,0.720754823945,0.708279472585,0.696283278766,0.64803382862,0.602427015032,0.459154226797,0.569841749432,0.517565331731,0.605536204706,0.572671379536,0.523810448466,0.4966534889,0.558029628526,0.610603247882,0.636720923193,0.655042336918,0.66950158974,0.681519774466,0.691795257534,0.700742779608,0.708637710715,0.715675545825,0.722001277886,0.727725879324;0.842812880438,0.843178486653,0.843656115509,0.844283471155,0.845106864755,0.846177565208,0.84754414248,0.84924269536,0.851251071808,0.853493449994,0.8572492475,0.870310678033,0.89056676189,0.853919284738,0.841451631627,0.834073529875,0.832446213436,0.847230988253,0.80983624249,0.786593102536,0.716402265725,0.783258638407,0.766014460052,0.761988944338,0.746554905657,0.720681979064,0.687940534471,0.672204597294,0.66538346696,0.643322614546,0.617409545122,0.60904453316,0.596610826478,0.574932324681,0.571244518458,0.552722134399,0.560555679239,0.59158167102,0.620163219254,0.642012714756,0.658935224711,0.672688656366,0.684262179753,0.69422838532,0.702949030688,0.710670919193,0.717572219693,0.723786850859,0.729418500532;0.845099552031,0.845634021945,0.846318509542,0.847212740121,0.848399905477,0.849988317438,0.852102662438,0.854903014154,0.858743421276,0.862291102609,0.864149279465,0.873429938076,0.901807693646,0.861687281726,0.848262744434,0.838863685505,0.834167034906,0.851702666936,0.857481177089,0.763665417411,0.724479853214,0.746315503168,0.756063948645,0.772341169808,0.763130689537,0.719862210527,0.669265807387,0.638339484566,0.670604509415,0.667584295841,0.658405346623,0.651829086557,0.669448622322,0.607112830677,0.569034405926,0.521444242974,0.589150563996,0.613170059934,0.633066761695,0.650391922765,0.665063771443,0.677545809367,0.688309424129,0.697715032588,0.706025521242,0.713435111689,0.720091032602,0.726107705476,0.731575953042;0.847361537756,0.848046469863,0.848911518533,0.850039591593,0.851562154639,0.853686595447,0.85670563565,0.860867911323,0.867616015317,0.898687520844,0.8699902593,0.872175962508,0.86959973144,0.868094079811,0.861143186856,0.843952757676,0.838206362934,0.842922618085,0.815354218398,0.767191703796,0.710196129149,0.74308456213,0.747560473055,0.741383967965,0.736696404653,0.709878414362,0.66604870795,0.622002054188,0.66651047319,0.668473980542,0.672257422256,0.654793894723,0.620031588926,0.628956371904,0.62541469788,0.580069727261,0.61384116139,0.631293831123,0.646316192571,0.660258923393,0.672697552023,0.683700482223,0.693445171928,0.702117086155,0.709878571539,0.71686418036,0.723183973256,0.728928151423,0.73417115966;0.84959030078,0.850400702818,0.851405089198,0.852701644946,0.854464677095,0.857033712509,0.861181486856,0.868573202074,0.873294279978,0.875878527119,0.873824037037,0.884137252176,0.868009968853,0.871782160484,0.859743567871,0.847751630182,0.842025728435,0.834249282918,0.819019530254,0.795535607066,0.770854524837,0.758368591326,0.744133515067,0.697451056834,0.697960984963,0.704857480698,0.687337260263,0.673863095273,0.673327116983,0.671720051037,0.665837937945,0.647695948577,0.633810319127,0.630146306954,0.626735692364,0.626415868254,0.634882980435,0.64745225798,0.659493008438,0.670792036957,0.681230651466,0.690761293033,0.699415265154,0.70726344537,0.714388671612,0.72087202511,0.726787419198,0.732200163416,0.737167189169;0.851787897786,0.852698132666,0.853793821501,0.855169236212,0.85700025963,0.85965418673,0.864123789549,0.87566916657,0.879147534254,0.896249766856,0.875991599484,0.873337004615,0.867384331641,0.862221467412,0.856393586013,0.852031878287,0.86483341664,0.84202900598,0.829014594368,0.815628001674,0.790619850526,0.770111600916,0.750526427772,0.720890183885,0.709724165548,0.706959627933,0.693232308462,0.677689026921,0.674876037817,0.675343644293,0.670662426381,0.660963174491,0.646454826235,0.599185642539,0.621107433977,0.643999720575,0.653758968099,0.663024894196,0.672384701712,0.681522155708,0.690229741537,0.698395595813,0.705977586944,0.712978795463,0.719427339299,0.725362881174,0.730828751724,0.735867775115,0.740520258818;0.853968715777,0.85496196713,0.856110961084,0.857484511827,0.859210005591,0.861525640645,0.864855249912,0.869548441542,0.874901726682,0.879787053754,0.878668923827,0.896630304772,0.87212067285,0.868603026824,0.859794200035,0.858128516284,0.852597263632,0.841105484816,0.836071898041,0.819941270139,0.798376152634,0.778857840716,0.7613994888,0.742755445311,0.725334337859,0.709827929928,0.691141178144,0.606327316822,0.66445315652,0.679360595766,0.677602577367,0.671022926203,0.659893563173,0.638712037826,0.644649973538,0.660503575272,0.669532783589,0.677178759128,0.68469094588,0.69213785416,0.699393721144,0.706346255329,0.712926477668,0.719103013459,0.724870692572,0.730240556542,0.735232675878,0.739871469131,0.74418283572;0.856157772668,0.857236378785,0.858429587182,0.859767677044,0.861311859966,0.863171412211,0.865509233502,0.868594833466,0.873935693366,0.882880808505,0.878011584663,0.891079208156,0.931985671516,0.855922542142,0.851060907144,0.859067227604,0.851792247221,0.836869464486,0.832821798435,0.816608231193,0.800242109757,0.785677316354,0.772792405926,0.754273645262,0.727849386946,0.697150720433,0.69344997011,0.679121762708,0.682231888762,0.686775112598,0.684372246865,0.679897442054,0.674939481623,0.670903405675,0.672250001036,0.677957560778,0.684162549279,0.690249592486,0.696352401951,0.702473830928,0.708529739312,0.714428493449,0.720100184915,0.725500793752,0.73060796724,0.73541513273,0.739926271821,0.744151935236,0.748106431349;0.858385046993,0.859579059302,0.860850318753,0.862184429071,0.863578377256,0.865056995916,0.866675461489,0.868531315321,0.870738491538,0.87269356386,0.875292690233,0.892769928812,0.864367339064,0.804156526014,0.830911033424,0.848731566841,0.84188823034,0.831499038252,0.831021661196,0.816402636814,0.80273817222,0.791062253169,0.794256266805,0.767858964484,0.730411850711,0.613476655063,0.700306646141,0.703924530353,0.699674065312,0.694014479042,0.687382986333,0.683903218996,0.684253786016,0.685976866341,0.68882155089,0.692867382117,0.697521036583,0.702401328529,0.707400780431,0.712464832362,0.71752729886,0.722518548528,0.727378883523,0.732064094122,0.73654538457,0.740806850864,0.744842386138,0.748652857297,0.752243829353;0.860676079252,0.862049648396,0.86348838089,0.864924157083,0.866278224331,0.86751630057,0.868641470136,0.869619967246,0.870400848891,0.87100198275,0.871792727267,0.871724061486,0.86252906256,0.850966937838,0.864438457547,0.858025902583,0.839441760037,0.812353497773,0.816868482469,0.814990888551,0.805803026517,0.793300549257,0.781053609305,0.766045070331,0.746916075703,0.729059809082,0.723577187808,0.718978009504,0.710197462951,0.6958291504,0.675584953139,0.673478307276,0.686730393359,0.695568940659,0.701097202862,0.70549250069,0.709618737265,0.713728688098,0.717888476641,0.722099520764,0.726331072866,0.730538810051,0.734677890097,0.738710123061,0.742606590793,0.746347603095,0.749921430022,0.753322665277,0.756550648406;0.863038225402,0.864692699322,0.866468237692,0.868230271324,0.869733161286,0.870881818432,0.871803430309,0.872318186553,0.872179395764,0.871747407521,0.871303308284,0.870517137702,0.868433048615,0.865114464216,0.864371225612,0.872937345736,0.835617891003,0.724191445149,0.814491347715,0.824830111816,0.814041507667,0.796134207393,0.771327329625,0.763549351923,0.757984894696,0.749305210541,0.741077481934,0.73233667585,0.719774443987,0.695569603354,0.606102617986,0.6231093645,0.686746106387,0.704257012016,0.712100854752,0.716975744786,0.720850182108,0.72440873659,0.72789818908,0.731398543942,0.734920107404,0.738443560721,0.741939267089,0.745377085553,0.748730987052,0.751980721337,