CD48__poly=[0.0871925799389,0.0890552776482,0.0911961590432,0.0936911209463,0.0966335011662,0.100121628829,0.104209567556,0.108774094135,0.113312884006,0.117092259772,0.119972351625,0.121743659912,0.120102163541,0.111323404901,0.0978894923575,0.0852053245452,0.0732519677658,0.0599901884672,0.0595302475236,0.054355342649,0.050555186253,0.0462086404814,0.0356069141265,0.0395531495813,0.0380706776183,0.0403138078038,0.0390647800232,0.0361825598765,0.034774367635,0.0286774784904,0.0223807660124,0.02759126386,0.0229161511526,0.018334067254,0.0256107411229,0.0252219938385,0.0254713118877,0.0300562419798,0.0341764796299,0.0367090161351,0.0386344873164,0.0401912956928,0.0414851422497,0.0425780921764,0.0435120378574,0.0443173831847,0.0450171239214,0.0456291192735,0.0461675051652;0.0881047137492,0.0901462345265,0.0925352233678,0.0953952838008,0.0989073589121,0.103332815781,0.109017623267,0.116237826624,0.124374500203,0.130742482866,0.135396244095,0.140917285335,0.134380468252,0.135638239046,0.109875644748,0.0923690967723,0.0780788921471,0.0609843459825,0.0646329779875,0.0585805796783,0.0497063599822,0.0417294003105,0.0457506230961,0.0422327065362,0.040488330864,0.0406021448445,0.0388889075953,0.0357056103822,0.0347999180822,0.0325894015649,0.030902383079,0.0291384085821,0.02543302987,0.0228547876312,0.0257582845268,0.0266192382913,0.0284420387644,0.0316378210735,0.0346363526579,0.0370084196203,0.0388787337338,0.0403958913351,0.0416553090909,0.0427181868442,0.0436261879593,0.0444092805339,0.0450899308356,0.0456854915774,0.0462096622688;0.0888393320449,0.0910052450757,0.0935647715072,0.0966823995036,0.100626054914,0.105857625148,0.11324020742,0.124504714577,0.142371715618,0.156479790259,0.152176701691,0.177779990788,0.365096253376,0.16105001421,0.119581114205,0.0983446349304,0.0839334592773,0.0656334250445,0.0555113268149,0.0678568637552,0.0572716474219,0.0533287114228,0.0496040620077,0.0422859851256,0.0395538013904,0.0412278099859,0.0394151122872,0.0366691197753,0.0358199350207,0.0340506256549,0.0318344243447,0.0290792718166,0.0246560881642,0.0261662507439,0.0223018935435,0.0242270190032,0.0271961296171,0.0324007806573,0.0354277611887,0.0376297567365,0.0393676936103,0.0407869299083,0.041971183642,0.0429746620585,0.0438348084981,0.0445787963808,0.0452271169795,0.0457956771861,0.0462970968418;0.0893819957032,0.091603277018,0.0942244802996,0.0974250936465,0.101511452322,0.107047141452,0.115238106585,0.129506100089,0.165431595116,0.357461773588,0.159572488705,0.15324994543,0.166996612517,0.161988283954,0.124135153227,0.101374877923,0.0869446953826,0.0780508912077,0.109630696701,0.0937557073075,0.0568261761928,0.0578341671625,0.0533507511692,0.0482991976023,0.0442422900491,0.0438433159636,0.0410844020225,0.0374910492476,0.0386220943117,0.0368205035875,0.0332498625561,0.0286424723205,0.0293686465571,0.0294391209096,0.0276086451486,0.0280608015848,0.0299379885333,0.0339960305629,0.0366191640904,0.0385385007298,0.040072585501,0.0413436953795,0.0424172253205,0.0433354613727,0.0441283744763,0.0448183185344,0.0454225393021,0.0459546709151,0.0464256912731;0.0897433257873,0.0919505642874,0.0945161842157,0.0975981393287,0.101463943679,0.106570587081,0.113680070959,0.124201759379,0.15084944786,0.181408285891,0.150893879893,0.121155383445,0.137457329591,0.183361459394,0.128554316276,0.0986951210137,0.0859245929487,0.0842495197144,0.10432546839,0.0949826294722,0.0704405643412,0.0616516435619,0.0560069869138,0.049292699262,0.0471225263285,0.0464124638096,0.0443464142199,0.0423908258613,0.0410158710539,0.0393122653122,0.0370772914974,0.0347386874392,0.0336367579409,0.0331161802409,0.0328273171932,0.0333440247745,0.0345980552498,0.03641425657,0.0381717515604,0.039672706268,0.0409443690633,0.0420314431115,0.0429686749135,0.0437824075274,0.0444931473789,0.0451172152079,0.0456678135831,0.0461557575213,0.046589995366;0.0899626102276,0.0921051590006,0.0945219581343,0.0973186713546,0.100673198924,0.104851321792,0.110047090662,0.11348878563,0.137136958431,0.288825437583,0.141916958066,0.117672199468,0.114228144983,0.113143224115,0.102873837674,0.0890784456551,0.0710639500416,0.0756922970001,0.0761833285956,0.0717970289062,0.0675641721364,0.0626838337158,0.0578362896754,0.05296787542,0.0502018482828,0.0485539360717,0.0464106680827,0.0442125735899,0.0428094763159,0.0415503366248,0.0400053841195,0.0384345794751,0.0369702709253,0.0339252679467,0.035056499494,0.036533984678,0.0375168539451,0.0386375287684,0.0398086139011,0.0409154590425,0.0419159264223,0.0428062607624,0.0435949532192,0.0442933035573,0.0449124895505,0.0454626935547,0.0459528998697,0.0463909248618,0.0467835255634;0.0901052390396,0.0921710940747,0.0943999964799,0.0968260800992,0.0995264281095,0.102626850558,0.106280921605,0.110909708366,0.117811890714,0.121583442107,0.11163381104,0.0840064729229,0.0940623578562,0.088010691454,0.0853547381444,0.0783046694343,0.0737771373726,0.0724510753946,0.0679650059669,0.0666754600645,0.065458521639,0.0626184382002,0.0588622379662,0.0553741112262,0.0525164134643,0.0500897446614,0.0475963705075,0.0407527123767,0.0435652624192,0.043442282768,0.0423077727484,0.0410434991884,0.0397319654862,0.0380507652181,0.0381992152964,0.039132374951,0.0398343658297,0.0405765217297,0.0413699002969,0.0421645195757,0.0429219057137,0.0436236821077,0.0442642973192,0.0448446512331,0.0453685414337,0.045840881342,0.0462668287908,0.0466513689268,0.0469991264308;0.0902538290855,0.092289214832,0.0943705412084,0.096441496628,0.0984745102407,0.100489623333,0.102497323857,0.104219221295,0.103502527435,0.0966269407571,0.0961071781928,0.0789306331458,0.0439578188524,0.0802451459363,0.0779406002384,0.072113368939,0.0710305443535,0.0719285412503,0.0674212142795,0.0670385732267,0.06543956078,0.0624220613437,0.0585610373003,0.0557217300387,0.0532120838283,0.0500738915048,0.0487809787826,0.0467398826559,0.0459279247259,0.045242508547,0.04417585327,0.0431057597527,0.0421670996056,0.0414573035582,0.0412456155585,0.041453633141,0.0418228884395,0.0422840546636,0.0428080142961,0.0433610070289,0.0439135957356,0.0444461614579,0.044947929809,0.04541417585,0.0458438342612,0.0462378983909,0.0465984373284,0.0469280138969,0.0472293475393;0.0904921935801,0.0926253184391,0.0947142834434,0.0965689861099,0.0980187863879,0.0990206613925,0.0996249653675,0.0997067418649,0.098691418135,0.0961656266522,0.0908647725408,0.0730400487055,0.0813289855042,0.0744669651638,0.072248019665,0.074361694709,0.0734689354496,0.0719663592455,0.0670187334175,0.0671620025402,0.0655064579228,0.062288211674,0.0547596106928,0.054701818275,0.0537200979056,0.0446492334951,0.0500782474585,0.0493599227126,0.0480921750796,0.0467829147875,0.045496182398,0.0445285070264,0.0439317313742,0.0435500894715,0.0433668888664,0.0433792984292,0.0435350774497,0.0437894865319,0.0441119032498,0.044476165426,0.0448598170017,0.0452457334642,0.0456223116249,0.0459824896781,0.0463224868104,0.0466407187264,0.0469369964977,0.0472119755381,0.0474667906616;0.0908755266074,0.0933499154221,0.0958006527515,0.0977973425703,0.0988290760908,0.0987688991984,0.0980264761411,0.0970327847113,0.0958162111784,0.0940676256181,0.0912327402397,0.0877081704829,0.0874573332416,0.0832126708872,0.0717670877762,0.0726927299579,0.072167737196,0.0721680941741,0.0709467733775,0.0684032498625,0.0656084811876,0.0625892769107,0.0593195751762,0.0572829013669,0.055675501028,0.0537002912526,0.0524271119246,0.0511593634581,0.0496121287285,0.0477423280619,0.0455737187613,0.0447344851436,0.044999461821,0.0450600051649,0.0450019195389,0.0449671345218,0.0450028776058,0.04511169506,0.0452817382477,0.0454971603076,0.0457421588364,0.0460031227096,0.0462694986014,0.0465337467898,0.046790851517,0.0470377236573,0.0472726612158,0.0474949201014,0.0477043944777;0.0913700900438,0.0945685145288,0.0981337583898,0.101260176105,0.102267726355,0.1004924143,0.0975892391088,0.095225807423,0.0938541303257,0.0930452505812,0.0926099218074,0.0933137904237,0.096930128722,0.0998230176362,0.0894569677567,0.0727393737233,0.0756344985786,0.0672685179564,