CDH1__poly=[0.777935177524,0.783278927987,0.78894994971,0.794973036563,0.801369085135,0.808149423013,0.815309236931,0.822823651006,0.830661969969,0.838894821847,0.847900203514,0.857656162383,0.864211464719,0.865818638821,0.868489488308,0.873531612925,0.882268965078,0.897355121949,0.892407190136,0.895962049087,0.896910673034,0.899472741728,0.917698954556,0.903545502544,0.902786926284,0.892917831002,0.892477266856,0.896545368815,0.894929083697,0.903373650927,0.902839660364,0.887295280461,0.916262544921,0.934083640953,0.906753559045,0.906115417359,0.902788062037,0.882351254215,0.862898187183,0.849250731698,0.837791874259,0.827697631276,0.81862316217,0.810371334979,0.802809033319,0.795838017039,0.789382075804,0.783380213575,0.777782522877;0.77716409992,0.782715376448,0.788651556496,0.795017947756,0.801862161436,0.809226373596,0.817135409408,0.825584384394,0.834489509058,0.843706687216,0.854483619225,0.874140130398,0.89931175838,0.873190212977,0.870917984336,0.874246954639,0.882915669574,0.90285751236,0.892240637014,0.896092237084,0.904064743494,0.912118286573,0.895867633817,0.897305580948,0.89585966713,0.89034707538,0.890173554117,0.894478222776,0.891528803126,0.891207548224,0.889112508159,0.892764380975,0.906874466939,0.915963869527,0.903853999218,0.898564993866,0.889106737143,0.873729702799,0.85855402047,0.845490448295,0.834225154849,0.824277821987,0.815338627639,0.807210433386,0.799759093629,0.79288709487,0.786519853673,0.780598180257,0.775073816879;0.776067722383,0.781800794163,0.787978152231,0.794673745274,0.80197948069,0.810000181224,0.818834408735,0.828589536811,0.839550090093,0.850081345075,0.85872509616,0.874706752542,0.907816510856,0.877373091251,0.873620729671,0.874835428836,0.881183104853,0.90383661121,0.91960341534,0.895034031748,0.897357758416,0.891280598912,0.888335685314,0.897054026431,0.897291351023,0.886854358108,0.886304373643,0.889064022103,0.886261826547,0.886383461824,0.888889399508,0.895252783145,0.9093781899,0.90211090622,0.914935581249,0.905618318603,0.891693797984,0.868084935854,0.85260332526,0.84013023166,0.829357604536,0.819792305582,0.811159144841,0.803282642273,0.796042113505,0.789349370778,0.783136744003,0.777350311488,0.771945865096;0.774610436228,0.780484531219,0.786855534265,0.793831238585,0.801567951698,0.810292683029,0.820293578465,0.83173683218,0.846106838305,0.887178283645,0.861785965971,0.870706644288,0.874902412861,0.880366455958,0.881408904875,0.875265605675,0.880203403813,0.89427936151,0.891551708318,0.895014848336,0.905271336316,0.884101841137,0.879841757399,0.8813861039,0.883508308216,0.877516522933,0.879033213925,0.884138410345,0.875049436619,0.875620764347,0.883243387277,0.896114122247,0.890620338507,0.887785242742,0.892420737612,0.888261090076,0.878197303938,0.858735001555,0.844672224308,0.833248308832,0.823266814219,0.814298969124,0.806129292538,0.798623083981,0.791685883085,0.785246797211,0.779250067029,0.77365028872,0.768409515634;0.772765267669,0.778725021195,0.785214931738,0.792370681808,0.800414369184,0.809753254752,0.821281694216,0.836838854958,0.848860420247,0.858285951543,0.862646475291,0.880171509864,0.870656247183,0.881131264471,0.877151174003,0.874431006831,0.878211411019,0.882072995255,0.883463994725,0.88296223267,0.879139379447,0.873928759124,0.871498915394,0.876647898616,0.873432354917,0.867554894543,0.866470129684,0.865973833474,0.864355406021,0.8645075307,0.867378152419,0.871642676421,0.872167376493,0.870973381711,0.869143535929,0.864178344582,0.856104278174,0.845463071203,0.834806281032,0.825037746037,0.816117989145,0.807917273229,0.80033469985,0.793294570061,0.786737582882,0.780615479729,0.774887854098,0.76952013699,0.76448226344;0.770520878764,0.776502525442,0.783016216708,0.790203328186,0.798305141165,0.807792151438,0.819889168528,0.841066961167,0.851635586797,0.878244214432,0.861574963592,0.866153544797,0.867741619657,0.870200151411,0.871652273689,0.87430544798,0.891301902938,0.880653995178,0.879568590022,0.879114098452,0.870747096601,0.864852383989,0.862567226851,0.863627447522,0.861609501308,0.857883850906,0.856645173347,0.85655924772,0.854701480492,0.853045235626,0.853186950149,0.854306803674,0.855859210623,0.864424267827,0.856744475781,0.847573104581,0.840342599992,0.832403709103,0.824102185559,0.81594906323,0.808166715634,0.800813763247,0.793890956032,0.787380580707,0.78125932225,0.775502709714,0.770086784672,0.764988743504,0.760187163598;0.767887403998,0.773831457429,0.780274304509,0.787334406774,0.795208024021,0.804227932951,0.814934461042,0.827674612975,0.841358607512,0.85450508692,0.86083728885,0.888581342838,0.871458714233,0.87654368483,0.874297382832,0.87694788689,0.876918574163,0.873296924236,0.87578383982,0.870535838889,0.862268602036,0.856515179209,0.853923907808,0.852366769566,0.850688923133,0.849047788364,0.848685737646,0.863857527287,0.847598148684,0.841462218181,0.839676385967,0.839369403061,0.840245898313,0.843450190102,0.83959289261,0.832513506318,0.826363320233,0.819956570891,0.813227703545,0.80640363176,0.799679476404,0.793168240072,0.786925524905,0.780974668512,0.775321587637,0.769962721959,0.764889323884,0.760089858923,0.755551397641;0.764898321257,0.770766273641,0.777072138652,0.783890363213,0.791346011738,0.799633102647,0.809007964914,0.819840983359,0.834068983317,0.853060631962,0.855551466241,0.880118831196,0.932242217719,0.873626242767,0.872969674279,0.876980518426,0.872594422202,0.864265117519,0.865831031054,0.858383988166,0.852184624974,0.848755811884,0.848020033854,0.845703439758,0.843480686483,0.844173595679,0.839923925456,0.838674395747,0.833634183242,0.828516888515,0.825713739039,0.82438565999,0.824019513032,0.823662247061,0.821575498891,0.817725813698,0.813089496863,0.807937877972,0.802404676919,0.796660998084,0.790866918815,0.785140779018,0.779559568568,0.774169536195,0.768996299473,0.764052097432,0.759340575535,0.75485988157,0.750604676266;0.761606520584,0.767398728474,0.773556651742,0.780094104808,0.78706030245,0.794567066704,0.802786988711,0.81195679368,0.822322860919,0.833192784866,0.846046755522,0.877801592964,0.864496643495,0.874868116973,0.875450510223,0.86658036323,0.861642078546,0.857027064814,0.858965999681,0.849734162866,0.84377308935,0.84155538192,0.851638875034,0.842568481584,0.83626249977,0.856255755476,0.830022745248,0.823489694325,0.818744791413,0.814144073744,0.810447612599,0.808396850753,0.807888459255,0.807593207198,0.806329045335,0.803838169998,0.800395085619,0.796285309493,0.79171794577,0.786865925754,0.781874508421,0.776857241449,0.771896550306,0.767048902483,0.762351090093,0.757825712824,0.753485378037,0.749335744255,0.745377678792;0.758073283048,0.763848334368,0.769934971857,0.776257021701,0.782752734295,0.789478142938,0.796598506936,0.804260660248,0.812597909581,0.821838875303,0.83274102585,0.844550573738,0.849868154516,0.858903887425,0.875319710844,0.867647727346,0.861276476998,0.852669076108,0.845366971493,0.840527409714,0.836552960207,0.833785255012,0.832573183149,0.828685485238,0.824038971502,0.820986750047,0.815776900743,0.810233606704,0.804765970709,0.79862253714,0.792540297481,0.789296682544,0.790844827057,0.792473749181,0.792388364495,0.790861812853,0.788296928708,0.785006078451,0.781216894302,0.777102092128,0.772797542261,0.768409459201,0.764018382468,0.759683236221,0.755445622023,0.751333799175,0.747366019333,0.743553154312,0.73990069767;0.754346593815,0.76024090008,0.766484203918,0.77286285994,0.779015313158,0.784915304009,0.791009003366,0.797343615721,0.80390840691,0.81148195629,0.820442046777,0.830223192615,0.839395028039,0.846657511437,0.853795806923,0.870776417723,0.85665242512,0.862834124637,0.837896497579,0.839091165308,0.833676161193,0.830183518865,0.825924587586,0.818758882085,0.812396847721,0.807500504922,0.802731560527,0.797564330079,0.791394443421,0.782138711076,0.768729352028,0.752273427274,0.772496512281,0.778343673877,0.779533512648,0.778725057774,0.776781873164,0.774103300245,0.77092655262,0.767415981435,0.763695319206,0.759860601257,0.755986190405,0.752128636659,0.748329901943,0.744620244078,