CDH1_OAC1=[0.813773102121,0.819306184855,0.825139134642,0.831230984022,0.837525543379,0.844005280267,0.850657662535,0.857046507405,0.862526945449,0.868862816077,0.883034757193,0.889121552784,0.889040923165,0.907148243797,0.900277624181,0.896246950457,0.901162860769,0.897616425001,0.885955184611,0.879434817648,0.875040845895,0.87274136324,0.874619814538,0.874109576232,0.864687604822,0.85795387818,0.852485802181,0.847308425665,0.842195124998,0.836767215116,0.830300707953,0.823266292369,0.816562889678,0.810499727786,0.805073013762,0.800200215873,0.795786187803,0.791739048991,0.787976867145,0.784433476169,0.78106225894,0.77783565265,0.774740741995,0.771773466197,0.768933738125,0.766222320222,0.763639235109,0.761183176116,0.758851465668;0.814499562584,0.820548329482,0.827039708185,0.833931094908,0.841092661626,0.848524461151,0.856874113843,0.86679561912,0.869708841768,0.872618198957,0.879478752929,0.88518900193,0.888489779611,0.89349216607,0.899250718856,0.90075999238,0.90345721667,0.889060256932,0.883379535803,0.882377563908,0.876508085224,0.87054567073,0.866904271346,0.863386881002,0.859405770958,0.854859961349,0.848170839772,0.841463040013,0.835390602067,0.829569533697,0.823685423555,0.817772329777,0.812077507473,0.806784753292,0.801953248097,0.797562469465,0.793550062373,0.789833486432,0.786327990498,0.782964775464,0.779703022061,0.776529611699,0.773449441236,0.770474480599,0.767616606495,0.76488446184,0.762282744395,0.759812582373,0.757472279228;0.814968212878,0.821583783264,0.828896522066,0.836971710694,0.84550047036,0.853710401917,0.863504472274,0.883135929686,0.877246545158,0.876489980577,0.882096726902,0.89224731144,0.895369050629,0.891086554624,0.891928972656,0.904632895551,0.895949290931,0.886018851344,0.884603519105,0.888861657384,0.878792750342,0.871580287803,0.864631564602,0.859304105682,0.859043252229,0.865350275397,0.846201969706,0.836681400198,0.829697580377,0.823614849172,0.817959452458,0.812599207151,0.807558020099,0.802895166606,0.798640683823,0.794778289774,0.79124532243,0.787940897352,0.784750822722,0.78158786486,0.778420124793,0.775264494561,0.772159004115,0.769140608014,0.766236494667,0.763463473366,0.760829926082,0.758338040617,0.755985741338;0.815086801372,0.822251031716,0.830494279942,0.840416479348,0.85322213918,0.861416038259,0.868940212952,0.899381746138,0.883255488864,0.881403718959,0.886721067964,0.905240681126,0.915390380263,0.893191013077,0.89032138198,0.918289730797,0.887244535501,0.884344256462,0.898573951243,0.878124902866,0.879696997649,0.890648015582,0.865296840773,0.855993588212,0.854186501539,0.856104811739,0.841366128684,0.831601149879,0.824215029591,0.818002522059,0.812508664047,0.807528540862,0.802990565288,0.798885390919,0.795214722639,0.791955015528,0.789025576213,0.786267959183,0.783478526374,0.780514000924,0.777370527207,0.774140967629,0.770927560691,0.767802186017,0.764806820139,0.761963024213,0.759279249425,0.756755601677,0.754387098407;0.814785570572,0.822330242647,0.831302018712,0.842934561661,0.861312575573,0.868555873219,0.867214045245,0.875249539544,0.884482574901,0.888511755339,0.889419993841,0.90094623889,0.912616362564,0.901964876935,0.892638089448,0.879549486757,0.875846306122,0.901379643208,0.876829241031,0.880407896206,0.870214461189,0.871396453445,0.861017248902,0.85221793005,0.846563848212,0.842961864843,0.835328311482,0.826102665218,0.818484142234,0.812267042619,0.806984444262,0.802369245491,0.798301825604,0.794747447742,0.791710385246,0.789188943426,0.787102525484,0.785180999849,0.782959892688,0.780120841485,0.776789610311,0.773281424598,0.769811942476,0.7664813029,0.763331646751,0.760378406922,0.757622477335,0.755056340773,0.75266811952;0.814135527758,0.821699355822,0.830807612092,0.843026115382,0.870486100492,0.865917266485,0.866169673184,0.872604577152,0.886513112362,0.882134127196,0.882349230217,0.887778757613,0.884928605427,0.881114939177,0.873455096475,0.865695968378,0.861905038897,0.861769977648,0.864085603811,0.86597729503,0.8566958888,0.85483923232,0.875113201934,0.850791549678,0.841843238599,0.853981959473,0.834852963525,0.820270411859,0.812146954308,0.806103392697,0.801165373642,0.796979171546,0.793409217988,0.79043367115,0.788106492331,0.786530692243,0.78576558954,0.785455528006,0.784273868385,0.781160351888,0.777001398017,0.772800070229,0.76884685503,0.765179712764,0.761798144888,0.75869179214,0.755841892592,0.753224914596,0.750816466186;0.813621692945,0.820541374213,0.829018123397,0.84012051015,0.855745299532,0.86705994543,0.870152844188,0.877617239698,0.887122817941,0.883251276534,0.88260589352,0.878160637059,0.872015424786,0.878295691574,0.860273226421,0.852913265217,0.848020848874,0.846065252391,0.851565694604,0.858406502043,0.842353630732,0.841573929797,0.850969105162,0.844573533242,0.832687442471,0.833366544827,0.823306039046,0.811930889838,0.804709186712,0.799305697696,0.794924396283,0.791268002422,0.788239120713,0.785863471032,0.784289396477,0.783850358464,0.785200668135,0.789023049613,0.79119664165,0.785157701375,0.778241534552,0.772716806674,0.768019830254,0.763867156836,0.760168540399,0.756867284996,0.753907894759,0.75123874484,0.748815678095;0.815236851364,0.819304480212,0.826510272161,0.836528865158,0.849377760676,0.859601682137,0.866175405855,0.875370972856,0.884563231421,0.874487864719,0.861405314944,0.856268339707,0.856142397404,0.857191298367,0.849951588623,0.841155343828,0.833868391003,0.829105498773,0.827707770543,0.82694416437,0.824600887526,0.82522506824,0.83342152602,0.829654490223,0.818235543006,0.812900061005,0.807463829417,0.801439111233,0.796205329428,0.791869007181,0.788240293469,0.785202969069,0.782740150507,0.780938862327,0.780039487152,0.780615714845,0.784285665824,0.798025525716,0.837175868249,0.792291494894,0.779919047333,0.772936813208,0.767290659389,0.7624749781,0.758370582482,0.754846082038,0.751777860777,0.749068576443,0.74664622831;0.826694788513,0.817319342289,0.823663650778,0.834230991911,0.847849071452,0.855108970108,0.863703368657,0.902125815204,0.878016344968,0.860670031669,0.84354831944,0.839590796314,0.841879863585,0.878354218249,0.856264509243,0.830521703738,0.818432448023,0.808837398218,0.803171857295,0.803462961023,0.805244970755,0.806633016362,0.807607590506,0.805838117838,0.801759259428,0.797954143628,0.794333265849,0.790655625445,0.787146097397,0.783974217115,0.781186403695,0.778807730481,0.776898421515,0.775590578717,0.775151268608,0.776148050411,0.779974658754,0.790636251594,0.804194400758,0.790157678245,0.781622409466,0.773884316132,0.766658750524,0.760863777858,0.756279616526,0.752543217777,0.749398282947,0.746681542779,0.744288123541;0.809035582653,0.811943241714,0.820381687291,0.834491682168,0.862733138442,0.851290339667,0.856675130318,0.84565604462,0.845251357209,0.832730536488,0.814228281113,0.822120290503,0.82596317375,0.830540238039,0.829667098427,0.815537604368,0.801080839233,0.780133523391,0.760619733676,0.776417090435,0.785836712676,0.788596407442,0.788547688682,0.78713476116,0.785292308434,0.783572776126,0.781857496998,0.779956693565,0.777905849332,0.775839720543,0.773884794454,0.772149293161,0.77074692175,0.769828116229,0.769623278313,0.770509451017,0.7730643237,0.777666595697,0.782735798026,0.788751662585,0.793132647947,0.777312950257,0.765794381219,0.758691069846,0.753700360619,0.749855284161,0.746714140183,0.744047905009,0.741725214185;0.796995471273,0.804998063038,0.818247615959,0.831646121769,0.842066534044,0.830394056133,0.821739714988,0.82048976756,0.828854655596,0.824543077024,0.797561409463,0.811411876612,0.811426061153,0.810748058747,0.807444565419,0.799808592357,0.786341978053,0.751817341501,0.589074659183,0.753682397262,0.769592261325,0.771938386519,0.77018124857,0.768095729205,0.767896821343,0.768840314965,0.769487737791,0.769399455002,0.768706110797,0.767656076682,0.766468973882,0.765319528845,0.764357997147,0.763736700418,0.763635689686,0.764281374529,0.765935599982,0.768876305957,0.77415163327,0.790652488477,0.853032801792,0.77796863575,0.762859450173,0.755370484372,0.750421557294,0.746696952854,