CDH2_NCAD_OAC1=[0.869958125566,0.86956100685,0.868863493249,0.867783256265,0.86629295495,0.864632017445,0.863560619753,0.863795549982,0.86489270156,0.867445990704,0.877911248709,0.880258332509,0.877078497073,0.896065381684,0.888067323677,0.882812039235,0.886528180236,0.879005295107,0.85944727301,0.842970043052,0.825138763307,0.802704650848,0.767427572725,0.745976863134,0.760023055769,0.757201724183,0.748717803171,0.740586402162,0.735214839781,0.734336216422,0.740516605153,0.750953949027,0.761437931897,0.770560762206,0.778256962242,0.784740288385,0.790225223116,0.794880419533,0.798834392985,0.802189973292,0.805035830995,0.807452018602,0.809510743253,0.811275287607,0.812799251429,0.814126777125,0.815293521138,0.816327949832,0.817252660198;0.87205540443,0.871731677056,0.871029147299,0.86972501128,0.867458155162,0.864081967061,0.861270924858,0.863788436695,0.864295906784,0.86498931646,0.867223146636,0.866030460153,0.864452051666,0.871820542453,0.881811890962,0.885118557062,0.887588635841,0.867476627239,0.854633939401,0.845063800759,0.826531904492,0.805719718904,0.789064147897,0.779761277979,0.778066224675,0.775482618026,0.768182562421,0.761316802915,0.757374476993,0.756866173773,0.759868207747,0.765386592345,0.771889463779,0.778338837564,0.784292467992,0.789622992946,0.794321519771,0.798413046973,0.801932107749,0.804923375107,0.807445398725,0.809567161451,0.811359151844,0.812885366464,0.814199461387,0.815344354766,0.816353510707,0.817252696639,0.818061670617;0.874461518846,0.874337575257,0.873863877893,0.872748692326,0.87003413018,0.863302808607,0.851255667758,0.858073488726,0.860483915738,0.862720519063,0.862561274433,0.856680623188,0.837251644357,0.851717606449,0.865862848159,0.88681810018,0.877467284344,0.862227377836,0.85306828796,0.849044157026,0.822361208351,0.798438187269,0.790436921884,0.789640079867,0.793933066895,0.806341189062,0.78264512041,0.774391526745,0.771342568074,0.77113622962,0.773071893109,0.776569452587,0.780955520255,0.785657214731,0.790308746754,0.794710115083,0.798749254267,0.802350357517,0.805462311896,0.808074369638,0.810226564876,0.811994174282,0.813459981072,0.814695852395,0.815757546254,0.816686292111,0.817511998427,0.818256209229,0.818934452827;0.877190180891,0.877396583004,0.877462399819,0.877476025098,0.877660909283,0.868695297224,0.83430171146,0.682568505653,0.857369910908,0.864894485184,0.864521462494,0.863688585196,0.769174076877,0.835713406504,0.854489881763,0.901320615793,0.867098108978,0.858710196953,0.864444999044,0.821529000643,0.805899464304,0.725494041182,0.777752290711,0.791972528866,0.795869328818,0.800577830576,0.785087406829,0.780270478392,0.779706111597,0.780663968233,0.78259687904,0.785327219246,0.788639469868,0.792292188113,0.796079718173,0.799843054668,0.80343919583,0.806708946688,0.809494100155,0.811716433791,0.813426454653,0.814749957737,0.815808934142,0.816690847577,0.817452556916,0.818130457247,0.818747784826,0.819319251157,0.819854110037;0.880227991604,0.88081069796,0.881531495084,0.883066906455,0.888428809581,0.882008166367,0.85968526644,0.850738384114,0.868836234544,0.873343185268,0.868851188337,0.872838671831,0.871949703167,0.764346289523,0.843757006754,0.856177123349,0.857269629953,0.88058352552,0.816336017278,0.744370581655,0.793366954701,0.770752543126,0.790653094926,0.797397031598,0.788566400445,0.774476605949,0.773038711675,0.779844252537,0.784459669775,0.787417287177,0.789883113701,0.792412728165,0.79519380232,0.798244066618,0.801520412017,0.804955022647,0.808423068872,0.811661590253,0.814280657941,0.816056562942,0.817151212679,0.817865461021,0.818398696425,0.818846872806,0.819255627255,0.81964782488,0.820034174316,0.820418442183,0.820800733187;0.88360193409,0.884463408149,0.885614202315,0.888066392989,0.901216223031,0.888806664229,0.878037153798,0.87403263087,0.879678212561,0.860182923501,0.852280448195,0.865835351422,0.856971584595,0.832506683329,0.841844896272,0.8512098727,0.851308008256,0.844253570055,0.820905997493,0.791408641591,0.806912134122,0.81123029598,0.84173876111,0.811579720449,0.782011014439,0.684050064098,0.741377070421,0.777924907228,0.788397150517,0.793056573092,0.795972590601,0.798423524595,0.800893024662,0.80358194995,0.80659370266,0.81000536331,0.813829909327,0.817726097263,0.820580187382,0.82158981395,0.821569340169,0.82136255104,0.821204782749,0.821125744114,0.821126116063,0.821200413024,0.821338072838,0.821526072522,0.8217515975;0.887544911581,0.888386208167,0.889569076759,0.89175435782,0.896416877231,0.897416656844,0.891066297654,0.887721914008,0.885120996018,0.843259665762,0.792378836472,0.863987387632,0.864371286262,0.871365141797,0.856475194519,0.85463584716,0.851776567314,0.846456175245,0.843656849741,0.844087962577,0.826161933661,0.825967114332,0.835507231845,0.823812691702,0.792826926035,0.745824264025,0.760578434913,0.784893390351,0.794318174033,0.798802219835,0.801559739013,0.803768764995,0.805942680471,0.808354717336,0.811221651456,0.814835469445,0.819706460039,0.826321303684,0.831252215746,0.829377861689,0.826766405243,0.825189831891,0.824169499043,0.82346835318,0.82300767118,0.822739221736,0.822619406492,0.822610364905,0.822681770892;0.893097609571,0.892747679539,0.893674747479,0.895673395701,0.898731777288,0.898853569552,0.893898104203,0.887659766706,0.886223736551,0.870698180475,0.8556099413,0.861794265869,0.866847011109,0.869850294731,0.865447893237,0.860125412045,0.855323086408,0.850681073102,0.846412944174,0.84137875194,0.835504250919,0.833157161899,0.837956292414,0.829551622011,0.809875560541,0.7959430552,0.79330854463,0.797900261393,0.80209407106,0.804892380274,0.806903758124,0.808646037096,0.810451680992,0.812564561361,0.815251713557,0.818988816862,0.825043106093,0.838865329532,0.872135726127,0.83933204866,0.832191528633,0.829216038966,0.82722070605,0.825792899882,0.824823539407,0.824202378771,0.823831440354,0.823636642478,0.823565389532;0.904245883685,0.897046352173,0.898092657073,0.901050104413,0.905158884028,0.903775474177,0.898866979786,0.902980829879,0.839794742858,0.878923013214,0.870667949591,0.867250170704,0.869829925654,0.900869042948,0.884390909308,0.865961713441,0.859392538008,0.855176370633,0.851083532696,0.846081907939,0.841065653446,0.837149151834,0.833852030734,0.828099263456,0.819824451487,0.812761824343,0.809240735608,0.808856090872,0.809738977377,0.810835919883,0.811926086574,0.813085128631,0.814454038486,0.816198891521,0.818554301521,0.821958285977,0.827459431394,0.838063747058,0.850556576475,0.841891000274,0.837482537488,0.833705837718,0.830323092497,0.827974562893,0.826466317323,0.825514517404,0.824923291487,0.824570074475,0.824377844112;0.899599632777,0.89980753513,0.902662219916,0.908329678142,0.921739538231,0.911547552275,0.908074721641,0.883977519735,0.874146244735,0.888169354009,0.877066916837,0.866070280051,0.868725867263,0.87387984052,0.875073466125,0.867521128297,0.862713703485,0.860873941888,0.859544116459,0.851957109441,0.845694376583,0.840965388702,0.836728175813,0.83203740201,0.826817341971,0.82205294746,0.818699283177,0.816912205921,0.816227416372,0.816159120091,0.816454074244,0.817043015114,0.817954738027,0.819277431621,0.821164429689,0.823873893457,0.827802835035,0.833180815026,0.838775015093,0.844921285776,0.849720658952,0.839859565304,0.833212339907,0.829756872702,0.827788530953,0.826593745771,0.825847097889,0.825380613025,0.82509888217;0.898722763844,0.902112883699,0.908025777892,0.913980121305,0.918482670339,0.911769438115,0.907220286796,0.906432289113,0.9037060305,0.898448275738,0.825262221087,0.850386989238,0.865982587262,0.86963162277,0.869592458415,0.867337500199,0.865047825373,0.866358943571,0.891627326624,0.856803695595,0.84937168671,0.844683708366,0.840863743946,0.837025939532,0.832783137839,0.828637994242,0.825271128083,0.822920279334,0.821463650826,0.820674929254,0.820377659105,0.820480844071,0.820963659514,0.821857547504,0.823239524174,0.825231170394,0.827982528209,0.8316542142,0.83696057154,0.850205899257,0.89575366475,0.843846003923,0.834596369863,0.830736655707,0.828644224733,0.827377447704,