CDH2_NCAD__poly=[0.855691136622,0.856509587431,0.857405522773,0.858394787635,0.859501391575,0.860764749421,0.862251093757,0.864064057741,0.866342144096,0.869273642647,0.873169629903,0.877854335112,0.879570014872,0.875991410206,0.871558023348,0.865905724129,0.854806046462,0.828519297382,0.852081980038,0.865122329046,0.85938469063,0.83886049766,0.649012285505,0.773685605548,0.811735032034,0.819887720993,0.817705365343,0.810291998376,0.769961852718,0.716155038638,0.625704270949,0.771059878993,0.717426322381,0.877107746691,0.84507457416,0.856155409506,0.86332652248,0.848535284702,0.837035709953,0.832857284185,0.830719106899,0.829485439813,0.82874459332,0.828301071905,0.828046465534,0.827915061351,0.827864923939,0.82786845043,0.827907115564;0.856251094727,0.857126590238,0.858088281138,0.859151976912,0.860341670643,0.861700590633,0.863317721508,0.865377073963,0.86816052756,0.871939857257,0.87784810739,0.891876838687,0.911160540015,0.884190693088,0.876562895554,0.872025819015,0.870787254389,0.884607634625,0.869430262606,0.871699056794,0.874506379414,0.872117075527,0.826845471539,0.809913837443,0.817619799843,0.822967217314,0.822591602596,0.821091256608,0.800284814699,0.783794854611,0.775752514925,0.78930291076,0.823599058254,0.858783331888,0.854068671306,0.858027419745,0.855916487295,0.847219230884,0.839863160815,0.835320384681,0.832632182535,0.830993893995,0.829967708786,0.829316313468,0.828903982039,0.828648696334,0.828498620382,0.828419863437,0.828389706746;0.856732117429,0.857654144764,0.858669196591,0.859790082746,0.861033194029,0.862426643138,0.864041027535,0.866138188675,0.869604915867,0.87429068659,0.87941736685,0.891808544233,0.91913705159,0.889745224815,0.882344969318,0.878170769032,0.878333834239,0.896705610369,0.910166178329,0.877719247031,0.87343651203,0.85560661214,0.839523353056,0.843340007532,0.842079481977,0.828182243522,0.826669595789,0.826192827385,0.813589138322,0.802426725066,0.780530803094,0.78660477753,0.848478296418,0.852369269171,0.88193357188,0.878064371058,0.868888908101,0.849727555241,0.841363143376,0.836737725651,0.833913352199,0.832118181948,0.830947523227,0.830171384649,0.829652819325,0.829306903025,0.829079061998,0.8289331677,0.828844723011;0.857122832959,0.858080416662,0.859138684798,0.860306787257,0.86159031497,0.862991051629,0.86449239211,0.86601037563,0.869352139084,0.899600960872,0.877162570481,0.886958534477,0.890896690099,0.894290629769,0.892579311711,0.883211608184,0.883486922604,0.893007266167,0.885671506264,0.884164959318,0.889546240167,0.855362342098,0.837323300429,0.825473575393,0.825619858219,0.821356236033,0.824696596217,0.830026247323,0.812264804234,0.805142120851,0.795560149665,0.814627212415,0.836115488473,0.846872512016,0.863183267909,0.866338708916,0.862230725271,0.848344481173,0.841209613642,0.837142089427,0.834556673865,0.832834982262,0.831660130591,0.830846069958,0.830276577239,0.829876362833,0.829595298875,0.829399239961,0.829264475192;0.857409522956,0.85839004809,0.859483586487,0.860698846335,0.862035893078,0.863496821314,0.865171933726,0.867251428262,0.859719675447,0.844776038555,0.866095046638,0.893556342857,0.888188996018,0.896988606158,0.891653231202,0.886328766687,0.886264656642,0.885993847149,0.882935019737,0.877116791606,0.866110835328,0.850282811149,0.830056179235,0.77921243404,0.787412937935,0.810800628062,0.81328194024,0.811723812942,0.80907353304,0.80890344425,0.811557083306,0.8212916747,0.8322550625,0.84084246488,0.847297321442,0.849323112632,0.847715523534,0.843558165878,0.839643650811,0.836751039081,0.834684209093,0.833201583803,0.832129498141,0.831348494377,0.830776021202,0.830354490858,0.830043312874,0.829813564817,0.829644413201;0.857573761185,0.858558911979,0.859677654238,0.860945294101,0.862361620014,0.863923001328,0.86581121849,0.871372124151,0.855680613648,0.709468195702,0.857220509371,0.882192342679,0.887861626121,0.890058965799,0.889680177256,0.889521494708,0.901898453101,0.889025262594,0.884117381416,0.878864398179,0.863861484656,0.848123724895,0.830079665796,0.801999551489,0.797264995373,0.805214251183,0.802320042607,0.79506557244,0.799563282889,0.808529012867,0.815452902068,0.82277796507,0.831494291089,0.84818596996,0.846236031398,0.842893953558,0.84170486582,0.839901511041,0.837852718515,0.836008844008,0.834505378054,0.833324976199,0.832411288759,0.831707379306,0.831165415964,0.830747670909,0.83042514974,0.830175803736,0.829982915716;0.857590459951,0.85854792574,0.859669702324,0.860991268796,0.862522342991,0.864228844081,0.86599475665,0.867158606508,0.865574314306,0.865586578492,0.877078444494,0.906924691371,0.894490894523,0.898082758734,0.894409721929,0.894376259832,0.891953761807,0.886068261974,0.885084664521,0.875933194335,0.862082044,0.848239340091,0.834724617896,0.820403880258,0.80894148288,0.800983135511,0.790027122227,0.702049799651,0.779021768972,0.807032875177,0.817193968222,0.824203025989,0.831101738298,0.839843183757,0.841093144599,0.839249479011,0.838457294931,0.837537602311,0.836415970195,0.835267397781,0.834218645427,0.833318664209,0.83257112172,0.831960676534,0.831466469573,0.831067963561,0.83074708988,0.83048875726,0.830280691726;0.857428054566,0.858296708493,0.85936719378,0.860722227849,0.862411848034,0.864416145671,0.866660143214,0.86924366461,0.874196113409,0.884961334343,0.886251531572,0.905898084672,0.946460760023,0.898187646128,0.894849930555,0.895597890789,0.890059719981,0.881218323595,0.880258975986,0.869930833839,0.858960563853,0.848757358336,0.839393083816,0.825781388662,0.805269244245,0.780060653005,0.785432670491,0.779293037049,0.793814476246,0.810946782128,0.820168547993,0.826156030939,0.830792327465,0.834477048928,0.836326794844,0.83667030744,0.836501677421,0.836056330152,0.835416067631,0.834684597979,0.833951254974,0.833270441884,0.832666534462,0.832145166953,0.831702247572,0.831329504497,0.831017490204,0.83075705457,0.830539974823;0.857054666658,0.857719540967,0.858610533566,0.859912555082,0.861781711938,0.864228642367,0.867134013373,0.870503452664,0.874742056927,0.879953683412,0.887442686389,0.909215920491,0.896858914447,0.901030178001,0.896237156876,0.884191619512,0.879987870783,0.877271024656,0.878288411718,0.867469090737,0.857345152104,0.848826287633,0.851223059043,0.832063630585,0.801901883794,0.681137161064,0.787056758814,0.802112854482,0.810194251683,0.818646030809,0.825485063189,0.829875356561,0.832372051154,0.834002149297,0.83500013114,0.83541580883,0.835435321877,0.835200531352,0.834797647735,0.83429803241,0.833762043803,0.833233302099,0.832738267071,0.832290007812,0.831892754151,0.831545572065,0.831244862301,0.83098589798,0.830763701822;0.856459123299,0.856714191172,0.857131651128,0.858111393472,0.860124587005,0.863261466025,0.867068310779,0.871042002534,0.875075203311,0.87943374602,0.884716187253,0.890224413078,0.890059937791,0.890195567016,0.890897944954,0.863487596592,0.873315490045,0.875588980896,0.871233238188,0.864954114736,0.856395959238,0.846366151183,0.837304641724,0.827337592235,0.814550472472,0.8035601325,0.80727283745,0.814122978321,0.820131685385,0.826970672211,0.834677096339,0.83732846962,0.835865866723,0.835196624241,0.83510433793,0.835101758116,0.83500973779,0.834796885372,0.834480131066,0.834091558896,0.833665457131,0.83323108602,0.83280967668,0.832414550558,0.832052721583,0.831726783079,0.831436518142,0.831180086046,0.830954822392;0.85570361536,0.855223851048,0.854508450293,0.854305536362,0.856205129217,0.860838216772,0.866582527102,0.871717598317,0.875762261679,0.879337193481,0.882930143649,0.886238779192,0.887891206952,0.885287049024,0.871960224222,0.790669188622,0.868478946875,0.888694965261,0.871113252907,0.86978359995,0.85894116972,0.843193132715,0.822144152756,0.820068999753,0.82108579948,0.819745565452,0.820410367307,0.82320450057,0.827423293763,0.834495522763,0.85687668702,0.853883297724,0.839947067529,0.836745919936,0.835704527577,0.835264057867,0.834976301243,0.834695326446,0.834379749774,0.834027733292,0.833651860922,0.833267997293,0.832890233918,0.832529059616,0.832191231137,0.831880387095,