CDKN1A__poly=[0.671195557489,0.667647391516,0.663835498664,0.659753069584,0.655413840089,0.650858958638,0.64613220949,0.641156818419,0.635453095405,0.627844116091,0.616482347791,0.600637364993,0.591715264236,0.594581623821,0.593319476842,0.590696745116,0.584245148294,0.543984326805,0.587191809277,0.628770415061,0.622362664204,0.630139633713,0.715387526178,0.679406415223,0.68043468489,0.648362519899,0.641437973187,0.643448699351,0.615682724888,0.587983546827,0.43491466401,0.558954051402,0.600293784637,0.415769110999,0.520162046267,0.482786126054,0.456378078194,0.508821033781,0.552585562786,0.572834821165,0.586796343733,0.59792500258,0.607346093334,0.615555856131,0.622829250008,0.62934433731,0.635228011168,0.640576038214,0.645463349758;0.671912881614,0.668207974696,0.664182766071,0.659815439852,0.655120246511,0.650197215501,0.645289809853,0.640701030629,0.636113127294,0.62913982462,0.614803525286,0.568709369534,0.48673958049,0.594225763882,0.597991038269,0.599591723393,0.608087085412,0.653681544103,0.604540863539,0.617713882777,0.571973388539,0.535885262205,0.626162076197,0.656733654288,0.635647073638,0.626235441206,0.619322868523,0.618982375351,0.616946955834,0.595035363279,0.562964033863,0.553914492764,0.542968392345,0.51918616643,0.527147054827,0.513078903197,0.516749790813,0.539968150527,0.561678308088,0.578213771981,0.59105617442,0.601621790631,0.610660739085,0.618579123352,0.625620510113,0.631946577004,0.637673391954,0.642888949541,0.647662474165;0.672823901054,0.668966467943,0.664711048738,0.659989920217,0.654757884395,0.649091918063,0.643476216028,0.639334307481,0.638869158833,0.637526433465,0.624984990399,0.612341982725,0.690746918342,0.602384069134,0.59378019492,0.598856144805,0.605263388617,0.656044576039,0.451502269798,0.599911871305,0.587747779029,0.600477555979,0.625222257285,0.663874525176,0.622253090816,0.616356525798,0.611095126474,0.598319524069,0.618560132387,0.603964358477,0.564586775562,0.537091339262,0.464589399738,0.521207762429,0.52926250755,0.537768761362,0.551347796425,0.560528661669,0.573264841509,0.585808845902,0.596852032557,0.60644970437,0.614869087029,0.622341950914,0.629040629717,0.635092378312,0.640593737845,0.645620237088,0.650232534307;0.673957547277,0.669972432533,0.665501904133,0.660395364518,0.654437681842,0.647374568258,0.639272117848,0.632680909462,0.638975163138,0.719617914912,0.637065831476,0.636397965699,0.617080224213,0.569246159285,0.555632989811,0.592110201057,0.590138173029,0.550684633213,0.61019341222,0.608434464176,0.52778450296,0.604570940986,0.62254957667,0.630542748877,0.637335972212,0.626408843524,0.632522570968,0.644830565371,0.612747104487,0.597087725244,0.575437871833,0.550264023993,0.515034549253,0.52589881874,0.513178580698,0.53872268871,0.566820144377,0.574584147614,0.584083171349,0.594202657401,0.603639752764,0.612172509349,0.61984624866,0.626765601913,0.633034098592,0.638740225593,0.643957035561,0.648744766791,0.653153537722;0.675336406071,0.671276868833,0.666666376719,0.661265124347,0.654624313074,0.645791175224,0.632307835591,0.608501311183,0.605698777831,0.613357868715,0.631955051419,0.672567058194,0.618393300593,0.556733122094,0.573670964274,0.592180384691,0.588181628626,0.592504311296,0.626067119129,0.630771757192,0.619699688588,0.622907552893,0.623453196999,0.595021679785,0.605856322115,0.624419815359,0.625893962164,0.621525240088,0.611368526304,0.600105925932,0.585428567314,0.563266598819,0.54914918005,0.546823439865,0.549590767847,0.561108353351,0.573832081998,0.584807768688,0.594149017884,0.602878663482,0.611030294505,0.618548867683,0.625440343035,0.631748260832,0.637528354729,0.642836006311,0.647721666698,0.65222984039,0.656399384332;0.676961107434,0.672901916201,0.668287180896,0.662842765027,0.656013560048,0.646505774357,0.630301217787,0.583321278862,0.57655235939,0.505388862914,0.621520601149,0.641242421852,0.629872247947,0.615342975374,0.606121257884,0.595144487803,0.522622155796,0.594609209425,0.648478918416,0.663805944957,0.64904010195,0.639827755658,0.633727048332,0.619022930235,0.619740576073,0.62721925485,0.62291518203,0.612249776544,0.608035974784,0.604560617298,0.596201695559,0.58445181748,0.570290692628,0.529153332543,0.551186464959,0.575516668642,0.587033077354,0.596171980396,0.604282383249,0.611789543603,0.618821082658,0.625392874386,0.631508574729,0.637183579172,0.642443420624,0.647318393,0.651839694911,0.656037368105,0.659939387674;0.678794429666,0.674804274001,0.670332919191,0.665158743357,0.658840858778,0.650496458158,0.63845736161,0.621479445211,0.603610899675,0.59302720055,0.634857845465,0.703516586484,0.639171031433,0.646897238562,0.617336308767,0.596994923872,0.600810966682,0.627413701466,0.672505835454,0.675131034663,0.662958819152,0.65364227615,0.648728140375,0.643769524353,0.64066280677,0.637234798135,0.624063595297,0.547293275331,0.598607197121,0.610447742169,0.607132254008,0.599663299073,0.588688469628,0.569637494538,0.575729668963,0.591260202263,0.600511885509,0.607891674652,0.614584263656,0.62088931779,0.626880338672,0.632562484857,0.637927210439,0.642971153226,0.647699459215,0.652123911208,0.656260279585,0.660126232853,0.66373996384;0.68075435829,0.676854205504,0.67260791617,0.667911292111,0.662536418062,0.656069372181,0.647919507546,0.637158678414,0.617318528837,0.584118617935,0.636347404244,0.675011881704,0.345293790255,0.630196362417,0.623799836373,0.636693310192,0.663838873295,0.663176575363,0.683716380949,0.677169057445,0.669372800974,0.66520870203,0.665526251584,0.661674009908,0.657638547734,0.657838113037,0.639988270596,0.617037782321,0.61723518128,0.620938034756,0.618668302739,0.613806846918,0.60786998932,0.602930673254,0.603465465158,0.608463998792,0.614116355538,0.619585541657,0.62489121572,0.630062901784,0.635088406523,0.639939791901,0.644590134563,0.649020543108,0.653221366363,0.657190766838,0.660932599329,0.664454474241,0.667766265542;0.682722600864,0.678841024835,0.674762056802,0.670541197132,0.666173408424,0.661530050011,0.656387229313,0.650449647014,0.643646682235,0.640184104421,0.63850427821,0.562014265476,0.627879371695,0.588380097842,0.614851958928,0.668107726899,0.681850992065,0.686469396406,0.70039742926,0.686765567025,0.67710204854,0.673759064618,0.69612898144,0.68022308057,0.670081842269,0.711323128434,0.657362085005,0.642617983208,0.636420427545,0.633440700021,0.63033558761,0.626607360243,0.623123812796,0.621059261641,0.621270422918,0.623577775796,0.627017767208,0.630924539661,0.635020270347,0.639182247663,0.643335560792,0.64742459721,0.651407112976,0.655252689713,0.658941290535,0.662461400562,0.665808058821,0.668981080081,0.671983602108;0.684571620714,0.680499597319,0.676309854696,0.672283542929,0.668716591362,0.665652351402,0.662952949163,0.660739781137,0.659327985202,0.658550173374,0.654903464613,0.645605815217,0.65473913105,0.650480712821,0.690634403745,0.713001982127,0.717726291749,0.71051415348,0.70176748656,0.693695644831,0.683051766798,0.673517343095,0.672388119303,0.671589611999,0.67000292051,0.66916893669,0.662354488313,0.654648630955,0.648808941451,0.644382156035,0.641434592778,0.637193882032,0.634615705166,0.634285185597,0.634934901614,0.636519730739,0.638860876243,0.641699337006,0.644837428162,0.648145074408,0.651532990956,0.654935658553,0.658303749272,0.661600600849,0.66479995586,0.667884037486,0.670841789022,0.673667313986,0.676358562713;0.686217154127,0.681567138801,0.676612261358,0.671959622101,0.668706983219,0.667087529692,0.666114076062,0.66644715344,0.669327690595,0.673080638018,0.676574492382,0.682045202038,0.691160997769,0.699763870571,0.71637265204,0.758592914766,0.741209277458,0.757562754324,0.71541072981,0.713946875567,0.690207151451,0.656006513177,0.651761816863,0.662502885508,0.669865493678,0.670965223351,0.668239211662,0.663662900806,0.658438355856,0.652412925381,0.654718907792,0.634263391263,0.642047086772,0.645078365406,0.646555665306,0.647993683288,0.649762262057,0.651884539419,0.654288697789,0.656891423267,0.659619397139,0.662412249382,0.665221577136,0.668009489198,0.670747168234,0.673413462501,