CDKN1A_OAC1=[0.608331172925,0.602310574997,0.595559902999,0.588067971082,0.579889683057,0.571007899129,0.561510009618,0.553311940816,0.549618445864,0.544317845385,0.507677463773,0.508488148723,0.551632367213,0.612648877224,0.537425409179,0.549556757478,0.586604885014,0.613884756015,0.59122671016,0.577451851482,0.573710690867,0.576771395539,0.584614271327,0.586958660388,0.576240926315,0.573754368814,0.573805823462,0.575282544835,0.577680813454,0.581664682284,0.589357245967,0.599146895727,0.60836772446,0.616354079545,0.623262641336,0.629318928104,0.634675411334,0.639420158858,0.643605694516,0.647273894383,0.650471197574,0.653252801321,0.655678968338,0.657808834262,0.659695614576,0.661384337462,0.662911559003,0.664306168602,0.665590621742;0.60762672324,0.600901706341,0.593017171381,0.583857974021,0.573594708594,0.562004404548,0.546548187706,0.524628675488,0.53125810528,0.541316821245,0.539287983902,0.545462361023,0.560314915632,0.567375802907,0.533147864186,0.548419235116,0.526730156483,0.572288225418,0.566796429427,0.545856050653,0.555949371075,0.570829402459,0.576716720635,0.577057340095,0.571636230096,0.568542939649,0.575577528554,0.583466891033,0.589494528989,0.595097529114,0.601428244714,0.608473523205,0.615576713616,0.62228577913,0.628461288702,0.634095767159,0.639199582116,0.643767515412,0.647787307714,0.651262893493,0.654230165131,0.656753884848,0.658911791581,0.660779016888,0.66241957283,0.663884150583,0.665211206013,0.666429160708,0.667558693986;0.607398049845,0.60002328522,0.590758331264,0.578931067586,0.565054141675,0.551501513297,0.530822287825,0.46951740893,0.511366219955,0.538228757966,0.549471284373,0.565261840805,0.570197234301,0.564339963483,0.561789357834,0.550614812267,0.561372142976,0.56236362835,0.542622634809,0.506121680394,0.545751477387,0.566649014212,0.571999140757,0.57300001386,0.55602523974,0.515475144357,0.571799052958,0.590024774552,0.598819075186,0.60509646533,0.610883933448,0.616748845368,0.622672270411,0.628497352232,0.63410504753,0.639416797686,0.644352842563,0.648811275718,0.652690293317,0.655940636479,0.658598135792,0.66076314893,0.662553633378,0.66407246394,0.665397619197,0.666584396914,0.667670623718,0.668681510281,0.669633497363;0.607793898764,0.600124552523,0.589589390398,0.573373918642,0.545673535978,0.533283710701,0.521806353891,0.414483173007,0.49858017096,0.529210482535,0.542043194633,0.547764147591,0.571003109533,0.555302411703,0.560078734925,0.680254645624,0.581400009478,0.573234310395,0.473386263896,0.549035561392,0.574444780435,0.538127513549,0.564132192053,0.574618515507,0.565408285085,0.544614638594,0.583641699119,0.600304642764,0.608436143167,0.61416295885,0.619287859277,0.624376244043,0.629555501418,0.634802272348,0.640056377206,0.645236601418,0.650204737907,0.654733120042,0.658556536732,0.66153020183,0.663730123187,0.665365369715,0.666639104058,0.667693853515,0.668618507452,0.669466503683,0.670268920261,0.67104274596,0.671796316324;0.608772911458,0.601694911908,0.59129785783,0.572435608253,0.527206147535,0.520795085069,0.546894841132,0.532828179978,0.510929697657,0.511642145656,0.532552963715,0.517526880223,0.610933760338,0.493067907115,0.518367469331,0.585949904147,0.598298521261,0.68131968094,0.571906240454,0.525135898918,0.573107766936,0.560803664559,0.565342001459,0.579910452807,0.592469623303,0.602972411408,0.610861863302,0.615057727512,0.619001070564,0.623031818224,0.627210757611,0.631601114735,0.636230714677,0.641104155877,0.646218696715,0.651543550657,0.656928722124,0.661950835416,0.665933525451,0.668479920161,0.669877977434,0.670664503092,0.67119343641,0.671631747885,0.672055263962,0.672498665793,0.672974905493,0.673484792862,0.674023023244;0.60968034043,0.604599118589,0.597168061528,0.582102780466,0.509769069981,0.557479033791,0.582631087873,0.578589952569,0.534980748924,0.573036112007,0.58984456555,0.594399289638,0.58854800992,0.574397454426,0.579678385337,0.596825002053,0.606134254204,0.609691578428,0.599214297673,0.582074975201,0.589823840434,0.582551265355,0.493989757503,0.5801867186,0.614429635229,0.667078061136,0.64299910343,0.629783412402,0.629251203456,0.63149741256,0.634721529005,0.638480989012,0.64267091743,0.647303958129,0.652464300097,0.658284712883,0.664814107329,0.671467284797,0.676256967855,0.677742359505,0.677394441959,0.676739630557,0.676205020853,0.67584426909,0.67565712043,0.675631289838,0.675744829313,0.67597114841,0.676284049004;0.608400759757,0.60732821358,0.605606855156,0.60248818193,0.606382874691,0.625723042601,0.628243464102,0.630740861868,0.630221011557,0.635732714226,0.651479055808,0.643909216855,0.630418351022,0.655586778012,0.619070630448,0.617551053936,0.619324735744,0.621731027594,0.635497700592,0.651888891004,0.615673709089,0.608836893233,0.612451891949,0.624725697781,0.630990605052,0.652866204681,0.647679588537,0.638990947546,0.637749797719,0.63915835659,0.641724458261,0.64498027518,0.648807373039,0.653259297789,0.658550005775,0.665147126051,0.673964346934,0.685893087831,0.694750254229,0.691281498013,0.686469425345,0.683527600801,0.681595422326,0.680247095203,0.679341796839,0.678792784443,0.678520934063,0.678457023186,0.678545199197;0.59802641357,0.607503003082,0.612625512448,0.617023423907,0.628776961808,0.639703724061,0.637875094274,0.636182502908,0.646666735031,0.648181126208,0.638641812254,0.636574265205,0.643014317088,0.653024832969,0.645807622002,0.63798183815,0.634502577926,0.63463952039,0.637412459485,0.637075993003,0.631477668478,0.631197037272,0.648965216546,0.650014176381,0.641045559371,0.643928888626,0.645160652056,0.644432133167,0.64461831446,0.645976962442,0.648189765202,0.651064378555,0.654564827135,0.658802776623,0.664102676827,0.671258007462,0.68254298697,0.707834395322,0.76828839374,0.708965016928,0.69612634115,0.690810866077,0.687253335222,0.68471022488,0.682986945683,0.681886097442,0.681231885694,0.680891282545,0.680769780436;0.553887563362,0.606944328877,0.617030826063,0.623023630459,0.634625703155,0.644842019797,0.646316452592,0.51119011542,0.629408610891,0.647894312346,0.639882834144,0.641073999928,0.652232897618,0.737911146783,0.698708191613,0.657180183383,0.64867883133,0.647869149605,0.648242987009,0.646307566935,0.643621395597,0.643265704089,0.646103318254,0.64772380257,0.647538651225,0.648387240246,0.649336489695,0.649980411717,0.650833040278,0.652219567826,0.654191732408,0.656740296176,0.659902409616,0.66381827141,0.668817856156,0.675647628512,0.686190605734,0.705893126654,0.72890381584,0.713466285917,0.705716580286,0.699079775307,0.693128049945,0.689021842578,0.68641209534,0.684787851713,0.683797398453,0.683221375943,0.682922455482;0.599996104887,0.613775019674,0.619079131517,0.625660638653,0.582900987917,0.640427428029,0.667603799628,0.633558075592,0.635844314084,0.643011282692,0.636363690425,0.643144260929,0.653948213,0.669829823122,0.677468298363,0.664462873022,0.66012526221,0.664131680736,0.669678993101,0.660724218845,0.655118275273,0.653365914297,0.653661837873,0.654379416263,0.654782080557,0.655118987512,0.655531617571,0.656073883994,0.656893375165,0.658124289614,0.659831210417,0.66204886602,0.664834164166,0.668310728116,0.672722941022,0.678518499934,0.686408080971,0.696803397966,0.707468063878,0.71902601587,0.728053785811,0.710506765249,0.69874995443,0.692729824311,0.689362750305,0.687361501655,0.686141404501,0.685402288585,0.68497479028;0.624437879737,0.621007117545,0.608393919836,0.620557683529,0.640276885608,0.629456206132,0.626052623314,0.625233899487,0.589929092125,0.532142997715,0.634117665252,0.650557893711,0.655317283568,0.661829957314,0.665943801247,0.666853995419,0.6688286385,0.679992947294,0.746906211389,0.673778503964,0.665135056906,0.663035972058,0.663243292402,0.663805726013,0.6635721443,0.662885727674,0.662419642753,0.662404999955,0.662863893328,0.663789362422,0.665178837284,0.667042669591,0.669418051076,0.672386679294,0.676094053784,0.680762242352,0.686665538222,0.694099007182,0.704363149121,0.728869988447,0.811602257831,0.718160947461,0.701795160815,0.695118430768,0.691587040154,0.689504469331,