TCF3_OAC1=[0.313779305106,0.31145873026,0.309081591303,0.306755421328,0.304638236607,0.302849661343,0.30154182097,0.301823443535,0.30554833342,0.309440811534,0.296252405693,0.305645272066,0.336636048847,0.308416188883,0.366453785666,0.442028851831,0.516220741586,0.522378551825,0.483869677467,0.469016346048,0.472047457307,0.48916348333,0.520824626201,0.540324961473,0.52642751103,0.521974128958,0.521125898106,0.520325235362,0.51880755163,0.515493017049,0.508437614612,0.499257387454,0.490605964109,0.483324252157,0.477363638066,0.472478583908,0.468409559824,0.464921055564,0.461814305065,0.458937924283,0.456193624091,0.453531753082,0.450938118124,0.448418540982,0.44598657861,0.443656068188,0.441437615174,0.439337527902,0.437358018408;0.308338716772,0.305115097281,0.301555791801,0.297739158307,0.293917288198,0.290135772416,0.285172760933,0.277589236789,0.28587911895,0.296645356125,0.300598493822,0.309500331918,0.327794165068,0.346088340278,0.3751649048,0.467362188392,0.523387285462,0.47067588191,0.447650167942,0.428375837079,0.441402299717,0.463470591456,0.48201138827,0.496828477377,0.506982634036,0.512772068115,0.509713703132,0.505430446724,0.502051199242,0.498425335809,0.493742355352,0.488245181996,0.482733211593,0.477765386615,0.473526767962,0.469979972162,0.466979753542,0.464334610047,0.461853804001,0.459391565409,0.456873706075,0.454293212921,0.451683954215,0.449093159626,0.446564385099,0.444130734595,0.441813958157,0.439625995692,0.437571212321;0.302937885812,0.298730946522,0.293720416963,0.287744956173,0.281297471609,0.275805788405,0.267684639379,0.2397147481,0.265199917033,0.283528379657,0.29052250409,0.287389351928,0.303973852011,0.350747401967,0.404792654089,0.50895473407,0.486283131269,0.436343962378,0.408656506511,0.382575809603,0.420376496754,0.445302037646,0.458462313704,0.475820995894,0.50472615608,0.549650653857,0.506876840304,0.495117534772,0.490006194878,0.486343532393,0.482831077311,0.479231384507,0.475731614253,0.472580763485,0.469919726021,0.467750214607,0.465947347766,0.464289696192,0.462527348357,0.460482427846,0.458114296713,0.455497219274,0.45274957703,0.449980207671,0.447269272141,0.444668662782,0.442208071664,0.439901234432,0.437751081638;0.297731200709,0.29259332759,0.285990370527,0.276773340406,0.262549325879,0.25665553801,0.252439229055,0.202676545278,0.247739669508,0.268111647033,0.277732980648,0.256355122885,0.248131906319,0.347106170554,0.406691768979,0.589102607886,0.444512017931,0.399282781794,0.332834277184,0.39877466906,0.438145040745,0.423569295178,0.435721869574,0.456968622136,0.487429968019,0.521762137918,0.496483080383,0.485611347886,0.4802527242,0.47678170023,0.474057663286,0.471687488152,0.469625879146,0.467961255699,0.466779938221,0.466080535324,0.465704351011,0.465296607359,0.464399098078,0.46271327704,0.460282828223,0.45737533503,0.454266238561,0.451146821856,0.448130215508,0.445277377747,0.442616376249,0.440154731062,0.437887656251;0.292825096054,0.287062897393,0.279276297045,0.267210096401,0.243301648828,0.238734882319,0.250832779396,0.246376763364,0.240129277341,0.246956821121,0.269704859932,0.31169703804,0.271049428922,0.328199175275,0.421284120686,0.413308492915,0.403776345793,0.305618669349,0.375944390525,0.367327719563,0.415686778625,0.413692067016,0.415713482523,0.434982039212,0.461742009657,0.483684837159,0.484857362432,0.477151351178,0.471797062312,0.468611347131,0.466565205767,0.465162747953,0.464265045474,0.463912660032,0.464208526893,0.465210900679,0.4667617089,0.46823055965,0.468530434848,0.466963842163,0.463915670704,0.460198018881,0.456354065815,0.45263583738,0.449151360225,0.445943116418,0.44301862709,0.440365725716,0.437962391101;0.288093813998,0.282311192154,0.274379643198,0.261529068871,0.222483832636,0.238535865892,0.247858884518,0.246919338594,0.231051974235,0.253471520158,0.273183140129,0.296838637543,0.315583489629,0.332527571051,0.364914432598,0.382470862573,0.388580750742,0.389467153165,0.399745423303,0.402865848031,0.408435651151,0.402625468516,0.339617859882,0.406085585039,0.449863648168,0.528721485807,0.493995091269,0.470638812892,0.463979071887,0.461175797372,0.459848225863,0.459325196517,0.459453604961,0.460316435043,0.462141431572,0.465240255378,0.469785160406,0.474916192943,0.47745208513,0.474966140599,0.469731451889,0.464200736908,0.459073074863,0.454438442146,0.450295556846,0.446620808468,0.443372286324,0.440498459113,0.437947110496;0.282783722218,0.278010860149,0.271193358962,0.2604431687,0.242267780989,0.231367934349,0.235958483538,0.234468001909,0.228240146952,0.244611972658,0.255295890088,0.279064850837,0.306967145889,0.301654729383,0.351735256312,0.370258559344,0.382579646316,0.395225133253,0.429270290667,0.464895119116,0.412612998112,0.398392860578,0.370395199635,0.388724356274,0.434512971918,0.47855904486,0.473976098978,0.460328170802,0.45571319443,0.454047493569,0.453615985887,0.453946219754,0.454991944148,0.456948916893,0.460265073439,0.46579793814,0.475136586935,0.489868162583,0.500021094208,0.49019815982,0.478201594858,0.469383185796,0.462367476434,0.456469576291,0.45146785933,0.447224315453,0.443608153957,0.440501059103,0.437804446612;0.273959303055,0.273447194637,0.268722153334,0.259983170342,0.246882443492,0.23847823042,0.23816444405,0.239100599742,0.254241030425,0.26440296485,0.285788737359,0.305742756889,0.323199952384,0.339508219861,0.35328834325,0.365487596594,0.378844925089,0.392492415312,0.407758145591,0.414965364262,0.408654776215,0.400019031293,0.379327438858,0.389797232401,0.422063512432,0.440708703925,0.447740646787,0.447852947605,0.447256732334,0.44722996689,0.447778738625,0.448893749618,0.450703788064,0.453525311622,0.458000579763,0.46553513716,0.479985040633,0.517848537432,0.614829582438,0.512800030526,0.487841919117,0.475473542032,0.466116063611,0.458557326783,0.452496950037,0.447617673827,0.44362922646,0.440307657842,0.437490699402;0.250680805662,0.269601042166,0.266358555527,0.257120786337,0.243108539628,0.239390619413,0.234955821628,0.181717111291,0.282398285672,0.280615182597,0.302400260935,0.320974115034,0.343093025091,0.492192110672,0.33072934058,0.361108026874,0.377077830732,0.39149672576,0.402859881512,0.407041251174,0.406246086226,0.404047188683,0.402666894761,0.408071033075,0.419353953899,0.429267703767,0.435366077064,0.438306628911,0.439829948604,0.441034385814,0.442382177056,0.444114085432,0.446470868232,0.449819688027,0.454819891738,0.462816876551,0.477067129428,0.506867073097,0.54266455995,0.513715500864,0.497637435198,0.483391998525,0.470289289496,0.460375037689,0.453099254728,0.447610671641,0.443317078774,0.439846048604,0.43696201524;0.268903947797,0.270132655844,0.264220310592,0.250326291559,0.2141251134,0.239212242044,0.237089009815,0.265181755834,0.27726525383,0.290452621573,0.324441952417,0.336524047467,0.346908041469,0.360489048713,0.349489245909,0.361924462258,0.377872334804,0.39926260285,0.419263938353,0.411281816215,0.406854280883,0.406669776642,0.408860959666,0.413338329072,0.419214608787,0.42473906329,0.428934096499,0.431813964951,0.433885638571,0.435657543694,0.437478055666,0.439595816014,0.442255876888,0.445786751621,0.450702866032,0.457854573563,0.468541218566,0.483567092916,0.499207644966,0.516572366214,0.529784498367,0.497015602325,0.474117443761,0.461155025382,0.452845082001,0.446979259036,0.442553979654,0.439053067024,0.436184016349;0.277555034089,0.271917675341,0.259828531687,0.248318990946,0.242051158433,0.270446390948,0.285840788031,0.284716351314,0.317032824247,0.293232678017,0.390978680235,0.35664024313,0.348198059099,0.351548672901,0.35558446913,0.363202688704,0.377071927964,0.408534303313,0.540063618209,0.415649844551,0.40684654747,0.408093419778,0.412412291787,0.417214952736,0.420774002246,0.42326993826,0.425391141962,0.427345234257,0.42919770859,0.43105513237,0.433052013796,0.435337126239,0.438089291494,0.441548140423,0.4460508312,0.452058527102,0.460118984257,0.470815283349,0.486477662302,0.527102445163,0.670049142212,0.504390935684,0.473514895001,0.459624052536,0.451287767305,0.445548093917,