TCF3__poly=[0.529437575884,0.529244778727,0.528927219033,0.528459735306,0.527823262871,0.527007588466,0.525986878701,0.524609002142,0.522353902376,0.518158838686,0.510661843753,0.499907792592,0.49770232882,0.511475980995,0.523309189171,0.528463128655,0.530305868151,0.530600197729,0.515043071119,0.480204244614,0.48792090348,0.47492455702,0.388979743626,0.466238844053,0.481761036075,0.555047939906,0.603784032953,0.647422576887,0.661863299858,0.673907343868,0.780374807287,0.741541111979,0.791687304256,0.835257027034,0.767478064495,0.767509210192,0.767415836109,0.733470372353,0.703993342117,0.686909624992,0.673719260196,0.662716240646,0.653258624062,0.644997327884,0.637701014293,0.63120086269,0.625367643913,0.620099747502,0.615315848593;0.528530338464,0.528294501582,0.527907737919,0.527331096949,0.526539502798,0.525556932175,0.524497496856,0.523472698688,0.521895308468,0.517063420055,0.50453119026,0.463984349859,0.391832771367,0.498924125427,0.521788902866,0.53318732135,0.548331950722,0.600548392148,0.524159505669,0.497419478775,0.52814568202,0.435358846981,0.498998513027,0.519066015219,0.520846394483,0.552639962586,0.582652143875,0.612440067633,0.627235321816,0.655566800973,0.700266720275,0.727984970683,0.764443673049,0.784014878801,0.746414644328,0.712226642046,0.707491754543,0.708112993087,0.694037924482,0.680330228732,0.668560245596,0.658427385167,0.649592220009,0.641803774171,0.634877251661,0.628671962022,0.623077682405,0.618006265715,0.613386151733;0.527651612705,0.52739004388,0.52694675512,0.526250011991,0.52522767768,0.523880827108,0.522522230402,0.522279272015,0.52503462637,0.524393034523,0.508008563799,0.491999722442,0.479668640366,0.503875397592,0.527025423506,0.537983842165,0.550122946763,0.607799867102,0.39791615361,0.527359472,0.525628024371,0.517343769275,0.529350803364,0.57638408568,0.547213658184,0.556337398287,0.575294935252,0.584593306303,0.607229015844,0.635862276981,0.693148458543,0.727785332665,0.767608320992,0.734891666541,0.731646131125,0.723484297129,0.713413530605,0.697381744569,0.684218943746,0.672556350942,0.662241867912,0.653145063779,0.645083402361,0.637892346693,0.631437685759,0.625611396398,0.620325840166,0.615509112624,0.611101610386;0.526798720719,0.52654113282,0.526077263293,0.525282002473,0.523959700412,0.521849245123,0.518908691957,0.517237089953,0.528285510967,0.630841722,0.508092930071,0.490700961955,0.502700833918,0.517263058231,0.549720257064,0.543094716484,0.554568610315,0.584492407999,0.517740037796,0.534529771274,0.545013137656,0.530018888299,0.537249353987,0.549498592111,0.567767863792,0.569301010886,0.595111240622,0.628686286738,0.619607438061,0.643490414635,0.68676628646,0.733766107242,0.724098242382,0.706252298735,0.696947093043,0.717523901848,0.712827335279,0.68820849519,0.674446412278,0.664070494469,0.65509285933,0.647088058104,0.639887634274,0.633378590786,0.627470321739,0.62208717204,0.617165228758,0.612650155001,0.608495523061;0.52595656103,0.525746120855,0.525335119659,0.524551958936,0.523048686588,0.520040340822,0.513418449979,0.49813377333,0.498830162205,0.501875505168,0.494563858801,0.44546993141,0.504428365553,0.496225116217,0.535871887987,0.545976653072,0.551530811878,0.552631002328,0.528584863653,0.526035953289,0.535361693337,0.536471953747,0.537032322511,0.517306799326,0.535279440719,0.563978675492,0.581870921363,0.597418927068,0.611512558272,0.632074995291,0.657601744978,0.681411932977,0.69011512858,0.68969396231,0.68841769588,0.687103896907,0.682146985271,0.672720393288,0.66325065828,0.654865380686,0.64732960567,0.640461627877,0.634168684969,0.62838959953,0.623073904959,0.618176559048,0.613656804814,0.609477871219,0.605606753948;0.525087208251,0.524969731126,0.524712854347,0.524152775749,0.522919249197,0.520073462191,0.51246452138,0.480129063455,0.479737007553,0.417697445717,0.49418313673,0.497679661237,0.516419698373,0.534473445799,0.547105929699,0.553345676083,0.570855723215,0.540369904795,0.55516089148,0.517006788167,0.52861989476,0.538554694528,0.539905762757,0.533027191965,0.540954075671,0.55797807366,0.568623051546,0.576754370866,0.593967172828,0.615587712204,0.635410794878,0.652185597374,0.665674477183,0.692230982258,0.681474729004,0.669637441712,0.664099504904,0.658106369609,0.651647069767,0.645275376293,0.639200922181,0.633470731453,0.62809095678,0.623055390719,0.618351123535,0.613961006298,0.609865574666,0.606044500539,0.602477577414;0.524121528118,0.524120309599,0.524100350636,0.523975394847,0.523535352545,0.522338451045,0.519652490882,0.516284135166,0.522727890597,0.532336449491,0.507971877563,0.425503707534,0.518465658803,0.571389303402,0.572663660941,0.569704963115,0.550086035332,0.549709332637,0.572078790163,0.531752357679,0.534454399564,0.542786632809,0.546021219129,0.546553754065,0.547938539788,0.552012230685,0.554603110034,0.502365879068,0.568296475765,0.599925068632,0.618064061566,0.632417618663,0.645386249567,0.660932871523,0.660253099246,0.653264892087,0.649074506793,0.644961287178,0.64045886838,0.635733678436,0.630979706824,0.626316970624,0.621812175427,0.617501394634,0.613402382316,0.609521306706,0.605856902939,0.602403227286,0.599151521668;0.522959282006,0.523042910816,0.523264138218,0.523654627112,0.524208054029,0.524920707465,0.526121715836,0.529683962217,0.543087970834,0.57039168143,0.539113957179,0.532210774947,0.285524032357,0.57165568625,0.583043473501,0.553863114859,0.530247180183,0.555222208909,0.572683968801,0.555163544318,0.54629652554,0.548468009857,0.555627578224,0.553986914488,0.544544261556,0.534197855787,0.545924488845,0.550116561482,0.568961441638,0.589642438044,0.604314010617,0.616216419708,0.626422694791,0.634318722999,0.637587007185,0.637144877873,0.63540547876,0.63295401527,0.629933258452,0.62651957532,0.622888486772,0.61917507209,0.615472256372,0.61184106228,0.608320267288,0.604933341079,0.601693221525,0.598605627415,0.595671379983;0.521480948521,0.521532049646,0.521873193771,0.522679104008,0.524116226878,0.526313050819,0.529492292347,0.534296163371,0.541533090504,0.548854315931,0.558779310855,0.624663957611,0.567548294913,0.611242582053,0.613046523638,0.572022436138,0.555639960213,0.556668443268,0.574658925479,0.555766598994,0.546625503601,0.549384001427,0.586099636648,0.566218678484,0.540093202905,0.462916654863,0.541453232346,0.558755343402,0.57091940163,0.582486416631,0.59245795561,0.602001874825,0.610955470084,0.617753178585,0.62173611073,0.623270273122,0.623176502573,0.62203235016,0.620161021154,0.617784789735,0.615078597616,0.612178263036,0.609184637478,0.606170089648,0.603185264873,0.600264744429,0.597431387515,0.594699562309,0.592077527459;0.519572344808,0.519354991614,0.519513321908,0.520431852072,0.522542341932,0.526023269813,0.530647543514,0.536058723386,0.54216837198,0.54946003133,0.560518361381,0.575864834199,0.578671981752,0.595447323647,0.62812121235,0.579683333781,0.567810890805,0.543870256568,0.545913659663,0.540542082825,0.53609848651,0.537936281995,0.545604442402,0.547346125797,0.542969041303,0.541084913105,0.549597650504,0.560038935468,0.568778631197,0.575233356651,0.577902455347,0.586781230744,0.598269590027,0.605286715464,0.609486576173,0.611710280287,0.612487039493,0.612216702874,0.611186351283,0.609607007464,0.607641601379,0.605417618011,0.603033468256,0.600563600805,0.598063272333,0.595572761519,0.593120858725,0.590727641903,0.588406636635;0.517168796947,0.516295668842,0.515654497081,0.515950508216,0.518413120027,0.523660255046,0.53065540372,0.537462795027,0.543155269363,0.549530307429,0.55843331101,0.570053019351,0.581466466616,0.586147858558,0.576856597659,0.52010853812,0.558359671682,0.484621938638,0.536763533015,0.509939470673,0.511214933153,0.511907821849,0.518066072337,0.531519709363,0.540774574162,0.546555376184,0.55295535536,0.559993014065,0.566336002432,0.569698280846,0.54295437845,0.572814402536,0.589863724764,0.595913494723,0.599730854292,0.602053622729,0.603212044443,0.603459400673,0.603003104157,0.602011860655,0.600622934609,0.598947654093,0.597075259084,0.595076143927,0.593004929533,0.590903335186,