LCK__poly=[0.253426599183,0.254467551578,0.255623411844,0.256942449768,0.258501028198,0.260410567079,0.262800883393,0.265733258866,0.269048733994,0.272540199481,0.276795020637,0.281103820615,0.276364620322,0.267164733276,0.258077469972,0.249842116597,0.238287827419,0.215666763384,0.237037827421,0.242407138267,0.256541409284,0.271216164009,0.247934293473,0.362966055986,0.353854218878,0.362727751415,0.364573268391,0.364300216242,0.392636006242,0.392883332713,0.539512031676,0.487042278894,0.586296378524,0.641540737281,0.54398133644,0.573533830289,0.585951553438,0.528176257783,0.478443957987,0.451764041618,0.432314740373,0.416645180192,0.403456819387,0.392088943596,0.382137212716,0.373325608591,0.365453169051,0.358367562014,0.351950089635;0.251470850504,0.252412708486,0.253461819812,0.254677020952,0.256169726957,0.258149178474,0.260977092982,0.265106677422,0.270432542968,0.275369989504,0.282177171642,0.316513915393,0.258782702121,0.272934356837,0.259081218825,0.250064098846,0.237367864997,0.204147191823,0.236781255983,0.239147000682,0.232414649559,0.228155457313,0.301850683172,0.35459170771,0.346378577128,0.350933865574,0.373324684038,0.385987096086,0.41263433284,0.431787381963,0.448535958801,0.480597258701,0.539571095418,0.549941889193,0.498390615737,0.511569322478,0.512058188613,0.488097575069,0.461842330239,0.440621824719,0.423633275136,0.409500726656,0.397402882776,0.38685073952,0.377527310678,0.369210293985,0.361734627604,0.354972898145,0.348824085916;0.249414872738,0.25022658462,0.25111533249,0.252130696083,0.253385808115,0.255155000542,0.258131689431,0.26401337326,0.275776524456,0.285475088216,0.280263594588,0.289225388086,0.342108062738,0.272892395773,0.253962628611,0.248471299681,0.240873710653,0.203645514866,0.180256608649,0.243810166784,0.243791319656,0.270262924787,0.304269697365,0.368005684861,0.309743840332,0.33611298046,0.36999179031,0.400245780946,0.416711512327,0.434240991626,0.436914226512,0.465546456364,0.55742357136,0.48540850973,0.424396902187,0.439985345758,0.495469728576,0.46312199282,0.443226462098,0.427001383476,0.413030800744,0.400858575299,0.390138075504,0.38060653144,0.372066450786,0.364366131841,0.357385853366,0.351028962585,0.345216073095;0.247273053467,0.247929567663,0.248610390121,0.249326468323,0.250118385966,0.251135249145,0.25298797127,0.258512548333,0.282311528703,0.443673700167,0.270016704744,0.255620500908,0.257843358867,0.240404491917,0.232293019715,0.245162888101,0.241977831685,0.22699853951,0.274572737267,0.265239352198,0.221983400182,0.27403329353,0.2961646055,0.307291200412,0.307249704691,0.329385021797,0.339711510328,0.341332314731,0.38537208823,0.406871092926,0.43372907541,0.493964958045,0.487261740543,0.455692968933,0.438516788178,0.421848437751,0.452355258269,0.438309890757,0.424463697655,0.412375530535,0.401303987951,0.391183182031,0.381962277881,0.373564379591,0.365905506333,0.358905629107,0.352492420483,0.346601880276,0.341177853844;0.245067640304,0.245559599909,0.246014192828,0.246385634253,0.246580873505,0.246380834099,0.245135334685,0.241272611924,0.248661383176,0.255801687535,0.244981962414,0.216253805933,0.239496550999,0.224156083915,0.235170507769,0.244655516642,0.243677284111,0.249456320267,0.281364314068,0.287457370049,0.277261615904,0.283641765003,0.292222507264,0.287077838341,0.301505347745,0.323433516754,0.336152023026,0.34935963188,0.367950028977,0.386930583774,0.408103019916,0.431682605407,0.434990804508,0.421575954867,0.415337509928,0.414783448821,0.416640214442,0.413394807817,0.406013983362,0.397593149637,0.389113386135,0.380929010268,0.373189768097,0.365948524041,0.359209412914,0.352953084409,0.347149801309,0.34176612528,0.33676829594;0.242821933952,0.243159617916,0.243411819892,0.243489592669,0.243200906483,0.24206949554,0.238537586166,0.223124788568,0.221924712572,0.192293984496,0.226913433409,0.227216159573,0.233502872836,0.239160344337,0.247361500807,0.248563175574,0.215889316797,0.243284696094,0.262653330857,0.311691350998,0.297433667855,0.289641370286,0.292368906874,0.294009702549,0.304610888967,0.319797866955,0.329545947857,0.337292409124,0.351078501576,0.367373708112,0.382040057444,0.392988100937,0.394105986521,0.367547454095,0.380856309961,0.393425714252,0.395365798062,0.393523216659,0.389108835201,0.383316773268,0.37695695066,0.370472999416,0.364102712092,0.357971237171,0.352139915523,0.346633511711,0.341455919488,0.336599328302,0.332049613717;0.240550996659,0.240757765462,0.240861420434,0.240765921786,0.240276464657,0.238990886146,0.236105287516,0.230712296702,0.223354026272,0.215134572292,0.215711548212,0.181532207573,0.221899170557,0.228824254281,0.262500130981,0.278857073449,0.24528301632,0.248846143757,0.253679867994,0.298881574438,0.295000404451,0.288958043063,0.291692574514,0.298691894389,0.30964539235,0.320330367007,0.323462211001,0.292172804802,0.330523723642,0.349690134141,0.36087571048,0.368239795955,0.369899644703,0.362126980815,0.366937424624,0.375264400081,0.377489275669,0.37666360353,0.37389357893,0.369878882677,0.365154248516,0.360090345889,0.354927109385,0.349814321128,0.344842424001,0.340063415395,0.335504598533,0.331177539894,0.327083884054;0.238254569212,0.238351767616,0.238359996205,0.238208883025,0.237760059663,0.236763407165,0.234815731114,0.231217741495,0.222949916291,0.20726185602,0.214793779633,0.189608908003,0.116217230149,0.242231188717,0.269836079689,0.272319310859,0.248655297721,0.255683711808,0.252616946398,0.269816382452,0.279849440627,0.282965104571,0.284977683678,0.295178818382,0.314609205936,0.337034583091,0.327920192108,0.318670335766,0.325422939972,0.335662237368,0.34319987454,0.348961882925,0.352717599013,0.354741232083,0.357472411643,0.360575717236,0.362093547413,0.361824395801,0.360111847253,0.3573424533,0.353864182047,0.349956560642,0.345826851279,0.341621096222,0.337438588203,0.333344682895,0.329380754111,0.325571500393,0.321930159356;0.235915965957,0.235905161899,0.235838574321,0.235693522574,0.235406037389,0.234842263255,0.233796391876,0.231972154922,0.22903172297,0.225894401554,0.220712176444,0.187840638602,0.230488261405,0.28963454717,0.270240940308,0.263628940438,0.263383801442,0.259846444993,0.249749562294,0.26348478885,0.272977926263,0.277213043568,0.261885314598,0.284147519292,0.316314648956,0.420833372384,0.331170671745,0.319654630072,0.319763941358,0.322795418508,0.326197708678,0.330724185886,0.336063412162,0.340661252433,0.344253088911,0.346880020398,0.348309769155,0.348474040675,0.347515574255,0.345660214885,0.343141976771,0.340168892981,0.336910358835,0.333496657027,0.330024096788,0.32656171124,0.323157588809,0.319844164158,0.316642378154;0.233508263107,0.233354219412,0.233170701203,0.233006860278,0.232898200826,0.232782812968,0.232550364805,0.232228048121,0.231979981596,0.231919200849,0.231400139828,0.23152180704,0.244225115597,0.255242560112,0.236893204539,0.275855125357,0.287998560287,0.262170100025,0.260797547211,0.263089959922,0.268546858923,0.275437054314,0.281129359352,0.290574901298,0.304195040696,0.315595079265,0.314306148384,0.311090292129,0.309936700961,0.308245114078,0.304355771475,0.308315810708,0.318709065966,0.326175303233,0.330964587488,0.334002962918,0.335711241679,0.336292543892,0.335915930803,0.334756764583,0.332988982028,0.33077205636,0.328242841206,0.325512983415,0.322670147966,0.319781138288,0.316895580001,0.31404944495,0.311268106825;0.231008786171,0.230625562495,0.230172148357,0.229802121728,0.229804024161,0.230149981523,0.230436991291,0.230998580228,0.232616601501,0.235332911705,0.239821183709,0.248279121465,0.257514136487,0.257086096893,0.258631259862,0.252824414555,0.282456530666,0.237143350207,0.260617644476,0.250909847981,0.258893937311,0.2719761908,0.291972843834,0.295735376732,0.296595587257,0.299524258812,0.300914307753,0.300791700223,0.299438166433,0.293647070912,0.25979887578,0.270949826274,0.302359912511,0.313135493981,0.318803929896,0.322198614467,0.324180608113,0.325105701585,0.325178318893,0.324556756715,0.323381309545,0.321778312645,0.319858525585,0.317715736398,0.315426859112,