TCL1A_OAC1=[0.0261474935427,0.0265212013848,0.0269735517088,0.027530040663,0.0282241750258,0.0290886092655,0.0301571557224,0.0315488633204,0.0334347242484,0.0353106152842,0.0347420197944,0.035799099494,0.0382269965785,0.0339316052742,0.0392586672845,0.0454690433047,0.0500681494133,0.0598663331404,0.0687256826784,0.0676074776573,0.0646146492305,0.0605983180129,0.0543191486024,0.0492698498195,0.0480091874655,0.0461502646205,0.0444269457618,0.0431529154913,0.0423320623673,0.0419999460963,0.0422778491991,0.0429935205555,0.043894347864,0.0448747289725,0.0458858704198,0.0468713244565,0.0477524696918,0.0484372263023,0.0488426835379,0.0489212578848,0.0486756582003,0.0481538649378,0.0474291089645,0.0465778033098,0.045664924543,0.0447385494086,0.0438305759555,0.0429600940485,0.042137127909;0.0253302340041,0.0256206221901,0.0259728530638,0.0264143388244,0.0269956078863,0.0277596084211,0.0286339386501,0.0295035577485,0.0324532794276,0.0361826895714,0.0390948469389,0.0412527065554,0.0419278481753,0.0406732019478,0.0397000277086,0.0417558201927,0.0445849589256,0.0563536346657,0.0633515996345,0.0660670777756,0.0695842596106,0.069164145294,0.0633261552972,0.0567708815882,0.0516182714555,0.0480020482391,0.0460957312187,0.0449237725773,0.0441666491719,0.0438492492048,0.0439891594673,0.0445311122961,0.0453799260414,0.0464530526543,0.0476748121059,0.0489475321968,0.0501341128101,0.051067337172,0.0515919968684,0.0516225761002,0.0511759394259,0.050353289925,0.0492897565431,0.0481091752326,0.0469028631908,0.0457283148765,0.0446167929938,0.0435821588055,0.0426278751999;0.0244428248145,0.0246273526632,0.024836319776,0.0250773852365,0.0254241853905,0.0260602786395,0.0267255156041,0.0256587142231,0.0310561130312,0.0373492551431,0.044258917066,0.0485353530346,0.0467862908897,0.0445118292243,0.0427232254744,0.0389459520138,0.0460493741205,0.0563373824503,0.0644648852176,0.0699413583363,0.0858426430672,0.0884051725163,0.0740080393118,0.0621208326395,0.0529630168321,0.0447687805971,0.0465402828518,0.0459551773781,0.0453367715937,0.0450801882523,0.0452473868884,0.0458325450087,0.0468063147053,0.0481285277788,0.0497361270909,0.0515099088875,0.0532390414115,0.0546227776211,0.0553554571057,0.0552745334301,0.0544463407423,0.0531020544679,0.0515011838152,0.0498413604875,0.0482401846205,0.0467538277862,0.0454011118938,0.0441813313845,0.0430849474012;0.0234987361955,0.0235646578244,0.0235970211697,0.0235167625972,0.0231293742305,0.0236596603274,0.024669800904,0.0214059629833,0.0291606303813,0.0371804395973,0.0514160213993,0.0830273933808,0.0532180679504,0.0464422456908,0.0427317728815,0.0321991437532,0.0485674976876,0.0583992524367,0.064182700999,0.095060017766,0.136979140496,0.14443327611,0.0833837535924,0.0651779023219,0.0545395153241,0.0471270444763,0.0471180389015,0.0464973453448,0.045994592533,0.0458578571645,0.0461498848339,0.0469017484346,0.0481376946598,0.049876294619,0.0521072210592,0.0547294641507,0.0574491881509,0.0597079605115,0.0608323259148,0.0604675350524,0.0588513295563,0.056557443215,0.0540920271771,0.0517435319184,0.0496274572364,0.0477659299329,0.0461413901798,0.0447237224412,0.043481875081;0.0225119400973,0.0224669021393,0.0223359681528,0.0219475809836,0.0206601245566,0.0211517014171,0.0234965275844,0.0248980749396,0.0270427997421,0.0327921785497,0.047409404707,0.0857773171167,0.052515941675,0.0400669078316,0.0391482866898,0.0444896433031,0.0508657720113,0.0500683301986,0.0990345916882,0.174951246786,0.123075829077,0.109578413387,0.0782101441215,0.0631693974934,0.0547632981034,0.0493554422357,0.047154047894,0.0464957197383,0.0462027772249,0.0462513577567,0.0467315491954,0.0477247094153,0.0493213779057,0.0516335565689,0.0547798756312,0.0587996410847,0.0634049699542,0.0675632636998,0.0695396336302,0.0683586036322,0.0649398670061,0.0608453180967,0.0570042439554,0.0537103924447,0.0509657609226,0.0486860517305,0.0467790284669,0.0451666113938,0.0437876496905;0.0214835286858,0.0213581456588,0.0211271275769,0.0205826547259,0.0179980359159,0.0199866198176,0.0217427444334,0.023052647042,0.0235697606891,0.0292739472351,0.0365226079582,0.0422270003676,0.042824579019,0.0399494265282,0.0407248188545,0.0445905420787,0.0509041890038,0.0622865621255,0.0888786419698,0.119307392439,0.0940359537566,0.0791611870695,0.0562153274307,0.05621636023,0.0517620148301,0.0429307615192,0.044788376329,0.0459233861071,0.0460353911792,0.0463085549153,0.0470009380795,0.0482615483859,0.0502602337046,0.0532439461807,0.0575819824498,0.0637616165755,0.0720661853212,0.0810770239075,0.0854732410263,0.081420588838,0.0733618877901,0.065844529532,0.0599676796008,0.0555128066897,0.0520933637011,0.0494060388981,0.0472423507599,0.0454620485555,0.0439696493984;0.0203752249594,0.020230122923,0.0199745652353,0.0194749330011,0.0184638440433,0.018057827605,0.0189595848684,0.0195239656264,0.0200621474089,0.0235797407495,0.0271605501224,0.0313978494625,0.0344997140437,0.0329836340977,0.0383841908576,0.0423220138017,0.047764470169,0.0553676157776,0.0629151637181,0.0659245614393,0.070241996797,0.0641036136959,0.0539307690419,0.0502671493689,0.0489786749224,0.0449486285928,0.0447114578789,0.0453842491126,0.0456306197501,0.0460730757259,0.0469532280511,0.0484520992914,0.0508086492056,0.054417274705,0.0599947986718,0.0689319790739,0.0839298413276,0.107840916254,0.123585387152,0.104842178814,0.0838438212069,0.0706330576911,0.0623399590019,0.0567762153266,0.0527975969252,0.0498028238034,0.0474576672141,0.0455642344994,0.0439983812048;0.0190088421231,0.01905528052,0.0188241211072,0.0183320755049,0.0175549676574,0.0171280703116,0.0172484498184,0.0171657654713,0.0172019975501,0.0204794552896,0.0249798066079,0.0284384736443,0.030507689378,0.0317646288293,0.0348225578355,0.0387930151415,0.0433336683841,0.0483046931244,0.052914849973,0.0561758073094,0.0571899273528,0.0549130658759,0.0492927289794,0.0470819987091,0.0470395144959,0.0457344197744,0.0449568733625,0.0448215930214,0.0450171664117,0.0455617181906,0.0465771058409,0.0482359166048,0.0508102254868,0.0547843144837,0.0611236861046,0.0720586282081,0.0940804994918,0.156020073577,0.321719191706,0.137185848331,0.0912883267424,0.0729041957242,0.0631488480893,0.0570724764352,0.0528756620864,0.0497725082747,0.0473677537378,0.0454396411699,0.0438531732871;0.016707156285,0.0179300037589,0.0176620943183,0.0169854393141,0.015991150657,0.0156737303765,0.0152580328408,0.0114303176088,0.0149618060444,0.0180280101754,0.0220248585742,0.0252716116879,0.0273869350222,0.0226070120518,0.0282389164715,0.034931880473,0.0390060004638,0.0425017045162,0.0455901847614,0.0480398952632,0.0492068961588,0.0487982834324,0.0473125488345,0.045986823144,0.0451462220182,0.04443104408,0.043977906027,0.0438846375322,0.0441417436632,0.0447741658769,0.0458701706561,0.0475845363128,0.0501756165806,0.0541013480239,0.060251706859,0.0705862734761,0.0902261617563,0.134795640703,0.187319200561,0.121957170454,0.086121237314,0.0702697323758,0.0616942629782,0.0561665899523,0.0522354167275,0.0492732742938,0.0469512651751,0.0450763884254,0.0435269958522;0.0171883596752,0.0171091693479,0.0165303493563,0.0154083213943,0.0129121334342,0.0141006808339,0.0136836778751,0.0149464882753,0.0153151204398,0.0158292470235,0.0186047310333,0.0226531419675,0.0252543723212,0.0267739138806,0.0286050897956,0.0323024468264,0.0353395234507,0.037461962958,0.039069031956,0.0418510993456,0.043537472528,0.0440414810204,0.04380840573,0.043331616295,0.0429087003188,0.0426162568488,0.0425032326522,0.0426213991781,0.0430126515521,0.0437299244948,0.0448574767784,0.0465270969316,0.0489456234705,0.0524485205972,0.0575990313187,0.0653419531143,0.0769847795324,0.0919791231393,0.0987478245256,0.0855251209268,0.0693144359974,0.0632275791056,0.0583569217136,0.054244817491,0.0509649179313,0.0483491630187,0.0462319341598,0.0444882340722,0.0430283695405;0.0170112620622,0.0163951287674,0.015321573658,0.0141959245234,0.0132443843425,0.0139748889327,0.0141288573669,0.0135748994122,0.013547866832,0.0135482331165,0.0164696143742,0.0205993031399,0.023622196559,