CCR7__poly=[0.0346102401833,0.0353397256119,0.0362050519221,0.0372424343311,0.0384944397216,0.0399962967976,0.0417232540523,0.0434414649638,0.0444569952934,0.0437160309756,0.0408886625037,0.0370244477061,0.0341272160758,0.0328950704145,0.0318325429357,0.0305961115387,0.0288213403798,0.0257716932996,0.0281460486845,0.0289128944776,0.0311801512742,0.0339737513055,0.0312892935882,0.0386777969765,0.0375190667546,0.0394568413042,0.0393755435963,0.0394771449438,0.0439229092391,0.0471210583134,0.0595415558399,0.0674690110155,0.0463598786455,0.0358689662047,0.0514024016747,0.0513627101504,0.0492201628865,0.0523523014195,0.0531179921548,0.0514479094893,0.0495551036186,0.0478240015838,0.0463090290022,0.0449917979955,0.0438414254117,0.0428291811957,0.0419313129846,0.0411288264138,0.0404066266871;0.0345137156642,0.0353083056852,0.0362806972451,0.0374988579662,0.0390680931793,0.0411512370814,0.0439724034226,0.0476521317609,0.0512570223728,0.0511322864237,0.0451677682527,0.0357337602145,0.026603523671,0.0319723108721,0.0316867785743,0.0305211314609,0.0284652823645,0.0239584183466,0.0273243951408,0.0274801393721,0.0268377316329,0.0262529159952,0.0330709722865,0.0338305279032,0.0346077056333,0.0365424981067,0.0373110447637,0.0375506030272,0.0416864198528,0.0463789607076,0.0523286204013,0.053117511174,0.047741387028,0.0470773718145,0.0634766988243,0.0745200075057,0.070719995142,0.0636281584451,0.058173948504,0.0541549240189,0.0511251146281,0.048775437685,0.0468970848035,0.0453541033923,0.0440573693255,0.0429470132536,0.0419816188303,0.0411316828886,0.0403756068325;0.0343114904114,0.0351409426117,0.0361775284103,0.0375154071445,0.0393200297768,0.0419102740741,0.0459689345971,0.0530791249289,0.0660488045121,0.0733073073339,0.0546619737933,0.0391091403851,0.0254823286564,0.0316728705748,0.031399393872,0.030436637154,0.0286386656258,0.0232388318841,0.0197040058461,0.026385551606,0.0267193223911,0.0294673351806,0.0314609133148,0.0298991835186,0.0304896674985,0.0343078526606,0.0355379849612,0.0363068469372,0.0396459573142,0.0427035879301,0.0450708649939,0.0456770934853,0.0434739632822,0.0564807451882,0.0764171908789,0.169113357639,0.100041696836,0.0736983588925,0.0623405388553,0.056131272895,0.0521538271335,0.0493328798099,0.0471944688036,0.0454970082917,0.044103635243,0.0429305855702,0.0419234882521,0.0410453667314,0.0402700954344;0.0339888373841,0.0348124553128,0.0358495006683,0.0371999539865,0.0390441089201,0.0417502304734,0.0462255101232,0.0554648264556,0.08587517072,0.289443638168,0.0640832126973,0.0423496992455,0.035401299903,0.031421365853,0.0297978883526,0.0304243992946,0.028649211345,0.0250332387897,0.0256916944769,0.0251382532772,0.0231235416509,0.0290026955184,0.0308807067564,0.0312736688076,0.031476967735,0.0339900506834,0.0347004522799,0.0346917204744,0.0394645429011,0.041801788418,0.042036652287,0.0405341645967,0.0477945045196,0.0595184362955,0.0825588778315,0.136435870534,0.10397028065,0.0751714372562,0.0631002325639,0.0564873630806,0.0522818675282,0.0493312069049,0.0471168495421,0.0453737452976,0.0439525985614,0.0427627681163,0.0417458864996,0.0408625498923,0.0400851041241;0.0335424492102,0.0343172671898,0.0352866515002,0.0365319496711,0.0381869418448,0.0404850228011,0.0438458564376,0.0490855990283,0.0613641229883,0.0697726471473,0.0528159773152,0.037532479831,0.0364842060119,0.0316663981828,0.0314038380691,0.0309214447165,0.0290156422021,0.0274114157576,0.0267181670805,0.0267603805532,0.027821846102,0.0294239258309,0.0305423286072,0.0299355391445,0.0314332858761,0.0337757475791,0.0351503015789,0.0366672472638,0.0388577180086,0.0409490073709,0.0426474131384,0.0445064580941,0.0489656244955,0.0567512796407,0.068375438671,0.0794525656261,0.0771813070006,0.0678451256917,0.060316408041,0.0551171063623,0.051448092024,0.0487371060482,0.0466457036284,0.0449736017453,0.0435978291996,0.0424395908322,0.041446317882,0.0405816512996,0.0398196344976;0.0329810423319,0.0336708349008,0.0345192971615,0.0355770023375,0.0369079160887,0.038569409223,0.040457806091,0.0408441645491,0.0437014934642,0.0384493748141,0.0423501023723,0.0387631305423,0.0371326079839,0.0357374636952,0.0341706591566,0.0317677242007,0.0260019301895,0.0273018643897,0.0267398854062,0.0264237340165,0.0281419601951,0.0295730054585,0.0304189578164,0.0306741042488,0.031754701892,0.0333957675696,0.0346533144759,0.0358522247947,0.0377642390216,0.0399689597571,0.0421061582206,0.0445125444707,0.0475303669954,0.0488259114026,0.0561069759538,0.0621713465405,0.0627985518126,0.059895209441,0.0561036828275,0.0526939369859,0.0499050404177,0.0476592796465,0.045833578097,0.0443245357713,0.0430554264074,0.0419709571564,0.0410312263155,0.04020707163,0.0394768205943;0.0323221396167,0.0329024874677,0.0336009922725,0.0344417626548,0.0354398317823,0.0365709191447,0.0376941720703,0.0384838083381,0.0385521835368,0.0375001447298,0.0370659438473,0.030675443249,0.0373208729701,0.0375327627603,0.0370846193897,0.032924238188,0.0298325272544,0.028534111096,0.026660469086,0.0270186700242,0.0283710634488,0.0294941103624,0.0302027919082,0.0308836441964,0.0317458793803,0.0327477119029,0.0336182111138,0.0310938251907,0.0359273240233,0.0387631222105,0.0409065450427,0.0430821276803,0.0453354135533,0.0470699260335,0.0505613513636,0.053845091857,0.0547756375699,0.0538740990247,0.0520343904884,0.0499645898727,0.0480089948306,0.0462772767359,0.0447769473409,0.043481670965,0.0423586748294,0.0413779632906,0.0405145614227,0.03974838382,0.0390634503344;0.031586939354,0.0320445089801,0.0325841456945,0.0332154935569,0.0339343369581,0.0347028824645,0.0354180286275,0.0358577376492,0.0353682789037,0.033402449548,0.0351926654223,0.0322839722507,0.0216879963149,0.0513485002143,0.0486023951425,0.0361075651004,0.0312377733454,0.029860600108,0.0276489924869,0.0280908988647,0.0287404554374,0.0291911777574,0.0293790193724,0.0300658241696,0.0308883515516,0.0312548519766,0.0327222041153,0.0336832005712,0.035551954612,0.0376138857561,0.0394360373341,0.0412843849132,0.0432197802736,0.0451952487014,0.0472398274491,0.0489226341606,0.049677307185,0.0494649774711,0.0485771997731,0.0473538360155,0.0460378240538,0.0447608597507,0.0435794096767,0.0425096238867,0.04154908027,0.0406881059829,0.0399150911419,0.0392187603722,0.0385890097096;0.0307960015092,0.0311238391893,0.031504591353,0.0319448851319,0.0324413135327,0.0329689304054,0.0334716757957,0.033859528541,0.0340489382929,0.0342537050815,0.0345449470917,0.0315405719639,0.0463114536646,0.107536786916,0.0743314816028,0.0409102277703,0.0331092297891,0.0300790459573,0.0275498930349,0.0281109366709,0.0285444707431,0.0286521834748,0.0267990299749,0.0285897105513,0.0300271267878,0.0266964332673,0.0320187323808,0.0337282103614,0.0350939918865,0.0364211021103,0.0377319278535,0.0392466535647,0.040983801192,0.0427135675089,0.0442592706598,0.0454368106315,0.0460728373979,0.0461334462002,0.0457257557962,0.045013986949,0.0441472472554,0.0432306027761,0.0423266819175,0.0414678283656,0.0406678473813,0.0399302664433,0.0392533819595,0.0386331085079,0.0380645012468;0.029967531906,0.0301593276856,0.0303782576586,0.0306367334816,0.0309451766025,0.0312974299281,0.0316722399143,0.0320599824179,0.0324854755836,0.0330381364214,0.0338776893147,0.0358493998401,0.0427395440709,0.0538227181778,0.0445401702561,0.0350869990166,0.0303496345966,0.0287565413797,0.0281621300788,0.0278615329365,0.0279003502153,0.0280725909743,0.0282236040852,0.0289965302733,0.0300189516807,0.0308431793394,0.0320597552944,0.0332776161544,0.0342844778359,0.0349932917055,0.0353509939269,0.0366078372434,0.0386750159325,0.0404159968564,0.0417697402801,0.0427481776795,0.0433287377651,0.0435160759977,0.043365435819,0.042964177753,0.0424028655811,0.0417564110495,0.0410783264888,0.0404029400191,0.0397502981969,0.0391308898455,0.0385492420342,0.0380063628156,0.0375012957308;0.0291187086786,0.0291644681409,0.0292045215713,0.0292628689405,0.0293870962565,0.0295908884755,0.0298373887671,0.0301676114326,0.030662408319,0.0312998863203,0.0321308428037,0.0333923170415,0.0353122813489,