CD44_OAC1=[0.78739378856,0.78382582465,0.779853930061,0.77567804837,0.771692729173,0.768256052828,0.765175257085,0.761017881841,0.752987618226,0.737959115541,0.683112289242,0.679588199317,0.716776713314,0.617219723403,0.659306039634,0.691302871002,0.712040868973,0.724711977841,0.700185298506,0.686282958993,0.67926687799,0.671886806129,0.651338423839,0.638269788945,0.652115528075,0.654509458677,0.657950773633,0.665864160977,0.677645001476,0.690241009924,0.700694817556,0.709288645131,0.717148184199,0.724499447885,0.731279464543,0.737449367344,0.743013431041,0.747995874589,0.752429228181,0.756353173393,0.759815695118,0.762871481822,0.765577412773,0.767987628995,0.770150198604,0.7721057758,0.773887689305,0.775522765143,0.777032401392;0.78905632184,0.785016469456,0.780218997484,0.774865923122,0.769906370498,0.766849344054,0.766359654623,0.768341300493,0.757452787664,0.743371620041,0.728724447947,0.72806558103,0.72861634992,0.700216577253,0.670298044865,0.694623470397,0.658213838854,0.700307972601,0.683292589075,0.650812364415,0.655320218667,0.663447178556,0.659390685451,0.653513972993,0.648122798019,0.646322343815,0.656774001877,0.669931771161,0.682195351881,0.693486497681,0.703523857987,0.712356439932,0.720296016324,0.727550979991,0.73419909527,0.740266010376,0.745761206498,0.750687923779,0.755052524523,0.758877231278,0.762207416674,0.765107036035,0.767646525151,0.76989186612,0.771899004716,0.773712749221,0.775367907971,0.776891123739,0.778302698876;0.791282460592,0.786755015057,0.780760404001,0.772789028542,0.76416176014,0.761271604681,0.765492386206,0.784003443737,0.755971108645,0.744268874779,0.748759418134,0.765285539343,0.766079945752,0.747266456906,0.740200650543,0.764746213942,0.736524370072,0.698385294879,0.657561857128,0.60266786717,0.639002062366,0.654279798612,0.653940941636,0.649651116757,0.627134454463,0.580434829895,0.645425766519,0.669996202257,0.68506112444,0.696948663355,0.707069912588,0.715931117151,0.723846351537,0.731028320258,0.737601411201,0.743623517016,0.749102209248,0.754008996143,0.758307720202,0.761995025759,0.765122904706,0.767783572814,0.770076939199,0.772088751244,0.773884725001,0.775512813158,0.77700732729,0.778392653707,0.779686161836;0.794339898596,0.789601038804,0.78260246595,0.770234833829,0.743539021346,0.739168711904,0.761433234422,0.793809728964,0.707262131003,0.724826390779,0.746205642624,0.793434682977,0.812962566511,0.771708071728,0.768647576155,0.825002315297,0.747375574493,0.705454636079,0.57043574592,0.649932786757,0.661575552741,0.607408546456,0.638625522626,0.644317829017,0.627718902395,0.600984672012,0.646108668232,0.671411989465,0.688020962224,0.700697813822,0.711082269395,0.719974349144,0.727833974598,0.734947054964,0.741488614982,0.747545241133,0.753113720098,0.758099874426,0.762369197106,0.765863262921,0.768669481476,0.77095905762,0.772891892988,0.774581044794,0.77609936209,0.777493109678,0.778791624463,0.780013401523,0.781170084199;0.798430105436,0.794087828746,0.787761056677,0.776100437467,0.735011295179,0.724190842131,0.757980169534,0.740261745011,0.689882413031,0.682916555001,0.723618161725,0.77775748517,0.660494226524,0.79967767919,0.794872073735,0.76934743512,0.752101916473,0.783969776894,0.681715621987,0.617491995228,0.659681472625,0.633667952386,0.630880662124,0.637179251327,0.638172104127,0.635103026644,0.650826250685,0.674062396716,0.691917447859,0.705211354931,0.715731677661,0.724550563403,0.7322821698,0.739300943098,0.745847173551,0.752058955181,0.757937523126,0.763261647332,0.767620099283,0.770791148485,0.773018310895,0.774702303089,0.776106370057,0.777359044417,0.778523030534,0.779630827085,0.780698695138,0.781733596404,0.782737533027;0.803563969516,0.800011602925,0.79586002492,0.792103203517,0.808106260451,0.786253431426,0.774191241159,0.753263846763,0.686499331601,0.734669319591,0.764105725658,0.783681368569,0.773969124307,0.786638514119,0.783090475963,0.770000702819,0.756054467577,0.739256282363,0.710171498771,0.677114451666,0.676047798618,0.651881524362,0.53601647404,0.616448284316,0.633884189951,0.571068168238,0.63293298474,0.677168251092,0.697527345042,0.710971649285,0.721231055615,0.729730101827,0.737187404107,0.744040443425,0.75060579054,0.757139759111,0.763781897386,0.770193729229,0.775052313717,0.777429940532,0.778405563344,0.779062154716,0.77970815904,0.780390826397,0.781118541719,0.781890194006,0.78269719921,0.78352715511,0.784367375323;0.809826699162,0.806532329258,0.803727595598,0.803361643431,0.809722553243,0.812489004295,0.800493239769,0.778330055573,0.742805540037,0.778055668339,0.802012519871,0.803310042485,0.797364331446,0.811738742967,0.787313758615,0.775817596322,0.763671230789,0.750875455016,0.745449978002,0.743491234979,0.700881921415,0.668467803432,0.60644496067,0.613985978247,0.644878291567,0.629310514743,0.656081215953,0.688421194106,0.706239564304,0.718325334491,0.727669849594,0.73550693953,0.742488590542,0.749050757488,0.755580970259,0.762555743055,0.770705943939,0.780700131728,0.788268666596,0.787117488444,0.784949778334,0.783986981766,0.783637468581,0.783614230593,0.783826340212,0.784219784162,0.784745704369,0.785361866689,0.786034892508;0.818695054294,0.813064000234,0.809627122427,0.809589076583,0.815072326028,0.819069429233,0.815720659968,0.80275571394,0.766512150789,0.805207553355,0.80209126047,0.800462337186,0.802466287513,0.805506476393,0.79680363739,0.784862991959,0.773193326268,0.762332911858,0.752363855577,0.73935789369,0.719413255159,0.693135230212,0.643021591742,0.642692386476,0.672670107382,0.681410043066,0.691962781878,0.705731920091,0.717557876704,0.727029656069,0.734894014374,0.741759594396,0.748061342437,0.754162274312,0.760471421678,0.767661493095,0.777390763794,0.796547740571,0.839649631103,0.799729261698,0.791964809304,0.789317065671,0.787810402587,0.786935025151,0.786559035894,0.786550421439,0.786793145052,0.787200812814,0.787713287478;0.837018204237,0.818557694177,0.812813155406,0.810947154921,0.818874188984,0.826039993498,0.833540954829,0.876050432692,0.843065088036,0.828713617024,0.812645052877,0.805830412171,0.807287170836,0.851863696717,0.82562738865,0.79553213035,0.782852278904,0.773602076249,0.764171807515,0.752060148516,0.737317290263,0.72060588685,0.704212729013,0.698687529605,0.703193049005,0.70855975499,0.714737472814,0.722079467975,0.729500858846,0.736342722674,0.74254740322,0.748277374508,0.753748359451,0.7592110172,0.765008063781,0.771738370414,0.780759827075,0.795857935163,0.812930806974,0.803328722579,0.798989869461,0.795372572659,0.79218287053,0.790203117097,0.789189739519,0.788794931511,0.788782133085,0.78900580162,0.78937635182;0.82885394972,0.821408460146,0.813917006186,0.798975582358,0.818514698477,0.828644218205,0.842302767209,0.832777844826,0.835509814872,0.839626744945,0.822954267743,0.80615243008,0.807249383673,0.812880408239,0.813177506294,0.800338454331,0.791362211561,0.786658587314,0.782431236704,0.76785304884,0.754365573162,0.742780406541,0.733617819293,0.728693946917,0.727894069516,0.729405199254,0.732333858884,0.736316789894,0.740872663911,0.745583667004,0.750247591956,0.754832140803,0.759404681533,0.764103335723,0.769149458896,0.774895512303,0.781861802527,0.790345024449,0.798811770411,0.807715043305,0.814737782114,0.803609822603,0.79642672002,0.793106847123,0.791542106914,0.790857356286,0.790657983162,0.79074347398,0.791002250284;0.828204202418,0.825663849993,0.822261146011,0.796138626102,0.771729424425,0.814266675593,0.819464205368,0.829271998313,0.832662721571,0.843988687062,0.771362866168,0.791901802378,0.805584243018,0.808453607805,0.807228213932,0.802939920935,0.798496953364,0.799271011678,0.836116219575,0.781791145229,0.768633353171,0.759925684494,0.753781792946,0.749803206146,0.747431285343,0.746500274555,0.747008675307,0.74872556372,0.751286097759,0.754354946245,0.757708339011,0.761237809124,0.764924420203,0.768817609794,0.773027093149,0.777719802496,0.783096890526,0.789369611571,0.797433560391,0.815064734856,0.872033353441,0.809308639287,0.79896601995,0.795159702222,0.793442618243,0.792664817394,