CD48_OAC1=[0.0659736068283,0.0659301684876,0.0658923071277,0.0658777283249,0.0659096017198,0.0659966630714,0.0661507442488,0.0666014800907,0.0677822726123,0.0690774232418,0.0668420038865,0.0701845939483,0.0775153092512,0.064605323161,0.0624696955069,0.0581944239207,0.0505939825045,0.0486783061921,0.0510968717768,0.0515230725685,0.0514472016211,0.0508806002125,0.0489589161273,0.048160424705,0.0507407227586,0.0521279347804,0.0528332059515,0.0532280455667,0.0534420824264,0.0536635664924,0.0541708882796,0.054831623054,0.0553884169911,0.0557753856026,0.0560157755885,0.0561474497518,0.0562048970025,0.0562167315206,0.0562055095134,0.0561874441958,0.0561724048197,0.0561647969087,0.0561651962946,0.0561720946191,0.0561832333236,0.0561963921392,0.0562097494806,0.0562219835695,0.0562322424757;0.0657673788369,0.0656167068493,0.0654294780426,0.0652181541311,0.065023792923,0.0648269755996,0.0642996129944,0.0630297858978,0.0651307823887,0.0674664416661,0.0678202020659,0.0685730548186,0.0694905698053,0.0663053390619,0.0596334788469,0.0543500238688,0.0487166447554,0.0519710366254,0.051285098053,0.0490955689788,0.0493991403567,0.0500182122129,0.0499624206186,0.0500138585487,0.0502920753088,0.0507445446871,0.0518484426428,0.0528264728542,0.0534758877654,0.0539605530158,0.0544144182778,0.0548530986683,0.0552241662244,0.0554934536529,0.05566028677,0.05574223017,0.0557639241546,0.0557515517458,0.0557287592789,0.0557127851371,0.0557123312623,0.0557285186079,0.0557579304999,0.0557956225354,0.0558369504062,0.0558782945344,0.0559171633822,0.0559520409675,0.0559821630113;0.065540410543,0.0652627802265,0.0648700837991,0.0643259844865,0.0637277436277,0.0633699012303,0.0623576714862,0.0564804234939,0.0628236046179,0.0668223497769,0.0672180382937,0.0645693909503,0.0654617433012,0.0689751472838,0.0652021936083,0.0525618004244,0.0521529443245,0.0525534753345,0.049630532724,0.0451499602103,0.046997808725,0.0479204164054,0.0489163878896,0.0494507486449,0.0483209751651,0.0450871319067,0.0503316434009,0.0522398828387,0.0532399163284,0.053894731309,0.054379022264,0.0547553938719,0.0550361333466,0.0552206745436,0.0553140732394,0.0553310986203,0.0552956981504,0.0552385517563,0.0551906416861,0.055173532319,0.0551933653429,0.0552437646672,0.0553134634335,0.0553919510001,0.0554714784921,0.0555470374089,0.0556157569618,0.0556762848108,0.0557282801835;0.0653084906976,0.0649055652608,0.0642691395425,0.0631456292454,0.0609630286361,0.0608012732668,0.0611189367165,0.0501225320918,0.0622031907055,0.0672084565382,0.0675456470436,0.059578599694,0.0580367745133,0.0802334443795,0.0746325432686,0.0467031131038,0.0563256344415,0.0522642443461,0.0424230231965,0.0479471054868,0.0450483387184,0.0393246709018,0.0468321498815,0.0486371926301,0.0480010217326,0.0462704910394,0.0498915887021,0.0518407544364,0.0529922787374,0.0537462659218,0.054259943888,0.054610935091,0.0548352229401,0.0549490026595,0.0549633913949,0.0548941002933,0.0547692994825,0.054634075477,0.0545412885053,0.0545252204571,0.0545838417136,0.0546916985063,0.0548222585779,0.0549573056991,0.0550863140166,0.0552038189293,0.0553074848963,0.055396883168,0.0554726869216;0.0650767322685,0.0645964015297,0.0637874323068,0.0621498412601,0.0578709406672,0.0583762893303,0.0634250937627,0.064767138402,0.0657192921264,0.0691428274429,0.071917595398,0.0663628605562,0.0679941468114,0.172951900833,0.0917020847838,0.0704320953108,0.0608201959919,0.0431430414974,0.0496305434974,0.0452345833652,0.046687044079,0.044414004309,0.0463990059207,0.0479311468273,0.0485209389933,0.0485408527258,0.0498391135487,0.0515931061508,0.0528315921445,0.0536337865777,0.054150981543,0.0544723428662,0.0546431965633,0.0546842029681,0.0546045118881,0.0544137189008,0.0541400875865,0.0538568733372,0.0536805960628,0.0536855448849,0.0538351244801,0.0540494240575,0.0542756366839,0.0544900552988,0.054683156923,0.0548517149746,0.0549957543973,0.0551170532192,0.0552181937609;0.0648014027543,0.0643467200443,0.0635650011101,0.0618522463198,0.0540543598635,0.060070205803,0.0654937601335,0.0695592445214,0.0710900888233,0.0889010550233,0.0942931429663,0.0790599512085,0.0829626347379,0.104107002336,0.0896890097374,0.0730329139453,0.0639557854651,0.0574009292829,0.0520780613987,0.0482851597529,0.0491912566785,0.0479222822137,0.0399154536116,0.0463908456216,0.0480040255385,0.0433798407238,0.0481139824031,0.0514183145466,0.0528210740174,0.0536190421409,0.0541002741135,0.0543720022447,0.0544800976304,0.0544397756027,0.0542466247391,0.0538840612947,0.0533467756281,0.0527309367534,0.0523627025523,0.0524881571581,0.0528807988687,0.0532974091321,0.0536705562922,0.053993306453,0.0542674308517,0.0544965772236,0.054685907513,0.0548412766016,0.054968390753;0.0643029437291,0.0640621550592,0.0635414019895,0.0623692227508,0.059772012945,0.0595638241016,0.0647060059428,0.0706086424341,0.0783183126045,0.117062536435,0.163026687407,0.085267478854,0.078660549768,0.071877438962,0.0756216030559,0.0700902188971,0.0644955125548,0.0594745876979,0.0532887362711,0.048054271957,0.0512337500909,0.0497273031405,0.0454332522918,0.0462067850521,0.0486609041265,0.0475330720762,0.0495313170765,0.0518787689387,0.0530580751189,0.0537331889764,0.0541273177931,0.0543257806859,0.0543612298186,0.0542353956622,0.053920201756,0.0533434724418,0.0523579902047,0.0508158655565,0.0497184614787,0.0505969436719,0.0516797918549,0.0524392060073,0.0530149168793,0.0534771661147,0.0538497774837,0.0541478931107,0.054385577639,0.0545753577203,0.054727569278;0.0629091243925,0.0635736708969,0.0634656296295,0.0627033668795,0.0613199387063,0.061898048688,0.0664808182963,0.0765222406978,0.102763343489,0.102665230778,0.0999716039555,0.0853654979439,0.0760206648719,0.070302683603,0.068700864588,0.066723242897,0.0637816281561,0.0603916495172,0.0569568050168,0.0545789938728,0.0534939230238,0.051865332478,0.0482444712187,0.0482719547938,0.0505328340022,0.0511595058313,0.0518789936439,0.0527883801943,0.0534929704175,0.0539557895135,0.0542253276059,0.0543349811286,0.0542954003507,0.0540930232594,0.053678278216,0.0529234882939,0.0514570584618,0.0476582458099,0.0380191920135,0.0480129061581,0.0503836006813,0.0515042523238,0.0523223047535,0.052959580724,0.0534477217894,0.0538195345011,0.0541047321652,0.0543261754713,0.054500418467;0.0580892252875,0.0631318014159,0.0632130251856,0.0621259549641,0.060225412282,0.0615182485541,0.0641474934382,0.0563199009722,0.122568013206,0.0937437718711,0.0828061876299,0.0776886476251,0.0719889168639,0.0523570045015,0.0581770234042,0.0637919045511,0.0628272889659,0.0604826207333,0.0581327329457,0.0564636462349,0.0552378078738,0.0539895504513,0.0527232893885,0.052240437846,0.0525023010419,0.0528248109145,0.0531887259702,0.0536014205,0.0539675527416,0.0542279777113,0.0543690004302,0.0543894343041,0.0542826096233,0.0540258534126,0.0535652947906,0.0527779324881,0.0513521139206,0.0483838696118,0.0448203358577,0.047593148272,0.0490930552756,0.0504043334744,0.0515965689954,0.0524727368142,0.0530889763533,0.0535300735913,0.0538549952365,0.0541009151137,0.0542914168648;0.0628845642191,0.0636522661401,0.0628734504324,0.060372525894,0.0525927583139,0.0601662956657,0.0613375336401,0.0705625921649,0.074228040207,0.0687544822261,0.0681220743508,0.0711317762034,0.0693740127271,0.0652953493465,0.0624160652733,0.0632261139467,0.0621651987154,0.0595555757513,0.0568168158732,0.0567359309708,0.0562684797955,0.0554290970349,0.0545917893144,0.0540496338091,0.0538681714502,0.0539047465623,0.0540453136528,0.054224694693,0.0543884180922,0.0544971721115,0.0545294741842,0.0544726963493,0.0543131495186,0.054027648101,0.0535737105522,0.0528751757039,0.0518115074735,0.0503102017868,0.0487394232678,0.0469953511332,0.0456522462019,0.0487662926021,0.0509127203686,0.05209036315,0.0528144477841,0.0533007026229,0.053647484653,0.0539055875763,0.0541039165185;0.0655843670075,0.0644824939093,0.0619336249783,0.0596817036005,0.0588939160776,0.0668116288927,0.0715433295258,0.0675205388427,0.0624404145611,0.056168322767,0.060354731675,0.0666779157151,0.0679879470592,