CD4__poly=[0.00463850091186,0.00452455747444,0.00440402341036,0.00427645057012,0.00414146237485,0.00399886567947,0.00384878165823,0.00369172295567,0.0035282950823,0.00335696535831,0.00316977171985,0.00296706486354,0.00283110769087,0.00279828546754,0.00274315816444,0.00263830855147,0.00245597872697,0.00214075136909,0.00224271373076,0.00216651388339,0.00214346885807,0.00208541634498,0.0017016766761,0.00198494332838,0.00198718245579,0.00216779658013,0.00214531609665,0.00201680517693,0.00196538823662,0.00165384171966,0.00133248401783,0.00171448423352,0.00149462599292,0.00125571453358,0.00183742937513,0.00188857208417,0.00198289716746,0.0024238547338,0.00284581584905,0.00314706436012,0.00340137722318,0.00362560499916,0.00382685790707,0.00400925709449,0.00417563388883,0.00432811784539,0.00446839392711,0.0045978379024,0.0047175978349;0.00465102413508,0.00453225702429,0.00440574754847,0.00427064588407,0.00412604477438,0.0039711313442,0.00380542541938,0.00362902861443,0.00344364386107,0.00325219069674,0.00302859256275,0.00262030349429,0.00209704848948,0.00264218190394,0.00269061925414,0.00262213981989,0.00244193882034,0.00202609492022,0.00224696814948,0.00216525685868,0.001996761291,0.00182566473579,0.00215708077125,0.00211848098462,0.00213560757993,0.00222970312996,0.00220604556672,0.00208134269794,0.00208078986419,0.00200273119235,0.00196078150239,0.00191828581515,0.00174271561669,0.00163135369086,0.00191333713365,0.00205336466025,0.0022725510639,0.00261145806256,0.00294585105749,0.00323544547948,0.00348609842993,0.00370752581296,0.00390610080972,0.0040859463747,0.00424992337746,0.00440015766349,0.0045383132537,0.00466574165916,0.00478356965843;0.00466972077692,0.00454653690043,0.00441442484599,0.00427197412568,0.00411739367323,0.00394860344656,0.0037636174716,0.00356021590261,0.0033324390892,0.00311412956404,0.00293544525318,0.00260450352191,0.00191728135882,0.00255202258162,0.00263179321367,0.00260809324028,0.00247712425696,0.00200556943157,0.00167693349572,0.00218887872152,0.00213885088398,0.00226233267889,0.00231836643608,0.00213011566923,0.00211487464352,0.00231396689083,0.00230356144073,0.00221950379808,0.002239052424,0.0021970293194,0.00212267021121,0.00200718480699,0.00176397170178,0.00194086512756,0.00171386631208,0.00192616590724,0.00223279346729,0.00274125714515,0.00308234196335,0.0033599021936,0.00360043667027,0.00381394106601,0.00400606659018,0.00418048754315,0.00433979214215,0.0044859232914,0.00462041409757,0.00474451991104,0.00485929637215;0.00469526169876,0.0045683413098,0.00443144444282,0.0042825054405,0.0041184509474,0.00393472197417,0.00372544924591,0.003487220256,0.00318920786129,0.00233845285681,0.00286585599044,0.00268242421115,0.00259726575035,0.00248590926228,0.00246647800424,0.00259662651731,0.00249600351999,0.00220438110792,0.00226249314823,0.00219076487464,0.00197634376533,0.00241609367467,0.00250098717356,0.00246257187407,0.00240945986981,0.00252028330722,0.00247219473285,0.00234804985338,0.00250850212256,0.00247535490802,0.00231209971335,0.00205996800204,0.00218448355189,0.00226382494741,0.00219308114415,0.00229963244856,0.00252730540991,0.00295117404456,0.00326312499345,0.00351892995924,0.00374292182639,0.00394379505019,0.00412596841577,0.00429227518428,0.00444476852464,0.00458504474386,0.00471440357255,0.00483393756439,0.00494458572036;0.00472814015795,0.00459841473536,0.00445805261599,0.00430447329885,0.00413331922271,0.00393639037025,0.00369537088485,0.00337233220953,0.0031235272108,0.00292930870572,0.00284054696287,0.00247994532171,0.00267939912028,0.00246511777842,0.00255073295382,0.00261050011905,0.00253509592818,0.00245764044294,0.00243118461778,0.00244358519748,0.00252444476924,0.00263298009613,0.00268155544971,0.00256978523016,0.00262963117276,0.00274115606868,0.0027498648749,0.0027439609538,0.00276028842492,0.00274315802304,0.00267791528617,0.00259400209196,0.00259444619081,0.00263597467633,0.00269361191053,0.00281683140335,0.0030047733506,0.00324621154445,0.0034873916948,0.0037086246007,0.00391024278063,0.004094735305,0.0042641518807,0.00442011491792,0.00456396424246,0.00469684376321,0.00481975160259,0.00493357129951,0.00503909249894;0.00476853627087,0.00463704514431,0.00449487261161,0.00433940032459,0.00416598310111,0.00396525381704,0.00371225743166,0.00327387809518,0.00305562049686,0.00250816775695,0.00285327891215,0.00276148116453,0.00273199020805,0.00268496144975,0.00265902615835,0.00260833233679,0.00225944379666,0.00248495078751,0.0025115692952,0.00252463217313,0.00270236904158,0.00282742162893,0.00287520690275,0.00285064214989,0.0028875603639,0.00295671884787,0.00297079357269,0.00295867817187,0.00298255075608,0.00300446718199,0.0029953379392,0.00297444636304,0.00295290371988,0.00279282789818,0.00297050315828,0.00318196849757,0.00335378540888,0.00353984093995,0.00373221870503,0.00391967211517,0.00409719931669,0.00426342693933,0.00441833361848,0.00456237276684,0.00469616754045,0.00482039417984,0.00493573159533,0.00504283777942,0.0051423384868;0.00481621321081,0.00468382646691,0.00454137192647,0.00438679676039,0.00421652421515,0.00402421414385,0.00379923295652,0.00353475839423,0.00325311526357,0.00298430200367,0.00285660743013,0.00228982212563,0.00264571279547,0.00254548960908,0.00259677542234,0.00254722864578,0.00255331602096,0.00263427930472,0.00258832707896,0.00270345088696,0.00288157263132,0.00300642531616,0.00306336569671,0.00309605418953,0.00312794177899,0.00315512133065,0.00315147361396,0.00282231985304,0.0031429681196,0.00325416768977,0.00328188735769,0.0032898462195,0.00328465067432,0.00323895750885,0.00334278768052,0.00351514775799,0.00366748528128,0.00382336580439,0.00398367579443,0.00414341719706,0.00429840132585,0.00444627829419,0.00458598730604,0.00471719871174,0.00483997905793,0.00495460796682,0.00506147701905,0.00516103203977,0.00525373915777;0.00487050573956,0.00473757047799,0.00459563091178,0.00444363184647,0.00427962575213,0.0041003735614,0.00390138123356,0.00367564797134,0.00338380934991,0.00299746512923,0.00294962940154,0.00245175061291,0.00138840166659,0.00259505475599,0.00261458532485,0.00253827690451,0.00263567165433,0.00281580530448,0.0027914441985,0.0029551068503,0.00309323366765,0.00317288020799,0.00319427212524,0.00324598741314,0.00329168649703,0.00327092260585,0.00334761963398,0.00335460804346,0.00343407812369,0.00351250711983,0.00355111109001,0.00357905741209,0.00360860544967,0.00364983720523,0.0037290494511,0.00384253469278,0.00396847875556,0.00410098595094,0.00423750307283,0.00437476489102,0.0045097137631,0.00464014846183,0.00476472825641,0.00488275383445,0.0049939533647,0.00509832689472,0.00519604265513,0.00528736954197,0.00537263322312;0.00493044022515,0.00479641855236,0.00465449737726,0.00450492392638,0.00434747014599,0.00418090862516,0.00400296576537,0.00380995408363,0.00359739179547,0.00337882216262,0.00312290012186,0.00248395978405,0.00276120687687,0.00255658302526,0.00255163222402,0.00274115683047,0.00285132331468,0.00295631516608,0.0029269316752,0.00313073689343,0.0032678564988,0.00332659343458,0.00312455442533,0.00332238041763,0.00345727351957,0.00303046678311,0.00356837907303,0.00367710330483,0.00373149146681,0.00376811978651,0.00379285557941,0.0038322855855,0.00389426636819,0.00396792379918,0.00405356752156,0.00415246650127,0.00426085315224,0.00437513688595,0.00449272950828,0.00461123777936,0.00472846544299,0.00484264961831,0.0049525455528,0.00505737264307,0.00515671091727,0.00525040021338,0.0053384591684,0.00542102507208,0.00549831077967;0.00499501028663,0.00485811750736,0.00471378432872,0.00456405751638,0.00441105163094,0.0042550367038,0.00409471265607,0.00392941879392,0.00375798100802,0.00357539414984,0.00336405258801,0.00313599744734,0.00303864395564,0.00286495200219,0.00253950335401,0.00270421850408,0.00284399169462,0.00303212020501,0.00319663623948,0.00331332479409,0.00341419388003,0.0034904552036,0.00353248129485,0.00362725065367,0.00373193495761,0.00379319462355,0.00388561973667,0.00396229338963,0.00400049985169,0.00399461232599,0.00394472131368,