GDF3_OAC1=[0.754916507782,0.763086873665,0.771573600603,0.780294718325,0.789149729816,0.798091904685,0.8070867358,0.815561523796,0.822685644943,0.830743558726,0.848782242817,0.856271422269,0.85565289665,0.878673564229,0.869013545112,0.862898844525,0.86850634358,0.862755785929,0.845858626082,0.835623558787,0.828158268618,0.823637982482,0.825208772424,0.823876633251,0.810463677241,0.80111962605,0.793736195634,0.786835495907,0.780027224464,0.772746220018,0.763972145997,0.754359825587,0.745161833279,0.736812115166,0.729310996253,0.722549930793,0.716402625787,0.710746700264,0.705472813616,0.700492739742,0.695744695724,0.691192764652,0.686820886902,0.682624910319,0.678605887109,0.674765793716,0.671105369707,0.667623336544,0.664316370728;0.756552566736,0.765541346057,0.775027045176,0.784916075678,0.795003125709,0.805255619354,0.81647849286,0.829490813109,0.833317485174,0.836935956855,0.845427972095,0.852298181723,0.855945685943,0.861697951288,0.868380630958,0.869445464064,0.871977809851,0.851542243601,0.842322641731,0.839144753218,0.829104752786,0.818892747388,0.812314148049,0.806658780864,0.801100810747,0.795228373667,0.786529247318,0.777819579819,0.769924135108,0.762273635496,0.754430909159,0.7464571183,0.738711811346,0.731464692573,0.7248103756,0.718730920394,0.713148527252,0.707955723891,0.703040504577,0.698311773942,0.6937162922,0.689238515008,0.684887326337,0.680680975237,0.676637218515,0.672769029943,0.669083667666,0.66558324059,0.662265779581;0.757846592398,0.767749499125,0.778475464041,0.790054993751,0.802036157029,0.813387388488,0.826501893582,0.851812441804,0.844499753264,0.843452588963,0.850235779233,0.862628769282,0.8659474428,0.859616626235,0.859724883071,0.875221850285,0.862602099946,0.847854716646,0.84396989931,0.847414672353,0.830688042243,0.817522725086,0.805308652766,0.797042171914,0.797610544175,0.808110718854,0.782371393958,0.770194464516,0.761354263598,0.753549524742,0.746156194834,0.739030875123,0.732241069418,0.725895911959,0.720057632288,0.714719300447,0.70980587298,0.705186332384,0.700708904126,0.696257506806,0.69179163667,0.687337651962,0.682950608922,0.678683559129,0.674575582354,0.670651015925,0.666922230699,0.663392785544,0.660060152185;0.75865796085,0.769487735907,0.781633379943,0.795785699926,0.813380286224,0.824827826453,0.835141497322,0.873866879854,0.853887524835,0.851502014982,0.857794033804,0.880506782618,0.892660163224,0.863523145537,0.858725417841,0.893803886151,0.851940618693,0.846236778613,0.863023031907,0.832005470382,0.829709168173,0.84031958852,0.798605137852,0.784869367199,0.785917210976,0.792402946243,0.774050411783,0.762197189233,0.753170598115,0.745394764733,0.73834215246,0.731807597283,0.725748528501,0.720192128782,0.715169270334,0.710667688009,0.706590049566,0.70272686101,0.698802740192,0.694623948277,0.690189034107,0.68563002521,0.681091298263,0.676674487695,0.672439227503,0.668416430808,0.66461851738,0.661046094456,0.657692530607;0.758864804388,0.770449065978,0.783807067283,0.80040005656,0.825219360017,0.835637433697,0.835070603021,0.845819078451,0.857599814212,0.862530822551,0.863208665812,0.876748624131,0.89042978453,0.875997131518,0.862941319618,0.844728199059,0.838201681536,0.869744409122,0.834361785461,0.834935921944,0.813514445935,0.80273455454,0.770251901416,0.762293903658,0.767808183735,0.770745401232,0.764304732632,0.753915473961,0.744880551614,0.737245712841,0.730552290894,0.724549097032,0.719147434493,0.714350186594,0.710197773676,0.706711550215,0.703796004786,0.701087035125,0.697946461444,0.693936565876,0.689235856118,0.684285617751,0.679388015328,0.674683961418,0.670233247753,0.666058174414,0.662160552498,0.658530286738,0.655151058541;0.758511794644,0.770438953476,0.784325862662,0.802013972483,0.838416609231,0.83447466379,0.836340712568,0.845355343682,0.862824058092,0.857555940177,0.857199181984,0.86266905235,0.857698005629,0.851343645173,0.840072758804,0.828543664468,0.821841938085,0.819339593378,0.819027849221,0.816261307251,0.793303816242,0.765090298882,0.632985635053,0.727266389928,0.755738492052,0.785954489298,0.763522614341,0.745782774831,0.736131285572,0.728750090877,0.72251475199,0.717075197403,0.712330567831,0.708306173965,0.70511342846,0.702919995676,0.701825131984,0.701345462224,0.6996418953,0.695242292983,0.689383026086,0.683462944689,0.677888422198,0.672713696529,0.66793905207,0.663550735467,0.659523048334,0.655823460291,0.652418101008;0.758155875285,0.769628871441,0.783164614895,0.799947846271,0.822062210077,0.838376162903,0.844266304609,0.854869416841,0.867124558581,0.862758199219,0.861147378178,0.854051233158,0.844284505887,0.849696458371,0.825276480432,0.814277350804,0.806503634366,0.802044177993,0.805956088133,0.809646555252,0.77793953673,0.757116239624,0.738762941238,0.743839210951,0.747368128739,0.758121358393,0.748394713897,0.734917659936,0.726306753747,0.719650686407,0.714062038396,0.709260400676,0.705191678254,0.701942663683,0.699752602376,0.699107357956,0.700932829003,0.706190746926,0.709149603173,0.700666645539,0.690958720753,0.683189060753,0.676574273121,0.670720605151,0.665503105486,0.660843273637,0.656664039429,0.652893547665,0.649470225632;0.760277085722,0.768485779712,0.780969335146,0.797084181507,0.816535016955,0.832395127554,0.843391990954,0.856727800425,0.869096131683,0.858457715311,0.842274947285,0.832692831625,0.828191194017,0.825748127153,0.814171292125,0.801682221119,0.792040589034,0.785651014218,0.781595549428,0.774903297045,0.762797518728,0.75233559884,0.754733592709,0.748573023115,0.736747232245,0.733464399948,0.728560663722,0.721762868915,0.715412213751,0.70990745141,0.705138150503,0.70103780179,0.697642122452,0.695109523212,0.693798590409,0.694524028422,0.699550840079,0.718608002632,0.773089361042,0.710461959345,0.693138971478,0.683330877498,0.675388435573,0.668607828201,0.662823580253,0.657852829057,0.653523277336,0.649699092813,0.646279680766;0.774771431036,0.765984793547,0.778046727728,0.795722165506,0.81713923821,0.830743586721,0.845470703199,0.892122547656,0.869034093605,0.853805199307,0.833771817253,0.820584732035,0.814700604747,0.852884277385,0.823016226907,0.79029878538,0.777426452866,0.770185298583,0.764270139177,0.756571973168,0.747495410397,0.73935664518,0.733711716634,0.728129543881,0.722165645718,0.717599690418,0.713290069035,0.708648167787,0.704009644511,0.699680591914,0.695784961395,0.692398896379,0.689633158106,0.687688955293,0.68694939453,0.688212622569,0.69342641515,0.708179236381,0.726989302878,0.707332543966,0.695348412884,0.684479252017,0.674328899255,0.66617951058,0.659725248005,0.654459734092,0.650025201179,0.646193535072,0.642818039173;0.75078968618,0.758485266607,0.773982070773,0.797073360729,0.837140262118,0.830630641979,0.844321303051,0.839726480444,0.845794655396,0.850560002107,0.834968546077,0.810115606768,0.798451110317,0.795245119008,0.789712160135,0.771854711188,0.760804455582,0.757021791118,0.755372559031,0.742917736159,0.732137872096,0.723551060941,0.716473856421,0.710602105251,0.705898238115,0.702240845769,0.699013344633,0.695754100789,0.692419215949,0.689147848368,0.686089937076,0.683381584861,0.68117263311,0.679667400712,0.679183572589,0.680244567787,0.683654762814,0.689942302005,0.696902590868,0.705202862161,0.711238120658,0.689082678821,0.67293409898,0.662955739786,0.655933868573,0.65051833894,0.646092025423,0.642334642589,0.639062244098;0.733072872433,0.747917490739,0.770320352547,0.793655896179,0.814318505018,0.811909088041,0.818202694136,0.833718659778,0.842709173189,0.851442994478,0.829589240892,0.798286962789,0.779819995352,0.768637717232,0.758467918212,0.747604813943,0.740007590244,0.742941827976,0.793286484804,0.728841853217,0.715475108129,0.705873493025,0.697420597881,0.690983464838,0.687578889464,0.686006065088,0.684639347779,0.682881300738,0.68075094614,0.6784403104,0.676149029766,0.674053100147,0.672319724677,0.671134499049,0.670731164009,0.67141406245,0.673540854145,0.677494231841,0.684733726535,0.707672798671,0.794723018593,0.689805899891,0.668633843717,0.65811473517,0.651152329506,0.645908029422,