GDF3__poly=[0.670445639912,0.677374300546,0.684798882276,0.692763560148,0.701307496213,0.710456209527,0.720211373346,0.730544347759,0.74141719232,0.752946551263,0.765724181864,0.779733553496,0.788848311129,0.790260394206,0.793284733682,0.800001765362,0.812575086732,0.835377239875,0.825997880218,0.830144235671,0.829848167523,0.831961999697,0.860366875408,0.833435313879,0.82850388362,0.806044115564,0.798534011858,0.796918507309,0.778135810097,0.757157201912,0.595302543287,0.759160080976,0.805291125434,0.842088061917,0.7837397655,0.788223160245,0.790721416283,0.7622663549,0.737228071423,0.722493119786,0.710619027402,0.700239838415,0.690904923449,0.682395684516,0.674576382204,0.667350324243,0.660643449017,0.654396647268,0.648561474013;0.669409465262,0.676613141724,0.684400450361,0.692847846542,0.702036670134,0.712041647941,0.722912820852,0.734656312019,0.747158198295,0.760210213988,0.775744977212,0.805131876925,0.843341217566,0.801676484688,0.797003397298,0.801050299501,0.813541740307,0.844160950293,0.825691704082,0.830322850659,0.841616225289,0.853042444695,0.823215757318,0.822488105606,0.816042198039,0.801109185635,0.794106465726,0.793541096949,0.775109130517,0.756544176625,0.737976620179,0.7387069972,0.732727691647,0.736535805407,0.750078037338,0.727868945406,0.729304208431,0.735014382403,0.724768151162,0.713562410625,0.703268147344,0.693869512126,0.685230401179,0.677244325973,0.669831616288,0.662929623583,0.656486883721,0.650459914122,0.644811321678;0.66790760893,0.675343025054,0.683451960375,0.692355427295,0.702203615971,0.713169042113,0.72541822532,0.739134794478,0.754777232806,0.769866660842,0.782151907283,0.805889122157,0.856487317092,0.80811481186,0.801167580575,0.801923884159,0.81076022717,0.845742141912,0.869985816117,0.82866661268,0.830635611017,0.818307674209,0.810540525057,0.822141800738,0.81865040987,0.794932302294,0.787370620833,0.784539909021,0.768670406013,0.755555709197,0.743184357649,0.725429965924,0.615377098049,0.70507434186,0.731311201664,0.734095408735,0.73107798567,0.721905304666,0.712904859681,0.703818952865,0.695012810972,0.686664500408,0.678803540193,0.671415959036,0.664476488664,0.657957214661,0.651830191903,0.646068453543,0.640646476471;0.66588792066,0.673488411139,0.68184156669,0.691120710313,0.701575104752,0.713565298783,0.727551538055,0.743817911379,0.76467129322,0.826700606888,0.786717920498,0.799541186907,0.805105027828,0.812680873646,0.813333444366,0.802556474509,0.809205488778,0.830468496354,0.824738443323,0.82880568206,0.843897022503,0.806612936888,0.796480381295,0.795426097543,0.794627327069,0.778293216447,0.774199158723,0.776163897978,0.749079707959,0.737550230573,0.732774046011,0.702805695503,0.660315049806,0.688319178915,0.697223007676,0.727563396673,0.729752123831,0.711410793707,0.701675955835,0.693757922555,0.686182047942,0.678838807178,0.671771818265,0.665016630834,0.658589225007,0.65249176748,0.646717950864,0.641256536189,0.636093592317;0.663311379079,0.670987440961,0.679465599685,0.688962349448,0.699827612725,0.712697048786,0.728957177941,0.751460927335,0.768728177115,0.782143068379,0.787848256523,0.814031944858,0.798295489153,0.813721612419,0.806511490832,0.801173920861,0.806048023745,0.810993072144,0.811856568882,0.809438827829,0.801233792232,0.790159157008,0.782966620749,0.787869965152,0.777366651809,0.760321802536,0.749963166518,0.740118585392,0.72913702423,0.720196554376,0.709816325181,0.688201949282,0.674532913584,0.677064172409,0.684699306129,0.696065668057,0.699539954166,0.695571012546,0.6896084855,0.683342192765,0.676959098962,0.670567916677,0.6642733568,0.658151621097,0.65225016263,0.646595112721,0.641198228611,0.636061919459,0.631182641005;0.660162432468,0.667810711013,0.676262934988,0.685745268193,0.696637134451,0.709670094318,0.726734061186,0.757753565998,0.772785474074,0.812627051662,0.785926383657,0.791993400383,0.793468843,0.796342492605,0.797660812304,0.800870838239,0.826894079604,0.808831226745,0.805807395865,0.803550693546,0.787991231225,0.775806741445,0.768814178845,0.766504374729,0.75745664597,0.742658808003,0.727470788186,0.710911790537,0.705341648077,0.703014578105,0.696373737754,0.68569570572,0.671525062628,0.624853166684,0.651010403605,0.67624565654,0.68180147092,0.681091878569,0.677564308671,0.672816521619,0.667524676166,0.66200319126,0.656430378986,0.650917696095,0.645535663457,0.640327755164,0.635319297297,0.630523427043,0.625945117553;0.656457556454,0.663979178484,0.672253645459,0.681474160294,0.691952072624,0.704207491155,0.719083872844,0.737150207923,0.756795654904,0.775786360839,0.784419766666,0.826513479785,0.798873005861,0.805937779011,0.801536664254,0.804874290847,0.803937846723,0.797150651252,0.799972300505,0.790074533929,0.77479228624,0.76296322626,0.755566502884,0.748837858089,0.740156096017,0.727929850228,0.707066380775,0.617298929166,0.67391276312,0.687333158985,0.68460647312,0.677512220071,0.666196893758,0.644938549379,0.650650631019,0.664698515502,0.668947746008,0.668760972405,0.666256849272,0.662493557516,0.658055102837,0.653272584504,0.648344823099,0.643397833438,0.638513568995,0.633745302118,0.629126899166,0.624678866469,0.62041245156;0.652247983053,0.659572225473,0.667556831366,0.676332136713,0.686102693189,0.69717270316,0.709938456031,0.724978879946,0.745307402868,0.773160973144,0.775711148417,0.812819320834,0.893665782364,0.800790712195,0.798968871819,0.804610865689,0.796904839352,0.782749821207,0.784223866418,0.77090673418,0.759136500497,0.751321617238,0.747286339912,0.739716947733,0.730798809976,0.724164390473,0.702163202599,0.675031816743,0.67354810772,0.676494040888,0.673614349044,0.668561994484,0.662454659898,0.656739136553,0.655687812884,0.65780754703,0.658816656283,0.657983020378,0.655717506336,0.652487320086,0.648651793543,0.644462566309,0.640091739347,0.635657233501,0.631240144496,0.62689600671,0.62266227092,0.61856344885,0.614614748089;0.647614212887,0.6547228265,0.662381947186,0.67063886711,0.679589723582,0.689409599479,0.700342551829,0.712718997621,0.726914124192,0.74192854946,0.760194553753,0.808431607266,0.786398341054,0.801889570187,0.802167810682,0.787531768719,0.77913322766,0.771131189023,0.773430494747,0.757469719445,0.746320513489,0.740751328665,0.754953213888,0.736941363219,0.722408265152,0.751727297559,0.699595197713,0.681830950639,0.672740836343,0.667041537508,0.661661239005,0.65762996381,0.654846954402,0.652452924968,0.650987206619,0.650327490685,0.649520971228,0.647999556051,0.645694804968,0.642745422462,0.639330960823,0.63561214069,0.631716831473,0.627741879839,0.62375882831,0.619819573844,0.615961034252,0.612208797644,0.608579928207;0.64265115792,0.649603463468,0.657019648708,0.664829219381,0.672983188454,0.681582875328,0.690829601458,0.700822575381,0.711645630626,0.72367849908,0.738347196317,0.754844485347,0.761699859547,0.775095980936,0.800822846725,0.788357625909,0.778018299392,0.76398141829,0.751772105461,0.743144501072,0.735464236037,0.72926123449,0.725157317459,0.716253417469,0.705657803502,0.697347742918,0.685332869937,0.67368972229,0.664252403521,0.654862040168,0.643251851823,0.641272731291,0.644389607437,0.644249301271,0.643073721598,0.64172272847,0.640180519336,0.638270829264,0.635918468035,0.633153452894,0.630057432509,0.626724319358,0.623241001302,0.619680476473,0.616100941795,0.612547232524,0.609052943263,0.605642548536,0.602333281032;0.63743994952,0.644397615257,0.65185473068,0.659563881612,0.667081894292,0.674454717942,0.682312005953,0.690413027172,0.698278846504,0.706953391999,0.717478777498,0.729776665237,0.742233332508,0.752913307623,0.764354301423,0.792069046569,0.769779427524,0.779942899233,0.739865903165,0.741290795317,0.731568535512,0.724380764263,0.715512099784,0.701689690816,0.689255222511,0.679525641606,0.670519130104,0.661872508306,0.653408344869,0.642479564729,0.597468753548,0.620677806818,0.634744874615,0.63518281233,0.634012241109,0.632413702679,0.630590949271,0.628529254282,0.62619804359,0.623602530783,0.620779857836,0.617783161072,0.614668740455,0.611488729858,0.608287890991,0.605102816815,