TDGF1__poly=[0.322136934634,0.321827532312,0.321467673241,0.321020921646,0.32041989191,0.319550285923,0.31824732718,0.316336241411,0.313700023953,0.310129161364,0.304813469071,0.297730868207,0.297853541227,0.311270859016,0.325267417531,0.334115288364,0.338435867235,0.320607052537,0.33681783764,0.333891498027,0.352791943982,0.389638007103,0.540908579654,0.457919446504,0.440951760765,0.467148656146,0.487126769117,0.512544005605,0.493728112834,0.494505696679,0.446199055541,0.586170262859,0.688916719557,0.75811390948,0.664949298351,0.672914392603,0.675084297054,0.623611532201,0.578406033756,0.552136517144,0.53234654605,0.516209818678,0.50258354872,0.4908440374,0.480589778291,0.471537790276,0.463478010087,0.456249324054,0.449725292171;0.319913085034,0.319487248848,0.319019082044,0.318476347371,0.317782547934,0.316767218075,0.315098017002,0.312299092555,0.308113846302,0.302755976961,0.293548903607,0.264069432699,0.219434043147,0.288239782457,0.309046611782,0.323007327209,0.343676782996,0.421773070332,0.350593307218,0.338768635531,0.333692216684,0.450875004291,0.42571498429,0.43742103907,0.464478253532,0.464931707826,0.462053611439,0.477852721721,0.475489929207,0.493772190281,0.532258954632,0.57924544821,0.649125573298,0.690258287436,0.653763480516,0.650978208229,0.636359152798,0.603187013707,0.571728418164,0.547161502655,0.527876113959,0.512123211831,0.498854814865,0.487440129535,0.477471441098,0.468666626154,0.460819912493,0.453775340517,0.447411331545;0.317700429219,0.317172217211,0.316631438245,0.316076324824,0.315473639597,0.314672993815,0.313157258283,0.309600585122,0.302176829607,0.294552416615,0.290882856898,0.268480894724,0.201751448419,0.274623810739,0.294093329602,0.308833141868,0.320136532716,0.291683414294,0.508931062244,0.348307275719,0.365355867107,0.389955070085,0.407629230993,0.405767071505,0.490292407723,0.462032587891,0.437102954966,0.430585802494,0.453919694583,0.479916574085,0.529945329894,0.572641493408,0.655014829497,0.62910345831,0.653998520742,0.673976530949,0.650520721008,0.593019330143,0.561362225269,0.538731703285,0.520864293197,0.506131142094,0.493639218221,0.482838375901,0.473365699098,0.464967718628,0.457458835512,0.450697986366,0.444574836355;0.315487075906,0.314855933309,0.314255092841,0.313742373809,0.31341787271,0.313415105506,0.313596222189,0.3115400301,0.297655881569,0.226949899764,0.299632522427,0.307598601912,0.280940087964,0.264391283734,0.267547023581,0.293668897024,0.299773403105,0.286699563341,0.321209910813,0.324252619236,0.362072238968,0.382971136502,0.401615496461,0.42991647634,0.45990293787,0.442637435498,0.423624138788,0.408626577939,0.455079281788,0.481622519246,0.510001814432,0.537971769699,0.590842969504,0.588246913314,0.596598023469,0.625223110283,0.616465249807,0.573629322172,0.546761141008,0.52729498711,0.511620330558,0.498436504148,0.48708287956,0.477150374749,0.46835998356,0.460510327593,0.453450020249,0.447061602329,0.441251644295;0.313256881554,0.312499437042,0.311804611077,0.311291066538,0.311233065726,0.312352913354,0.316886117498,0.330464123798,0.316596336795,0.290715659591,0.30776706056,0.379367956601,0.292886375283,0.256998082806,0.267544880903,0.282013935606,0.286131819848,0.292194776183,0.304319742606,0.320652591164,0.346458031738,0.370561117568,0.394714540208,0.441750638768,0.44383129606,0.428167261776,0.424821328468,0.43053593584,0.448666319222,0.47077997336,0.495282898013,0.525626939058,0.549039192977,0.559858325135,0.566683134456,0.568686631336,0.561620821595,0.54545951259,0.528485565365,0.513586927302,0.500685323952,0.489401888138,0.479433441959,0.470552367938,0.462584420928,0.455393237142,0.448870017004,0.44292646124,0.437489837762;0.310998481484,0.310070466237,0.309200748977,0.308521422754,0.308348419923,0.309585311712,0.315703706518,0.35163110374,0.330958778615,0.245910959051,0.297387646529,0.306550082306,0.285513378072,0.270594502659,0.268426821788,0.269590024606,0.242183499499,0.277894366285,0.292548962316,0.30417695234,0.334968535845,0.360527282228,0.382252339825,0.409281744604,0.416966234938,0.412825277204,0.414067110031,0.418982331504,0.434835847724,0.456034894749,0.477351145218,0.498861773338,0.520611654226,0.562855206109,0.551559853662,0.53732288095,0.530031068022,0.520566860333,0.509706670741,0.498903051101,0.488778873403,0.4794825431,0.470998028381,0.463261128211,0.456197615518,0.449735861365,0.443810789578,0.438364678468,0.433346813092;0.308713311384,0.307562849556,0.306424550728,0.305385710261,0.304618456086,0.304479221263,0.305552198645,0.306274136439,0.293373100229,0.276308579441,0.295551703051,0.393176887959,0.266703333035,0.24551311551,0.251213230071,0.252365258538,0.262592490209,0.283904317734,0.291433247324,0.309902559871,0.333149333055,0.352755203379,0.367566516388,0.38095308746,0.389850234728,0.394468670644,0.397137633483,0.361527224356,0.41250619242,0.440376977534,0.459649142051,0.477372534511,0.495722437361,0.519130723242,0.519785019492,0.511076126841,0.505513671791,0.499291633583,0.492036329881,0.48429852873,0.47657027796,0.469126203176,0.462089869731,0.455503418036,0.449368358457,0.443666787098,0.43837221467,0.433455103134,0.428885683945;0.306416767327,0.304998056006,0.303523979576,0.302024653205,0.300511288229,0.298892746499,0.296644688032,0.291797240612,0.278945203016,0.256971209504,0.267913175769,0.232559966065,0.128180292288,0.236820200024,0.241504971236,0.241392629308,0.262138894921,0.300661386853,0.343172632751,0.337510775666,0.339692729692,0.347231673187,0.351976165746,0.361233566723,0.369605759801,0.3703341592,0.383240493963,0.390243026141,0.408007253482,0.427807914625,0.443852298153,0.458224598725,0.471480926427,0.482361335217,0.487170184537,0.486785566848,0.484344440601,0.480589953733,0.475787879811,0.470312305614,0.46452590157,0.45869407167,0.452983467439,0.447488782123,0.442258414941,0.437312518932,0.43265449245,0.428278049957,0.424171527569;0.30413225354,0.302405365778,0.300556709972,0.298595411223,0.296472463389,0.293988405539,0.290669168678,0.285667636538,0.278180167951,0.269463137697,0.256870014946,0.209008936357,0.234820217754,0.219982954525,0.22458083864,0.250431960228,0.275083531477,0.308032712331,0.356828824963,0.34531606246,0.342747669704,0.343842675726,0.321102149631,0.34096062045,0.355648726108,0.313649648842,0.373149188164,0.390340602793,0.403999824085,0.417539464608,0.430002316452,0.441596905138,0.45193474061,0.459873052905,0.464615029404,0.466339344835,0.465905833794,0.463970017217,0.460943838015,0.457162824963,0.45291752829,0.448438543559,0.44389272522,0.439392670479,0.43501023167,0.430788647962,0.426751783372,0.422910666426,0.419267966194;0.301885618479,0.299798287511,0.297519184129,0.29509749036,0.292539736476,0.289668599835,0.286138696188,0.281649931611,0.275988703841,0.268776461291,0.25849313545,0.24564530153,0.242176690178,0.23298462907,0.212668042778,0.237330949417,0.270742375951,0.31609291669,0.330710056879,0.342328459096,0.34764245072,0.347486630304,0.343923376335,0.347180863424,0.354698027649,0.361005238047,0.372749828885,0.385452701066,0.397228814558,0.408066752897,0.416612249872,0.427147194964,0.43677075019,0.443011022037,0.447129246807,0.44934592972,0.449922495305,0.4491836741,0.447427729933,0.44491791669,0.441884198418,0.438518063217,0.434969673512,0.431350717519,0.427740773368,0.424194456326,0.420747812738,0.417423452202,0.414234437991;0.299710997898,0.297172385412,0.294300867437,0.291253368784,0.288334878342,0.285405531469,0.281785133313,0.277567868214,0.273141003122,0.267612102747,0.260178279337,0.251255214939,0.242974537293,0.237968021252,0.234692298613,0.21864538378,0.27184834344,0.385913418414,0.330148887324,0.368723368154,0.367935538001,0.362642391061,0.34744396146,0.345771997068,0.352353059181,0.360251989647,0.369565832015,0.379804421455,0.390311281332,0.40068368756,0.396686569816,0.423529128284,0.42655255688,0.429657331925,0.432758279529,0.434924624788,0.4359764602,0.435991061222,0.435128968173,0.433568869971,0.431482266254,0.429021417726,0.426313719066,0.423460758572,0.420540475817,0.417610794271,0.41471355335,