DNMT3B_OAC1=[0.767936183761,0.774550092279,0.781495301873,0.788728423843,0.796194801067,0.803899519118,0.811869097261,0.819611584461,0.826378596788,0.834456603534,0.852657588872,0.860850803587,0.861459163923,0.884752437027,0.876991025739,0.872793318593,0.879499593083,0.875795134466,0.862229673755,0.854845891799,0.849941904244,0.84745332805,0.849865730599,0.849320429191,0.838025622535,0.829869394246,0.823155680625,0.81672563395,0.810316301342,0.803480544178,0.795351626698,0.786499382381,0.77801508008,0.770282071685,0.763305364345,0.756993150299,0.751236539256,0.745928901949,0.740974219242,0.736294463456,0.731834532818,0.727561944273,0.723461679736,0.719529255745,0.715764841994,0.712169488409,0.708743210015,0.705484287093,0.702389232652;0.768741584264,0.775940825886,0.78362778361,0.791753262066,0.800167082927,0.808896104061,0.81881079716,0.830833136412,0.834165951077,0.837817382312,0.846907897705,0.854893220031,0.860057201243,0.867413074967,0.875612801423,0.87843150841,0.882566803712,0.865872951093,0.859709705483,0.859056381551,0.852442465111,0.845603551188,0.841414259361,0.837258455942,0.832447265474,0.826871076314,0.81865358869,0.810335559346,0.802710558204,0.795332211651,0.787834401513,0.78026743121,0.772938496143,0.766079162219,0.75977022273,0.753994731361,0.748683275356,0.743740107228,0.739065136252,0.734576376985,0.730225051433,0.725995659941,0.721894431989,0.717936090143,0.714135134764,0.710502013836,0.707042256823,0.703756941139,0.700643614497;0.76926494783,0.777114801566,0.785744254003,0.795233934976,0.805202757556,0.814692516399,0.826161990032,0.850313671897,0.842001744746,0.840685602881,0.848289575839,0.862359197005,0.867739604119,0.863905093686,0.866459402165,0.883348193343,0.873848197912,0.862830077832,0.86194783722,0.867631874438,0.856078848099,0.847788610298,0.839669839387,0.833335550206,0.832884202031,0.840137231861,0.817070084439,0.805333104642,0.796537190101,0.788757766843,0.781447137953,0.774461955913,0.767843812103,0.761675301703,0.756002197411,0.750812428982,0.746035661142,0.741553016535,0.737227450257,0.732953224601,0.728691229169,0.724461658916,0.720310574765,0.716282805418,0.712411263145,0.708716136776,0.705207248538,0.701886777382,0.698751626354;0.769406681446,0.777892068933,0.78760537387,0.799293416371,0.814488279892,0.823715589886,0.831914890768,0.869672723449,0.847213204976,0.843717402983,0.851051692433,0.87692190214,0.891969282053,0.86593992287,0.864423791955,0.900312016719,0.863946257261,0.861697346389,0.879554645359,0.85598719185,0.858288035262,0.871387330742,0.841614953071,0.830554607848,0.828173430622,0.83008336421,0.812212615452,0.800099485336,0.790718282248,0.782672115714,0.775445355155,0.76881387695,0.762708194074,0.757129867361,0.752090826159,0.747569901317,0.743474160452,0.739613595393,0.735740518558,0.731678706558,0.72742129382,0.723079953316,0.718778513329,0.71460411579,0.71060749145,0.706814416074,0.703234585895,0.69986742936,0.696706097037;0.769094775934,0.778020519219,0.788578864694,0.802307660045,0.824392867927,0.832173424539,0.828468860761,0.836187540297,0.844964898943,0.847133669437,0.848381055837,0.867787114906,0.886977229202,0.87644088642,0.867424140872,0.853703966945,0.851241256538,0.883113204411,0.855195692123,0.860156477021,0.848678921082,0.850199080306,0.838025654171,0.827498416501,0.820474550956,0.81571821419,0.806111615119,0.794510982363,0.784712948139,0.776517122727,0.769405090623,0.763085338109,0.757434200501,0.752423872923,0.748069337324,0.744375305341,0.741248213514,0.73836108121,0.735146078147,0.73120952406,0.726699286047,0.721997094608,0.717365001193,0.712924557939,0.708726548676,0.704789077348,0.701112396642,0.697686396009,0.694495575085;0.768429619655,0.777367196794,0.788052729129,0.80243375501,0.835890544118,0.828412594653,0.826142785152,0.830460680897,0.842400638573,0.823127696495,0.820076997494,0.843779819143,0.849351640556,0.849969198305,0.844329991438,0.838062720003,0.836224259085,0.838224397028,0.84243831318,0.845488123046,0.835136743383,0.832950153012,0.856017174811,0.827488792921,0.816492385155,0.829881525538,0.806733982665,0.788687890338,0.778105299451,0.769927534791,0.763053045795,0.757093995496,0.75190958771,0.747487127548,0.743900279267,0.741279337841,0.739700194462,0.738732111956,0.736754521887,0.732460052934,0.726917971931,0.721349734672,0.716109711106,0.711243720972,0.706750403923,0.702616205083,0.698817144328,0.695323285688,0.692103572648;0.768020948483,0.776172569294,0.786054540444,0.798984467994,0.817353679734,0.829896844675,0.831033245659,0.836083245374,0.839955017151,0.798157961438,0.750498820966,0.826371425494,0.83252854747,0.847217025078,0.829453532671,0.82457045073,0.822393064281,0.823133499438,0.831399590307,0.839971278831,0.821815203402,0.820434343265,0.83041672447,0.822333870052,0.807773065183,0.807482312459,0.794647660201,0.780109757305,0.770322176796,0.762653134926,0.756223269392,0.750713990628,0.74602796268,0.74220590463,0.739431677934,0.738112115642,0.73904574654,0.743071193391,0.745169195901,0.737291445233,0.728362690499,0.721159275683,0.714994601188,0.709521951689,0.704630391106,0.70024967448,0.696310684982,0.692748829009,0.689508568984;0.770342819489,0.77499702478,0.783303696367,0.79485625845,0.809706494596,0.820872488654,0.826463549277,0.833476957535,0.837839023504,0.813712171682,0.796147333177,0.805670695201,0.815647799066,0.822990895467,0.818950369224,0.813269652232,0.809851159176,0.809143306573,0.810507731528,0.810081330206,0.806370679796,0.805584887121,0.813399365657,0.807913073063,0.793613575851,0.785956597494,0.777998969857,0.769255754486,0.761411290188,0.754671770753,0.74886540953,0.74387960896,0.739703147019,0.736441072975,0.734380776248,0.734214901832,0.737911435736,0.75398271113,0.801224189866,0.745922126852,0.730307283304,0.721306913957,0.713967856795,0.707672515836,0.702275464874,0.697615178613,0.693538868455,0.68992558366,0.686685334531;0.784946402599,0.773006531956,0.78025286002,0.792436196927,0.80826051722,0.81600387249,0.824901209374,0.870332619657,0.8209902508,0.790096740321,0.795237624322,0.797017421296,0.80326417742,0.851526600863,0.828689359819,0.803999118972,0.798011536254,0.796653884321,0.79616317396,0.794224791262,0.791491598695,0.789580209713,0.788426431562,0.784668734496,0.778163429714,0.771600293332,0.765013561378,0.758330505504,0.751954455002,0.746158594949,0.741024294746,0.736580472086,0.73288599465,0.730083100591,0.728478906716,0.728749751638,0.732584922896,0.744873212109,0.760843010421,0.743175312549,0.732245577585,0.72231181222,0.713026773061,0.705521717072,0.699530031585,0.6946061748,0.690434170732,0.68681173409,0.683608167445;0.763496775801,0.766951023556,0.776791712099,0.793148711694,0.827035632866,0.811433326675,0.81864526593,0.803684198918,0.784988965355,0.779957761238,0.80067486942,0.788546968913,0.788223507453,0.795288823886,0.798678771599,0.789497506109,0.785794598305,0.787413004238,0.79003004551,0.783268129546,0.778261325137,0.775143450081,0.772492038266,0.769037792098,0.764376831491,0.759014028895,0.753384491802,0.747742716542,0.742319617406,0.737295281352,0.732778512318,0.728843400445,0.725575079637,0.723112340888,0.72170075286,0.721773535132,0.724017737776,0.728887655998,0.734447876663,0.741270187536,0.746177296555,0.726329305185,0.71176420971,0.702645552384,0.696151269678,0.691093332405,0.686927259613,0.683369441889,0.680256254174;0.749118366919,0.759187086768,0.775047535826,0.789993809367,0.799747029002,0.780542892763,0.774517109556,0.791970306411,0.802875863168,0.817410603087,0.801238103919,0.777200496404,0.770031469695,0.771077253995,0.772477540557,0.77215365212,0.7726354885,0.779442565711,0.824821016354,0.773076471316,0.765593238068,0.76217634532,0.759753492903,0.756872534221,0.752734291975,0.74771561627,0.742492806518,0.737407733203,0.732606795389,0.728179067963,0.724192826419,0.720711037677,0.717809396499,0.715597006645,0.714238596627,0.713971228886,0.715087172354,0.717907395433,0.723701801178,0.743367039508,0.819515765817,0.726904183874,0.707914614596,0.698318359696,0.69187622647,0.686969574896,