KDR__poly=[0.427831560695,0.430055319264,0.432431003649,0.434980450341,0.437717401772,0.440629369451,0.443647038365,0.446600690249,0.449194445647,0.451222985284,0.453110283167,0.454140917427,0.450660092331,0.45440744505,0.463007847652,0.471653082,0.482512932678,0.488121432967,0.4865674862,0.51262841594,0.488778974236,0.46418157375,0.383045718684,0.486664419469,0.542862418977,0.554035751924,0.57331360758,0.570898639374,0.633550574331,0.707860922748,0.770197758784,0.692791814089,0.626954496962,0.791500088806,0.705451316059,0.715552301971,0.723065223934,0.680687893136,0.642149978567,0.618910750629,0.600723052708,0.585381146966,0.572037957773,0.560241977028,0.549701377822,0.540206532154,0.531597966164,0.523750208931,0.516562325572;0.426234463803,0.428476952326,0.430907944833,0.433579801144,0.436553160163,0.439875884149,0.443535891341,0.447373501728,0.450777487502,0.452320842321,0.453633675165,0.471460401715,0.379053723086,0.43534727776,0.443975317315,0.452756579944,0.468338743169,0.528143381034,0.473915662764,0.503052308795,0.517811625602,0.416901060608,0.475075528169,0.497523045395,0.499939459128,0.528810784858,0.561504232187,0.570707367615,0.59234264388,0.624871100291,0.657931089216,0.670431156446,0.706863617393,0.742759710529,0.710389547906,0.698525086616,0.682882902911,0.657176521653,0.632209131943,0.61160795507,0.594532602995,0.579922614709,0.567139154461,0.555790155471,0.545612913324,0.536417498829,0.528059089969,0.520423280272,0.513417488508;0.424552012965,0.426802762348,0.429281085456,0.432086790039,0.435372374755,0.439343050463,0.444210602761,0.450216049911,0.458082233398,0.461344456831,0.451309192909,0.457114179679,0.441726055849,0.417849166432,0.422585254709,0.431880585474,0.43631395038,0.378898344894,0.335817715589,0.483328998306,0.504021072792,0.485906467504,0.487440323405,0.521742791204,0.461612098631,0.511574583122,0.562529644377,0.591862152791,0.573286797104,0.588724896814,0.616526507525,0.641171324698,0.720751950312,0.707948252651,0.745939077907,0.692793261696,0.673604726864,0.641666771879,0.619767706001,0.601826853044,0.586411037598,0.572927303032,0.560974994004,0.550271131767,0.540609964374,0.531836008735,0.523827519678,0.516486477179,0.50973231255;0.42278040854,0.425014245822,0.427499568234,0.430388798547,0.43396876872,0.438764238827,0.445590012632,0.455067272423,0.472420346088,0.585511333692,0.442758461275,0.418147237863,0.412749631483,0.384876040926,0.381313385813,0.411691986509,0.413993570934,0.390723743899,0.458915012407,0.487233976503,0.489786150353,0.486272532555,0.481222180343,0.477281532443,0.47228333453,0.511039309761,0.555580982954,0.595400044181,0.576578564522,0.588721519405,0.609214130662,0.656644450126,0.671415610061,0.674494342274,0.687515867623,0.647275234137,0.641754690279,0.62344119342,0.605587030678,0.590294760734,0.576754477468,0.564632270927,0.553705999745,0.543802146841,0.534781478819,0.52653089238,0.518957195062,0.511982505418,0.505540936594;0.42092842284,0.423110097779,0.425528055233,0.428359068673,0.431998694925,0.43740319682,0.447205287627,0.467851160127,0.475286133705,0.469858384978,0.429144360169,0.364379948814,0.393310019888,0.362699222617,0.37957733451,0.398140263,0.401477817919,0.41206734708,0.453040379959,0.472917341826,0.473576088554,0.473713884728,0.470703583758,0.450713653071,0.46826713294,0.504059805723,0.532251824771,0.553191023466,0.564639701794,0.577825285364,0.595865239376,0.619343829007,0.634083997244,0.640169266698,0.639544521616,0.627932607446,0.615633958105,0.603220309221,0.590080759989,0.57756752367,0.56598462388,0.555328878238,0.545536929491,0.536532425172,0.528239658113,0.520588474035,0.513515668047,0.506964940498,0.500886340686;0.419025829253,0.421127487064,0.423396480405,0.425966450828,0.429177132589,0.433962440324,0.443590297019,0.479235617038,0.477505257568,0.535326947498,0.421946919796,0.393768385551,0.388351614781,0.382452464349,0.384232808262,0.3868190563,0.345414660196,0.394244950089,0.421404408932,0.474566437696,0.470440707537,0.464352999309,0.462690973098,0.458149519754,0.470410990022,0.49522156421,0.518918644635,0.541270772523,0.55396853332,0.564161774013,0.577244359908,0.591767664044,0.606352725705,0.637621376575,0.623444049754,0.605484420576,0.594805687486,0.584674971587,0.574397646541,0.564254185203,0.5545189164,0.545317043165,0.536687135165,0.528625710232,0.52110932449,0.514105685881,0.507579388953,0.50149486892,0.495817887945;0.417125471457,0.419154677374,0.421242830908,0.423414419267,0.425774788162,0.428598160519,0.432332819032,0.435493603665,0.425725329896,0.40573331634,0.393972506895,0.331030307225,0.379582922883,0.355688756984,0.368596066241,0.378189312684,0.388642287902,0.403371050551,0.410038301686,0.459613642049,0.459466702956,0.453721668307,0.453547733549,0.457558798619,0.467641970397,0.483986203739,0.508804231736,0.580368878797,0.551047012288,0.550604047874,0.560055621794,0.570998997893,0.582775609461,0.598580433985,0.595083199738,0.583505394931,0.575135847581,0.567163105967,0.559026894964,0.550813635031,0.542713038582,0.534868956529,0.52736552045,0.520243650988,0.513516964746,0.507182688876,0.501228583024,0.495637225148,0.49038864153;0.41529325117,0.417320315373,0.419302823909,0.421136057724,0.422679766802,0.423683511592,0.423414786586,0.419420141443,0.403860411718,0.372048863158,0.384302175309,0.378286279596,0.202628695833,0.354117453046,0.364859682867,0.404224541871,0.433000668492,0.422896697146,0.451614960754,0.445987814125,0.442140298604,0.439383519548,0.435637408583,0.441683277615,0.4519423124,0.458602599897,0.487762466747,0.519160764138,0.529693887076,0.535940959623,0.544944963173,0.553657438556,0.561022586029,0.566106258257,0.566117792314,0.561971853292,0.556528024322,0.550533826793,0.544145356876,0.537520645337,0.530827715349,0.524205724566,0.517753245004,0.511533148136,0.505581630634,0.49991634106,0.494542514785,0.489457305723,0.484652757954;0.413584817362,0.415759316297,0.417848984572,0.419629371817,0.420788861599,0.420911893519,0.419324567199,0.414866891967,0.40635992245,0.395770136993,0.381256196906,0.31799897582,0.360343399129,0.335711095966,0.344803309854,0.391362213946,0.413025010472,0.421714704707,0.452311021896,0.436032606871,0.42819557858,0.424092359174,0.393011435105,0.416566744614,0.436030836129,0.387806990938,0.467086405723,0.493640472,0.510072223387,0.52290095525,0.534077574242,0.541489087771,0.544957287308,0.546233553799,0.54557410805,0.543079313701,0.539350525062,0.53485816473,0.529859854894,0.524535777511,0.519037923891,0.51349227298,0.507995981728,0.50261903726,0.49740883687,0.492395355006,0.487595717373,0.483017845781,0.4786632145;0.412010063989,0.414566062306,0.417139296738,0.41937316164,0.420755471811,0.420838064389,0.419243777842,0.415477341517,0.40941322393,0.401643993143,0.391304713859,0.378787363266,0.379009524019,0.366250473526,0.335505581981,0.392191619664,0.417096814919,0.403847969487,0.412168162743,0.412502235727,0.410951284638,0.410743557943,0.410411844723,0.419510885871,0.432832617429,0.444160548452,0.462058019706,0.480666487791,0.497538908351,0.515246118523,0.534970211014,0.540753089753,0.535019875083,0.53134558839,0.528992192052,0.526571971769,0.523632704699,0.520149419199,0.516214470637,0.511943669133,0.507452051315,0.502843253064,0.498203827048,0.493601720626,0.489087586527,0.484697415388,0.480455452726,0.476376875492,0.472470036888;0.410481430716,0.413721860626,0.417400476384,0.421008192742,0.423400359077,0.423950930939,0.423064249833,0.420028383015,0.414138649609,0.407668597856,0.403133267323,0.40322357825,0.406212244549,0.399710563727,0.386489914017,0.362945869878,0.405124997029,0.353893017626,0.396371335535,0.380917802364,0.385290887759,0.388199090373,0.395453221717,0.411417552086,0.427294024057,0.441155081376,0.455446942718,0.470585934476,0.487213439518,0.510430515743,0.577592720626,0.569158046132,0.528047051049,0.518151109738,0.514181592248,0.511576089105,0.50907043599,0.506296228228,0.503184620579,0.499771810987,0.496128684606,0.49233268395,0.488455555617,0.484558312857,0.480689948856,0.47688807181,0.47318038471,