DUSP10__poly=[0.0532388322647,0.0520983105629,0.0508915353871,0.0496129583222,0.0482576668515,0.0468226642562,0.0453084061907,0.043719756023,0.0420625139463,0.0403166144135,0.0383830492544,0.0362601015124,0.0349559701866,0.0349508352805,0.0347080218706,0.033870251286,0.0320504052746,0.0284585565651,0.0304453009332,0.030118669733,0.0306156943212,0.030720581182,0.0259687855527,0.0315424201339,0.0330758375353,0.0380402378547,0.0399562521814,0.0401113573049,0.0419362925596,0.038053490863,0.0335775960149,0.0499924227113,0.062666376883,0.0781304302062,0.0596792678424,0.04927706768,0.0459224195409,0.0516350347839,0.0567623465734,0.0594354827234,0.0613289047958,0.0628217798393,0.0640675948278,0.0651465458163,0.0661059444731,0.0669755682078,0.0677749399253,0.0685172674321,0.0692117422986;0.0530656949272,0.0518639150916,0.0505824019017,0.0492108193806,0.0477378726933,0.0461529836127,0.0444490003461,0.0426251042505,0.0406989298188,0.0387025084716,0.0363204926904,0.0316961634789,0.0256128799227,0.0326227350786,0.0336280742462,0.0332249396023,0.0314240846111,0.0265324081122,0.0300121733989,0.0295755074114,0.0279753016634,0.0263260752797,0.0321399863052,0.0327593227343,0.0344422949748,0.0377033331077,0.0393285469331,0.0393407138187,0.0419604750045,0.0434906740019,0.0467543456955,0.052703674725,0.0624169865041,0.0683130533332,0.0583704716499,0.0521142046472,0.0515654987644,0.0546185320211,0.0577444916907,0.0601044952074,0.0618880085634,0.0633169260487,0.064520338542,0.0655711378282,0.0665122770467,0.067370343349,0.068162539371,0.0689004397618,0.069592116488;0.0529556283114,0.0516976497843,0.0503462847588,0.0488846767794,0.0472912021292,0.0455403369753,0.0436068667803,0.0414618766718,0.0390313301524,0.0367075314254,0.0348487884675,0.0311678398423,0.0231504954097,0.0311268742469,0.0324661447518,0.0325880339412,0.03140176317,0.0258421503736,0.0220097989631,0.0293346351509,0.0293485826294,0.0318825637538,0.033672640305,0.0320093974867,0.0330210748295,0.0377150624745,0.0393912077581,0.0400437059834,0.0429103602367,0.0451413766042,0.0474029927557,0.0495994834445,0.0484464960184,0.0553241511909,0.0456178592321,0.0464687187862,0.0492488678916,0.0560607984544,0.0591915111434,0.0612201051088,0.0627673636008,0.0640429526105,0.0651464792274,0.0661314290265,0.0670286376235,0.0678569950522,0.0686287315568,0.0693521736799,0.0700332562296;0.0529163768598,0.0516103958424,0.0501991727235,0.0486583881516,0.0469517554031,0.045025218767,0.0428084071287,0.0402574139994,0.0370083444176,0.0272936511515,0.033667151754,0.0317427221977,0.0309879493033,0.0299345554556,0.0300117275617,0.0319695333019,0.0311424071315,0.027920959953,0.0291489718515,0.0287732576834,0.0265276015764,0.0332358567681,0.035368617465,0.0359265332437,0.0364027823156,0.0396010071028,0.0405949119823,0.040520055129,0.0458097856474,0.0482630905212,0.0486567289722,0.047248161402,0.0544192606471,0.0589612521235,0.0556447614185,0.0540146445072,0.0544683798198,0.058963187421,0.0612303812466,0.062708459786,0.0639042294166,0.064957366236,0.0659180142641,0.0668090986519,0.0676431380215,0.0684279071317,0.0691687338172,0.0698695614748,0.0705334895549;0.0529535781278,0.0516106048468,0.0501551259453,0.0485571017321,0.0467658829925,0.0446863125649,0.0421061979873,0.0385847547192,0.0359036282515,0.0338458509106,0.0330113970331,0.0290095363743,0.0315743947431,0.029292074409,0.0305962853646,0.0316491918757,0.0311090744756,0.0305749206773,0.0307191483207,0.0314231759376,0.0331140491651,0.035320307683,0.0368914238748,0.0363719922756,0.0384262426337,0.0415206001066,0.0433764239131,0.0453291115635,0.0480994902298,0.0509170194876,0.0536889255927,0.0573659552404,0.065285566419,0.0756623601386,0.0744828884177,0.0673225995809,0.063829564622,0.0632935985091,0.0637368440478,0.0644247919177,0.0651952102505,0.0659938302793,0.0667930833192,0.0675775641029,0.0683387433743,0.0690721004228,0.0697754671548,0.0704480670153,0.0710899522634;0.0530693141636,0.0517015147064,0.0502209821573,0.0485974267699,0.0467773629322,0.0446533419165,0.0419401308625,0.0371213978314,0.0347868003285,0.0286836762927,0.0327965379799,0.0319236419509,0.0317879259628,0.0314710776684,0.0314284233257,0.0311235860247,0.0272537109949,0.0303449305217,0.0311018696117,0.0317635365676,0.0346158760222,0.0369601318727,0.0384546653852,0.0391212967062,0.0407946201736,0.0431620074125,0.0450093988335,0.0467799638022,0.0495763611812,0.0530704977578,0.0572445458333,0.0637927345329,0.0785620847409,0.143678524277,0.110517315996,0.0779637737773,0.0696498683422,0.0668635283377,0.0660754113517,0.0661076691579,0.0665050807358,0.0670745866552,0.067724550317,0.0684073017631,0.0690965387532,0.0697772683228,0.0704408489586,0.0710823609099,0.0716991351167;0.0532610692438,0.0518786950559,0.0503907133971,0.048773305683,0.0469853660719,0.0449544146652,0.0425589335802,0.0397184503623,0.0366794098472,0.0337778772796,0.032472309958,0.0261565488883,0.0303895388531,0.0294233770605,0.0302335556668,0.0299028704426,0.0302596443675,0.0315596203677,0.0313958694578,0.0332589331021,0.0360241628111,0.0382752826394,0.0398107421841,0.0411803186509,0.0427080824869,0.0443733320569,0.0458396759481,0.0426747271917,0.0497417030429,0.054455845321,0.0590659893764,0.0658349310169,0.0789261517249,0.107480040345,0.0995502023751,0.079689350421,0.0720742453638,0.0689946706139,0.0678175807237,0.0675411222535,0.0677186520641,0.0681330411222,0.0686715607851,0.0692722419724,0.0698994453639,0.070532020513,0.0711571912902,0.0717672148162,0.0723574677997;0.0535217369221,0.0521293334285,0.0506433457139,0.0490510568869,0.0473297121127,0.0454420284819,0.0433364498328,0.0409329833628,0.0377892265952,0.0335797251827,0.0331601717327,0.0276727447659,0.0157420298561,0.0295770638038,0.0299795068862,0.0293080245342,0.0306792272258,0.0330834797202,0.0331524412686,0.0355332634407,0.0377245939086,0.0393252190974,0.0403216782693,0.0418317941507,0.043424719266,0.0443072268284,0.046728489036,0.0484654172466,0.0516424636565,0.0554141429093,0.0594517179569,0.0646777274963,0.0717747704074,0.0789056775836,0.0795919818351,0.0753643485419,0.0718170217009,0.0698266204656,0.0689169071861,0.068659442822,0.0687849909429,0.0691333500649,0.0696092266391,0.0701550306699,0.0707352793702,0.0713277496598,0.0719183821541,0.0724982700623,0.0730618298961;0.0538410483972,0.0524337204661,0.050945177858,0.0493768886904,0.0477250296037,0.0459747778627,0.0440998019567,0.0420581759722,0.0397990978208,0.0374714098625,0.0347264420392,0.0277054797198,0.0309053041454,0.0287311130117,0.0288120128101,0.0311258751624,0.0325914719273,0.0340554139943,0.0340255466814,0.0367829278438,0.0388678727334,0.0401280419719,0.0383021800503,0.0414781677151,0.0440636209946,0.0395357587536,0.0477966439879,0.0507460389296,0.0532804315698,0.0559504008033,0.0589137906027,0.0626180272549,0.0669456210701,0.0706347031884,0.0721987430326,0.0717956253688,0.0707812207865,0.0699825121236,0.0695833949071,0.0695282889813,0.0697198035727,0.0700746181851,0.0705318125773,0.0710492179674,0.0715982408861,0.0721596525781,0.0727205932364,0.0732725329657,0.073809900383;0.0542086098804,0.0527684259098,0.0512523348093,0.0496810631428,0.0480760402489,0.0464386866992,0.0447534567954,0.0430120857665,0.0412011785053,0.0392658493248,0.0370128535424,0.0345746896723,0.0335809347797,0.0317506716329,0.028239879609,0.0301967370481,0.0319190101076,0.0342406844036,0.0363670488412,0.038028614835,0.0395954076038,0.0409722710213,0.0420476025279,0.0438687653165,0.0459573912511,0.0476724036231,0.0499619509745,0.0522645286737,0.0542876472921,0.0559309173367,0.0571282903515,0.0598816944839,0.0639404627683,0.0671140425846,0.0690076631544,0.0698051304966,0.0699947298749,0.0700112606668,0.0700794059995,0.070269040288,0.0705781298261,0.0709810375612,0.0714491886557,0.0719580621226,0.0724886111882,0.07302675925,0.0735624176879,0.0740885327877,0.0746003025038;0.0546191565354,0.0531121326281,0.0515108051493,0.0498630015287,0.0482528966306,0.0467004289083,0.0451407845712,0.0436149258797,0.0421719865836,0.0406462832877,0.0389024462948,0.0369952287048,