DVL2__poly=[0.854470354634,0.855683919604,0.856958364626,0.858303611791,0.859737230462,0.861291244184,0.863023025503,0.865025769557,0.867427527472,0.870412383488,0.874313424911,0.879063987298,0.881256751633,0.879344382368,0.878866087652,0.880923357203,0.886219413927,0.897666439624,0.89063723373,0.895240187701,0.898341214718,0.90226518929,0.920288957266,0.906035381167,0.903930699344,0.89183907272,0.888233164676,0.888617819994,0.882212203555,0.887864089634,0.892091610856,0.849842711504,0.846772922636,0.684822411503,0.82026988851,0.852176831486,0.86589559912,0.855320998488,0.84713129054,0.845059251315,0.844179151997,0.843598736004,0.843089810557,0.842589453664,0.842082575552,0.8415685062,0.84105057658,0.84053275307,0.840018592415;0.8543733095,0.855609222401,0.856902309835,0.858259120926,0.85969308414,0.861234166112,0.862952943835,0.865006185948,0.867634609175,0.871049224564,0.876317185023,0.889538855127,0.908205984902,0.8797328432,0.874283093946,0.875576566936,0.880454387882,0.8934922766,0.873174006392,0.885570390974,0.901542321191,0.912933480779,0.89828082755,0.899705465839,0.89720598492,0.889589708395,0.88623174744,0.886575499726,0.877835971723,0.870077877468,0.855987350115,0.837349257019,0.823723951195,0.803568822234,0.806896160307,0.826816586175,0.840957554653,0.843344873744,0.842775591563,0.842361462623,0.842157142508,0.841968703962,0.841725759435,0.841418424602,0.841056534039,0.840653924136,0.840223325535,0.839775117613,0.839317358189;0.854226739019,0.855483928124,0.856792928152,0.85815441707,0.859571566593,0.861056212706,0.86265551005,0.864593966932,0.867698091083,0.871683917695,0.875500691154,0.885863112758,0.911241501438,0.871730422375,0.863164932606,0.868610009762,0.873300085087,0.882482817294,0.643289471987,0.871267249691,0.891332951362,0.890763461675,0.890299410695,0.89939296911,0.898830706116,0.886427826957,0.882574622172,0.880978895038,0.87161570084,0.861956060341,0.847725190265,0.821874188408,0.70036335389,0.790777813647,0.780766808243,0.770806554835,0.838617102736,0.837599462217,0.838854516366,0.839742490526,0.840218089191,0.840416778804,0.84042151297,0.840287168671,0.840053297907,0.839749134288,0.839396344516,0.839010967423,0.838604870267;0.854033076758,0.855313954014,0.856641946912,0.858011481656,0.859414372105,0.860838268306,0.862247828306,0.863525978712,0.866445746968,0.89663379187,0.871607994733,0.878083962634,0.873543786439,0.844509020138,0.817617046558,0.862291817861,0.872201369684,0.87921607487,0.862972043614,0.878296262329,0.899092236164,0.882672864257,0.881733193546,0.884333356259,0.885679042278,0.877429825123,0.875242747049,0.875871687759,0.859612089519,0.84999487544,0.839597863961,0.798342600114,0.76104030987,0.788516532999,0.779385185164,0.79975348525,0.831328916251,0.833921401061,0.836145903997,0.83768721351,0.83858320748,0.839050268514,0.839235999094,0.83923199734,0.83909719828,0.838871357912,0.838582260426,0.838249784614,0.83788837505;0.853794453123,0.855105181306,0.856461585264,0.857854009156,0.859269571875,0.860704603814,0.862253256294,0.864128125047,0.856131119256,0.840320780952,0.859906269596,0.884999440224,0.871363414218,0.863220952033,0.849669713423,0.86678106867,0.874713310414,0.875131114836,0.870447725592,0.866706519665,0.868352273348,0.871305754233,0.873781896837,0.880450795165,0.876550762028,0.867728349694,0.861470942503,0.85501279981,0.848194336123,0.841640236286,0.831070751015,0.808492746285,0.799236316138,0.808744884782,0.81180901501,0.817640988635,0.826366722627,0.831732506556,0.834617532658,0.836334101918,0.837357542487,0.837931857287,0.838206467713,0.838276458885,0.838204226177,0.838032110283,0.837789717232,0.837498241645,0.83717312243;0.853511595581,0.854861519821,0.856260591153,0.857697691205,0.859158606533,0.860644853266,0.862371526295,0.867848531978,0.851727842327,0.705413501911,0.851170910331,0.874071202971,0.876219316176,0.874269409846,0.873438097526,0.877430905568,0.893677243565,0.879055847087,0.866029617572,0.820179115894,0.843924170588,0.861097598432,0.866260963641,0.86943075903,0.8664432069,0.858343384753,0.847461563504,0.833972178771,0.832851036874,0.834861460846,0.831469939638,0.825149089503,0.822825213928,0.834808535222,0.829847159291,0.826774403922,0.82923371859,0.832079630021,0.83419891006,0.835619893503,0.836525436298,0.837062901205,0.837338203848,0.837426113343,0.837379436366,0.837235849269,0.83702261379,0.836759731833,0.836462053376;0.853183126592,0.85458402101,0.856042965712,0.857549540625,0.859089853749,0.86064401194,0.862148293798,0.86300640478,0.861092194293,0.860718286279,0.871495656138,0.901511585097,0.887010923518,0.890045757573,0.886457228575,0.887641321966,0.885645483492,0.877728286669,0.86892390615,0.82917616972,0.842363138474,0.856760125583,0.861002355506,0.861437802041,0.858572732857,0.851459670206,0.834260366409,0.734519069395,0.808110050888,0.830104114894,0.832743132809,0.831618242841,0.831423585842,0.83542894181,0.834070767627,0.831585309313,0.831965132621,0.833182061208,0.834389694194,0.83533343824,0.835988622883,0.836396445225,0.836608192257,0.836669496192,0.836617213657,0.836480061877,0.836280132373,0.836034369778,0.835755783466;0.852805365902,0.854271495804,0.85580984667,0.857411372602,0.859069174724,0.860784676616,0.862583393367,0.864699084285,0.869323236164,0.880037715474,0.880851111104,0.901055259212,0.94367498502,0.893463249315,0.891175809329,0.892942995027,0.88710034384,0.876442682727,0.872728990339,0.860256938618,0.855722156248,0.857422267755,0.859843841154,0.858788874746,0.855815243339,0.852411285675,0.837435524171,0.814660871328,0.820835718749,0.83175276198,0.835059542284,0.835395151788,0.835092304851,0.835036857403,0.834534743791,0.833856574885,0.833787299218,0.834187782858,0.834737385096,0.835241265457,0.835621411086,0.835862748732,0.835976783765,0.835983572798,0.83590396249,0.835756677453,0.835557524083,0.835319445681,0.83505287177;0.852372151559,0.853922402194,0.855565242887,0.857287744223,0.859084939142,0.860983550196,0.863079620098,0.865651044113,0.869297527168,0.874192477025,0.881745092931,0.904680255552,0.892419284686,0.898528720818,0.896779915508,0.887460634348,0.881802013272,0.876251202561,0.875813150941,0.865511074025,0.859173625768,0.857174771322,0.866587304204,0.85902660713,0.853658001021,0.870584394204,0.844030882679,0.835532869544,0.834357982241,0.836914568125,0.838978641614,0.839230004451,0.838188596899,0.83699666197,0.836013585733,0.835303765071,0.834948564208,0.834897053437,0.835013520614,0.835177425871,0.835315188479,0.835392716155,0.835400227457,0.835340515754,0.835221855274,0.835054206877,0.834847371267,0.834610193212,0.834350299492;0.851873198315,0.853536304065,0.855327259953,0.857213986867,0.859163731696,0.861203331433,0.863425647603,0.865947442381,0.86896618293,0.872811091696,0.878100071958,0.88415423731,0.885078696563,0.888323503326,0.897626431893,0.888754146276,0.883468351101,0.876961539693,0.870491251715,0.864812231637,0.858746704407,0.852802475228,0.849230432855,0.847078716596,0.846144823667,0.845817427286,0.842749742367,0.839961249147,0.839639583387,0.841903813641,0.845861344328,0.845588860377,0.841727216504,0.839001054909,0.837329826311,0.836284362594,0.835651108291,0.835302190281,0.835130560615,0.835048480777,0.834994241794,0.834930773859,0.834839402606,0.834713272612,0.834552312658,0.834359919814,0.834140965014,0.833900674526,0.833644047616;0.85128815111,0.853108538506,0.855141633233,0.857317116802,0.859467076968,0.86159647963,0.86393818455,0.866379388112,0.868742123602,0.871473133911,0.874861993149,0.878461354926,0.88086410732,0.880042787683,0.87555783555,0.882730713948,0.877495624086,0.888330488415,0.86967424402,0.869093717177,0.859812081209,0.846390621482,0.828559365267,0.830965764235,0.837317423838,0.839777648961,0.840214414488,0.840280794105,0.841435710348,0.845602570772,0.864635844369,0.860058316951,0.844975977515,0.84035270285,0.838113206739,0.836798132491,0.835963759957,0.835420867735,0.835060670288,0.83480864265,0.834612579852,0.83443793127,0.834263773383,0.834078893146,0.833878468665,0.833661580991,0.833429504501,