EED__poly=[0.285267026113,0.28695899734,0.288916751396,0.291184616841,0.293802791484,0.296793594381,0.300138389543,0.303739198793,0.307382354091,0.310965273812,0.315270562519,0.321942699768,0.326234325724,0.311804877561,0.293989382174,0.279111259554,0.260648598998,0.230647103724,0.253728034613,0.289923489221,0.244345145339,0.214782923481,0.166560001158,0.189256337943,0.188352181511,0.208120100136,0.212218530181,0.208959346812,0.217897940093,0.20156246179,0.178605361192,0.262126818964,0.362587541395,0.229357199653,0.265198105834,0.243670390145,0.230145145039,0.253503825236,0.270070832332,0.273974757523,0.274706944917,0.274386377485,0.273721186179,0.27297956999,0.27226366098,0.271608531266,0.271021881728,0.270500640344,0.270038006384;0.285824095334,0.287721103903,0.289974060959,0.292671786119,0.295918853726,0.299823381237,0.304473120217,0.309891480906,0.31571800478,0.320623781579,0.326024168173,0.335592850151,0.461725213855,0.336049551036,0.303365573474,0.286063220828,0.267442446661,0.227154260937,0.266070597961,0.293450794852,0.240578385645,0.195989983576,0.215708566505,0.203947619626,0.203428644881,0.215479380304,0.22083109844,0.217381815527,0.228491743458,0.237735430811,0.259330634329,0.285394647008,0.289572139009,0.279692612656,0.303455238171,0.278749476879,0.270795965624,0.273431394143,0.275212535515,0.275626355341,0.275249296419,0.274551628378,0.273761974745,0.272984568818,0.272262763349,0.27161048683,0.271028068002,0.270510113484,0.270049316618;0.286150301195,0.288210884653,0.290718024884,0.293820558648,0.297726770901,0.302710680445,0.309093437908,0.317409186853,0.32927989858,0.33809057901,0.334316686297,0.356989644577,0.510588536423,0.340099572495,0.303965488039,0.293211905801,0.285282031191,0.239670195757,0.205941764501,0.297387492384,0.289245350584,0.253449036648,0.234503168769,0.204940745884,0.200648888924,0.224570115116,0.240489626876,0.244604899703,0.245420563923,0.259039856893,0.306089693118,0.337690638116,0.403354145212,0.346175394641,0.430967597001,0.285780488756,0.318204073558,0.29040713992,0.281396110898,0.277989895252,0.2761560667,0.274876343071,0.273852283589,0.272984112269,0.272231367233,0.271572454316,0.270992487924,0.270479622912,0.270023930705;0.286194634554,0.288349540593,0.291024002103,0.294432668901,0.298928460386,0.30510336643,0.313820741066,0.325675851169,0.347681188162,0.491389936188,0.331421148648,0.32315557586,0.331010010321,0.298238452984,0.282038577674,0.298437687893,0.311502713817,0.359063436791,0.290974699362,0.319150047592,0.345776952195,0.27341437746,0.250687212318,0.233245195785,0.224254911167,0.240739960027,0.273201060263,0.312922441772,0.267281031111,0.277840712559,0.32276135043,0.357230540018,0.319104841875,0.337027070123,0.360238833667,0.306270910401,0.318370584157,0.294862243378,0.284031679616,0.279278822233,0.276700106649,0.275050563895,0.273856800156,0.272918816999,0.272143780265,0.271483822636,0.270911257498,0.270408215458,0.269962092964;0.28591861582,0.288072863535,0.290778090163,0.294290992145,0.299091072417,0.306228224342,0.318504190655,0.342558137685,0.34475782924,0.327918780393,0.313486441095,0.277615592861,0.303244566802,0.277723137518,0.288101876923,0.30395136387,0.31839095393,0.329953427033,0.310669940941,0.30955665017,0.303994816856,0.280250285417,0.259793876507,0.235710955318,0.235818107931,0.248126397322,0.26024033453,0.267809549037,0.268151538947,0.276298356797,0.291378239813,0.297765573095,0.297245341407,0.30229232797,0.304499156668,0.29923603766,0.294446530485,0.288434706994,0.282767748414,0.278986751198,0.276548551614,0.274889578903,0.273679790213,0.272741247022,0.271977633893,0.271334860787,0.270780833309,0.27029524983,0.269864417741;0.285305149973,0.287350064677,0.289919473309,0.293252857462,0.297801437486,0.304622889948,0.317275449406,0.360038569572,0.345955189844,0.261053169392,0.310429992482,0.315796414445,0.304025257741,0.29767705977,0.302762714309,0.311249831734,0.3153080679,0.342782249497,0.350265543562,0.352648362867,0.313541204973,0.283954808213,0.265616792168,0.250043367111,0.246453294524,0.250720123925,0.2541096976,0.256182094848,0.261568820361,0.26963335301,0.277489001707,0.282358220083,0.282520360606,0.266012853369,0.277493095489,0.285883530151,0.285439827887,0.282982521444,0.280124440719,0.277676000572,0.275799909798,0.274387720499,0.273301418864,0.272436865191,0.271725246707,0.271122693799,0.270601096197,0.270141961919,0.269732667145;0.284362369151,0.286194281899,0.288474611897,0.291372607745,0.295147834064,0.300221704412,0.307135314117,0.313990234249,0.306786751233,0.294188200809,0.317567410507,0.414936152382,0.297422881959,0.283351886199,0.313496230019,0.333927606133,0.321232313048,0.331140388186,0.359618740347,0.343180645447,0.30968802487,0.283193622097,0.26761609085,0.257603938047,0.252570677837,0.250956586477,0.249650613723,0.22417409871,0.251483105014,0.263525395546,0.269589117922,0.273212357048,0.273630669763,0.268129009478,0.272065177336,0.278104439821,0.279366409467,0.278730596095,0.277412033119,0.275992484554,0.274718617158,0.273648351423,0.272762462651,0.272023146529,0.271395642743,0.270853242431,0.270376674201,0.269952251983,0.269570178288;0.283118890877,0.2846521031,0.286537685075,0.288875318833,0.291751240376,0.295141727441,0.298557756317,0.300014365389,0.293975854,0.279262460362,0.303146839978,0.274042529525,0.153000433062,0.289837807787,0.313419978818,0.316756690156,0.297108135488,0.307432138357,0.297357252845,0.299701559554,0.291061678175,0.276620357201,0.262205936038,0.254938114566,0.250732425378,0.244371488595,0.247489464225,0.247023524637,0.253062385476,0.259865211084,0.264046283851,0.26698696914,0.268870970724,0.269956491639,0.271864063728,0.27413393626,0.275321795736,0.275475507076,0.275024788005,0.274310078919,0.273534997224,0.272796791653,0.272129311162,0.271536161883,0.271009644251,0.270539532037,0.270116402233,0.269732521092,0.26938180337;0.281613126956,0.282775457624,0.284198408821,0.285957790234,0.288088399104,0.29049898531,0.292868161703,0.294618777948,0.295583553326,0.299114319601,0.311449268042,0.394923089871,0.306799176286,0.29941451927,0.31647750049,0.302965641521,0.301390776218,0.301106701862,0.283664572878,0.286088828014,0.28072809608,0.269445611098,0.240620211788,0.245758817039,0.24808903062,0.212813606187,0.247026306616,0.25237653847,0.254994994856,0.257076797433,0.258608210398,0.260922542035,0.264087488361,0.266983176138,0.269379156452,0.271262592353,0.27246642461,0.273004501694,0.27305104287,0.272798849769,0.272395521351,0.271934426681,0.271466617977,0.271016277658,0.270592778608,0.270198235133,0.269831623443,0.269490807923,0.269173442908;0.27988558191,0.280596406815,0.281472817896,0.282628165701,0.284162231628,0.286042502873,0.288152921454,0.290594868335,0.293957961965,0.299663907974,0.310585695429,0.325594581793,0.316877248066,0.318044062694,0.293174807953,0.289521350408,0.299486660001,0.316737851446,0.298907709689,0.283799730971,0.273572726685,0.264554760085,0.255535882512,0.252580496799,0.252170888114,0.250515128335,0.252367007329,0.254351134038,0.254777773084,0.253036113389,0.24883571788,0.250916004834,0.258308275905,0.263519115295,0.266818929339,0.268977871097,0.270353444921,0.271134947462,0.27147804222,0.271521870266,0.271378498447,0.27112849874,0.27082460803,0.270498834186,0.27016942992,0.269846230442,0.269534208883,0.26923564445,0.268951368855;0.277984411621,0.278127549546,0.27826934912,0.278619502381,0.279566415187,0.281133639162,0.282900291174,0.285362382331,0.289617740342,0.295836077222,0.30425387986,0.314081508087,0.319835591132,0.317225149266,0.316843900242,0.287525331704,0.317339681583,0.39662929602,0.303082326564,0.269722273764,0.261010446586,0.253805306449,0.250293353555,0.252477507509,0.254491807979,0.255115367779,0.255645799901,0.255843119055,0.254547157753,0.248873431936,0.219223332543,0.227558562006,0.252839570058,0.260917012953,0.264945233246,0.267340165428,0.268842494788,0.269761597412,0.270271147395,0.270492890096,0.270518776346,0.270417146988,0.270236593661,0.270010139011,0.269759400118,0.269498132959,