EED_OAC1=[0.258597063748,0.258167499305,0.257966244285,0.258246099128,0.259435578335,0.262090670176,0.266440122089,0.270096679054,0.267373386396,0.259471786924,0.239179719553,0.239209087575,0.255693773867,0.22367504768,0.245379826847,0.261764385665,0.248372506386,0.249047864092,0.262439796182,0.258943999321,0.255196183762,0.255069084058,0.255326103005,0.255503194469,0.255507759006,0.251099293638,0.248879335771,0.248531116169,0.249152256244,0.25084470485,0.254545154486,0.259463486643,0.264280862779,0.268588605886,0.272396090612,0.275766704732,0.278726794628,0.281262557742,0.283343132378,0.2849489919,0.286091455124,0.286815595531,0.287189512278,0.287289289811,0.287187111464,0.28694481759,0.28661185288,0.286225777546,0.285813940006;0.257137829932,0.256325409163,0.255606107311,0.255304463823,0.256236981774,0.260005161943,0.270143487062,0.292113258919,0.279871974716,0.261411167206,0.251699687649,0.251888397443,0.258215338307,0.257454703194,0.261653299945,0.298727808479,0.272520643505,0.268486688484,0.256907983759,0.242158861038,0.241931804949,0.245427428144,0.246981179821,0.247247404784,0.245062467278,0.242894978032,0.245119841939,0.248286617964,0.251158479596,0.254187772458,0.257778768326,0.26186581948,0.266105392636,0.270247674482,0.274184516947,0.27785617959,0.281186188725,0.284067319051,0.286389136414,0.288085110476,0.289164297309,0.289705216636,0.289822941715,0.289635798152,0.289246076013,0.288733800709,0.288157616539,0.287558335646,0.286962973486;0.255552196444,0.254218355787,0.252597360479,0.250786817959,0.249821228674,0.252810056553,0.2639044809,0.334379878036,0.284543732668,0.257863275247,0.25094692466,0.249370779316,0.270951537458,0.274356282644,0.296691690522,0.390237406643,0.340007012335,0.276268074785,0.247037756617,0.220838505717,0.228299122638,0.232166698906,0.236744788268,0.238643241631,0.231707751434,0.214559108581,0.238143477896,0.246575464436,0.251548197003,0.25566668553,0.259667071072,0.263774333115,0.267992687602,0.272262943995,0.276520183111,0.280673253042,0.284563897876,0.287957249496,0.290603100718,0.29235189777,0.293229309078,0.293400194677,0.293074224533,0.292437412619,0.291629749509,0.290747981157,0.289855154438,0.288989890775,0.288173883602;0.253954457167,0.252091986565,0.249317483837,0.244705815841,0.236308170885,0.236814402166,0.241835288882,0.202048759024,0.239916038507,0.244411400924,0.241801765914,0.225803739125,0.310425927878,0.269073782638,0.29259103297,0.502456170185,0.319327191121,0.26514220494,0.208975081204,0.234312674954,0.218800503232,0.189776790003,0.224809692439,0.232442732101,0.228452141968,0.219438943132,0.236141835936,0.245436933918,0.251602404595,0.25656294176,0.261058825076,0.265454933868,0.269929578485,0.274566417103,0.279388444376,0.284330533556,0.289163616309,0.293437579817,0.296594801632,0.298304444561,0.298685527761,0.298139430152,0.297065288816,0.295743279462,0.294345793938,0.292973312963,0.291680667051,0.290493786878,0.289420842477;0.252440706431,0.250325049702,0.246755431729,0.239610570335,0.221784173083,0.221612411318,0.237249517549,0.23591991439,0.228788623663,0.229363239625,0.235147243282,0.219278604283,0.20151391851,0.225608670246,0.25251254867,0.298152737104,0.285987166508,0.207346508238,0.244477158281,0.225515272056,0.229881969715,0.215156134606,0.222303419525,0.228148088314,0.230100490061,0.229804710166,0.235999817098,0.244860655164,0.251869365946,0.257450705804,0.262364661009,0.267092458295,0.27193548922,0.277106400712,0.282764040949,0.288967645871,0.295491919176,0.301509475787,0.305625542551,0.306984747456,0.306147062606,0.304209243365,0.301901837088,0.299569987994,0.297369013872,0.295367653813,0.293588300164,0.292027034376,0.290666425764;0.250893928943,0.249144530382,0.245897132696,0.238363595326,0.206251012388,0.224706535607,0.237120223951,0.239935507777,0.228313740732,0.255850619016,0.263256144008,0.243105213838,0.252321233043,0.262808333103,0.269345934331,0.277312612006,0.275566370441,0.269315704504,0.273104519794,0.267438316896,0.250626186186,0.233946087931,0.191215580262,0.220319528509,0.227161676284,0.205162651109,0.227943359428,0.244528036098,0.252697615881,0.258636416878,0.263783833461,0.268764173054,0.273974329458,0.279759405189,0.286496047608,0.294603230091,0.304291085741,0.314419042257,0.320857510057,0.320528867499,0.316458782927,0.311850043661,0.307612865343,0.30386869975,0.300622052945,0.297849331026,0.295503997607,0.293527572459,0.291860841135;0.248579825201,0.248247263599,0.246875567784,0.242405585916,0.230368495184,0.223579210808,0.231433983864,0.235769181765,0.239848497394,0.288202489101,0.331811139116,0.261518817736,0.289687866948,0.349234236931,0.280952578397,0.274468015839,0.273754572414,0.276924013452,0.307343298648,0.34067059844,0.265452872037,0.24263748257,0.216995090307,0.218794939921,0.229778146119,0.22458872749,0.234739147716,0.247127228924,0.254575069596,0.260271310921,0.265372922908,0.270450517039,0.275930356835,0.282274957206,0.290147399043,0.30068069776,0.315921229885,0.3378760566,0.353583517181,0.343293921161,0.330141761622,0.321001800598,0.314082272652,0.308496012359,0.303956134519,0.300286062624,0.297320936527,0.294913573825,0.292943008873;0.242709414464,0.246743321433,0.248688881239,0.249060676328,0.245763289225,0.240910664204,0.240788915831,0.249141225045,0.290751527984,0.326825913885,0.302721580095,0.286043020826,0.286579860092,0.288428035486,0.272745572112,0.270095965911,0.271202262602,0.273950460033,0.280582807033,0.279807551934,0.264342225389,0.249116792434,0.22861277241,0.227511149171,0.237968521826,0.241428094389,0.245887805598,0.251784152543,0.25727715335,0.262253743662,0.267062002782,0.272060544241,0.27763522436,0.284307816489,0.292957014292,0.305408739234,0.32662205158,0.377799764657,0.504577689958,0.375289241758,0.345216650885,0.331264936669,0.32111624871,0.313202745666,0.307129239836,0.302485132695,0.298898968407,0.296086736019,0.293844611503;0.223241382949,0.244939578536,0.24964984431,0.254781702489,0.272963528257,0.272237898132,0.243421157043,0.19142912399,0.328804308712,0.349277022156,0.304835446687,0.287740279908,0.275042679709,0.206371626046,0.233823585368,0.262782227719,0.267956732976,0.268604123238,0.268392778637,0.266718764723,0.261485929857,0.254240512466,0.247313883034,0.244822111129,0.246464439283,0.248926195904,0.252063093303,0.255909928131,0.260056760917,0.264300793754,0.268706613375,0.273480151595,0.278938896696,0.285576369812,0.294250641306,0.306685677347,0.327039328516,0.367172815278,0.414700761006,0.379270091748,0.36034256422,0.343766081703,0.32864409481,0.31755012126,0.30976252164,0.304188971225,0.300073382562,0.296942381471,0.294498182245;0.239882026802,0.245550914028,0.247724207343,0.248761075239,0.248143473465,0.279451521668,0.24142694985,0.271555342028,0.308441181277,0.324804121776,0.303120866342,0.286778778278,0.274677385004,0.261108139785,0.254480204907,0.264234942096,0.267106837372,0.262936082146,0.25669410513,0.260386172369,0.260254962909,0.257163884667,0.253779001538,0.251937399011,0.252101794409,0.253650295023,0.256069290799,0.2590826202,0.262485361725,0.266174059397,0.270174871541,0.274626880236,0.279779017776,0.286029235293,0.29402361152,0.304835044392,0.320100585613,0.340810825887,0.362181348056,0.385615354393,0.40364603665,0.363364296683,0.335665417471,0.320551671037,0.31129967951,0.30510179021,0.300683134219,0.297388996377,0.294849337026;0.247220683657,0.245667624666,0.240467799349,0.239679825276,0.247262819876,0.269901195836,0.270934726787,0.282896910437,0.317338629603,0.274239196281,0.293184175225,0.27922489101,0.275578837334,0.271599460312,0.270320861412,0.271786797884,0.270989847183,0.260134454548,0.203041713101,0.257733449318,0.260598445858,0.258805150608,0.256200520292,0.254558471539,0.25475743228,0.256378506015,0.258718090641,0.261448811258,0.264469733929,0.267769733776,0.271400678082,0.275478786924,0.280194167171,0.285832547913,0.29280970848,0.301698460694,0.313177779906,0.327966690737,0.348994695593,0.401529558419,0.583142274619,0.374890130671,0.337021169329,0.320599761007,0.311171283652,