SEMA6A__poly=[0.718655385043,0.72468042801,0.731103603669,0.737962683408,0.745292810338,0.75311958547,0.761450780691,0.770271145891,0.77956048858,0.789433279584,0.800410981551,0.812496677198,0.820496745553,0.822069275009,0.825173034925,0.831582524398,0.843089130064,0.863229332283,0.856843597185,0.861957977595,0.863798500955,0.867967039911,0.892743820843,0.875542968057,0.876129732624,0.865717950553,0.867973314698,0.87669185046,0.880603079754,0.900144580666,0.92001136774,0.897630852517,0.911196135095,0.925723137574,0.891748188389,0.889130161526,0.883956492868,0.858536715327,0.834298951317,0.817123134866,0.802673989311,0.789952973301,0.778535719205,0.768175992352,0.758705476985,0.749998750787,0.74195775638,0.734503507264,0.727571032279;0.717602969565,0.723838960768,0.730538908771,0.737766720253,0.745592358618,0.754082682684,0.763286649929,0.773219399288,0.783797423206,0.794860322215,0.808083119127,0.833220275898,0.865976185372,0.830522131425,0.826897991604,0.830932884484,0.842352148285,0.869166261498,0.85502328281,0.860563192395,0.871801694421,0.883268913554,0.862793656781,0.866079444218,0.865936358838,0.8610784165,0.86361546409,0.872315994076,0.873301102691,0.878913660215,0.882226633717,0.885470888097,0.896518905407,0.903603686226,0.887430636297,0.879652009416,0.867246815676,0.847884643193,0.82882321913,0.812378451281,0.798182543241,0.785653954494,0.77441242634,0.764212804604,0.754886175779,0.746308371867,0.738383507821,0.731034879528,0.724199544338;0.716195191315,0.722609657397,0.729554733867,0.737130458,0.745463972097,0.754704705257,0.765001281835,0.776522370826,0.789678726361,0.802366585899,0.812672305094,0.832888845421,0.876349686043,0.834647928197,0.828809807354,0.829846845251,0.838094209999,0.868837812069,0.890406857067,0.857233995062,0.860955614153,0.853609214583,0.850885942126,0.864000502928,0.866112969417,0.854845861868,0.856850753379,0.863342389979,0.863345077291,0.867001119632,0.872458902084,0.880208330221,0.895355733716,0.885473789698,0.899340010685,0.887329566667,0.869849034344,0.840684654837,0.82130819933,0.80561863159,0.792050596527,0.780009286951,0.769158521253,0.759280916546,0.750224855722,0.741878073956,0.734153419257,0.726980773792,0.720302212688;0.714398528872,0.720941648415,0.728071918073,0.735931428762,0.744729674073,0.754775532531,0.766469693002,0.780070707099,0.797587399171,0.850608649553,0.815689730942,0.826331662818,0.830752964409,0.83703466877,0.837467479243,0.828199560438,0.834426029139,0.853618510778,0.849837543299,0.854889471741,0.86954568531,0.84132577674,0.83688504482,0.840813216507,0.84587986987,0.840630119377,0.84547710619,0.85486774833,0.846552604164,0.850004215599,0.861078610818,0.877154671038,0.870587865875,0.866659460276,0.871470305725,0.865802553314,0.853053020799,0.828932018685,0.811327856508,0.796955623916,0.784383519045,0.773096596533,0.762833024903,0.753426332737,0.744757665208,0.736736327289,0.729289971088,0.722359024156,0.715893285909;0.712191712459,0.718797647583,0.726021201396,0.734037670229,0.743139098046,0.753867469299,0.767418629697,0.786268903836,0.800577029559,0.811526216077,0.815759764719,0.83781443183,0.823318809088,0.836163771295,0.829284695068,0.824313630384,0.828764604371,0.833733262015,0.835579840232,0.835065577207,0.830184542629,0.823783517354,0.821898760185,0.831172287,0.829588517617,0.824997484944,0.827011508129,0.829730369684,0.830813550647,0.833685352967,0.839183966684,0.845513269489,0.846595417875,0.845102718983,0.84255160223,0.836085927937,0.825805589832,0.812393405096,0.798964789503,0.78664245847,0.775394263542,0.765069125862,0.755545450679,0.74672921531,0.738544771923,0.730929222536,0.723829052718,0.717197968482,0.710995425331;0.709574285061,0.716170016012,0.723373099195,0.731361925161,0.74044826106,0.751251308763,0.765396696256,0.79145590796,0.803700047182,0.837399329354,0.813224125447,0.817368756206,0.817387221482,0.818626166286,0.818630359146,0.82069490359,0.843886939986,0.82794165882,0.826167768696,0.825612912548,0.81385127341,0.805965564612,0.804092714062,0.808405568456,0.809634382834,0.809077944334,0.81183210946,0.815739794428,0.816933895326,0.817870045889,0.820346563684,0.823215065093,0.825850553341,0.836370644789,0.82692277572,0.815458394738,0.806236596625,0.796123503632,0.785577652193,0.775243446352,0.765404192776,0.75613637958,0.747441208109,0.739294659841,0.731664518905,0.724516609066,0.717817300819,0.711534554479,0.705638327574;0.7065733004,0.713095784229,0.720171303962,0.727942987228,0.736656055213,0.746739804429,0.75891257334,0.773677089636,0.789676075509,0.805001922538,0.811168394819,0.84669507519,0.820395736517,0.824664952762,0.818604435372,0.820008727191,0.818284504088,0.812078940776,0.815597850446,0.807918483222,0.795550412929,0.786337071392,0.782445186103,0.784120276388,0.788891645494,0.793634491827,0.799096887314,0.823760528688,0.8070212178,0.802965251926,0.803592902041,0.805035816968,0.806937728868,0.810928745297,0.805980878235,0.796936110309,0.788946179472,0.780648431466,0.771996684833,0.763281012584,0.754743527674,0.746521276289,0.738678611343,0.731239230131,0.724205121559,0.717566741139,0.71130850471,0.705411841976,0.699856940619;0.703244455187,0.709662638167,0.716547770818,0.723979841345,0.73210067794,0.741141309793,0.751422683524,0.763439353252,0.779811099789,0.802562102119,0.803039354514,0.833706079399,0.904107279606,0.817007574112,0.811554992287,0.813655027079,0.804501206023,0.790807044829,0.793578699095,0.782759412139,0.772797149918,0.763219129369,0.75117975242,0.755786289504,0.771071368589,0.783543560974,0.785665882115,0.790363868568,0.789416771473,0.787865483962,0.788199627573,0.788729803721,0.788803638262,0.787897587142,0.784549213893,0.779035974266,0.772650737237,0.76574951131,0.758490431866,0.751069185167,0.743667792889,0.73641887805,0.729406199845,0.722677387257,0.716256078421,0.710150612921,0.704359740544,0.698876286952,0.69368950823;0.699665267816,0.706002749307,0.712714112904,0.719796408798,0.727281164544,0.735268269983,0.743929898118,0.753533693685,0.76440152708,0.775656969625,0.789369363228,0.829313770788,0.805807367673,0.814680979448,0.807832184385,0.786222555432,0.774419960708,0.766448685864,0.772259947744,0.759955392564,0.751296912284,0.741194082921,0.68168288013,0.716788261942,0.755281544365,0.798646136742,0.771563584674,0.77071003847,0.771958326727,0.773387843495,0.774857269658,0.774935258855,0.773290526031,0.770648625473,0.767049688051,0.762464653249,0.757142300315,0.751311206535,0.745136642133,0.738769179281,0.732346062481,0.725978809523,0.719749027254,0.713711745883,0.70790132937,0.702337115717,0.697027894675,0.691975205692,0.68717569123;0.695918858933,0.702276681108,0.708950483237,0.715823105909,0.722775886165,0.729809131939,0.737027516675,0.744495206579,0.752295808653,0.760735821399,0.770933955213,0.781928171864,0.782774303529,0.786520060939,0.79599831595,0.756915882184,0.748500495077,0.727766414221,0.732580867757,0.729793139889,0.728836134368,0.729438320073,0.723180919257,0.727896066528,0.740957219395,0.749912288034,0.752672348447,0.754292588882,0.756928276947,0.761218684764,0.767306595268,0.766883779537,0.760770176507,0.755738499936,0.751399077657,0.747007407467,0.74230188081,0.737261735124,0.731950109579,0.726458133274,0.72088158308,0.715307023911,0.709804957377,0.704428501975,0.6992151608,0.694189696131,0.68936702703,0.684754718223,0.680354965917;0.692064501728,0.698641437218,0.705608193009,0.71268714189,0.719388648096,0.725592421405,0.731687265126,0.737449348025,0.7425798706,0.748045990475,0.754598862089,0.761679700231,0.766918852023,0.766476674596,0.754497639725,0.680156618827,0.723395940156,0.632457926494,0.705927712504,0.678681591533,0.696856487382,0.725692167677,0.730082597413,0.728518380663,0.729937384831,0.73317246395,0.735965846577,0.738634318846,0.74245546415,0.750295599138,0.781532419181,0.774293874764,0.749756593933,0.741546201726,0.736493065032,0.732179937226,0.727918869155,0.723506021299,0.718910108429,0.714166359697,0.709333760023,0.704475090407,0.699647208786,0.694897023853,0.690260719787,0.685764625605,