TET1__poly=[0.171357195784,0.172400565488,0.173520389972,0.174743181004,0.1761182497,0.177737724572,0.179771999475,0.182532521101,0.186576880949,0.192809614163,0.202295028161,0.213366087582,0.214258656422,0.208980377781,0.205562587581,0.206438296547,0.212281324884,0.227702838492,0.199222496468,0.173719140083,0.164885701242,0.157477794199,0.128292840042,0.152478642483,0.159240908045,0.186059235477,0.202243157792,0.210461538136,0.23287690478,0.256087681011,0.254536647599,0.308928165524,0.308336006796,0.474828380457,0.369866874748,0.387808648404,0.359043794933,0.306559743203,0.277997712066,0.264278492362,0.25456146067,0.246770157606,0.240167398367,0.23440996249,0.229305854432,0.224731855535,0.220600803255,0.216846945892,0.213418589574;0.170290564813,0.171247610829,0.17224852929,0.173303451379,0.174439747658,0.175725675574,0.177318938711,0.17956795036,0.18330122264,0.190578009838,0.206055068495,0.254561735395,0.211919031691,0.216938907053,0.205657948534,0.203625810627,0.204709518228,0.188292726387,0.196948240088,0.177011530936,0.158592318126,0.140430484858,0.1623142607,0.160425100023,0.167990635007,0.189703117074,0.219310708878,0.233572859841,0.231547482063,0.247355346273,0.27132149723,0.296724633199,0.345366773815,0.383195717468,0.341378874121,0.307389634609,0.292338622599,0.284321423709,0.271210322062,0.260508945221,0.25182163153,0.244501806711,0.238171074802,0.232599372892,0.227635823782,0.223174545659,0.219137036844,0.21546261648,0.212102925876;0.169150522301,0.170009787773,0.170870453873,0.17171374694,0.17251804803,0.173273343773,0.174024372108,0.174921478015,0.176203398863,0.181157217,0.196828469783,0.225136157609,0.298735626417,0.218243438584,0.200291886365,0.199390255813,0.20637730793,0.313424258755,0.152280367102,0.18553973246,0.19577356301,0.182346336726,0.17309906981,0.157171080028,0.160583261042,0.189028219555,0.224392350109,0.25018087936,0.227074123274,0.234758153161,0.24938894579,0.273608568363,0.399531391943,0.342091740195,0.345440609383,0.262283603672,0.2502860798,0.2653687354,0.262022287132,0.254994329717,0.247864541339,0.241335162405,0.23547584311,0.230222621918,0.225493762625,0.221215631415,0.21732658029,0.213775730204,0.210520958877;0.167954343935,0.168716930384,0.169437546166,0.170060786902,0.170491282277,0.170569244272,0.170070358673,0.168881560835,0.165504630558,0.131923178629,0.17925999038,0.189093900428,0.199788860907,0.187699891685,0.181338670485,0.192618408905,0.193496386509,0.181679430009,0.184724050603,0.182778745533,0.22380976609,0.194261730219,0.180860604599,0.174192350948,0.173341062483,0.190227464602,0.20080891446,0.202375091846,0.223624395172,0.232808064066,0.235611522571,0.23557751529,0.287937561745,0.319592171657,0.338415092449,0.271803432519,0.25064948389,0.257219616011,0.254762360601,0.249286875969,0.243296663708,0.237538851938,0.232217008258,0.227356826905,0.222928582936,0.218888787536,0.215193995303,0.211804919222,0.208687212363;0.166717061577,0.167397768028,0.168005675276,0.168454413121,0.168575573356,0.1680117811,0.165883620292,0.160173161059,0.158117621418,0.159375863014,0.1673915714,0.15845179413,0.182830931561,0.174625950992,0.18366812106,0.189873355659,0.187438661793,0.186642630432,0.187848629124,0.187133758581,0.190418837327,0.188010838278,0.18226501029,0.171638264242,0.177198532659,0.190173969055,0.1989444739,0.207483457451,0.218113621197,0.228266878987,0.237703386978,0.248904013238,0.270270150189,0.292692318168,0.293704286339,0.27594716911,0.261519056338,0.254449734462,0.249165094798,0.243807780266,0.238457381223,0.233329189769,0.228530471891,0.224090641285,0.220001023951,0.216237574659,0.212771718147,0.209575054483,0.206621194236;0.165445108523,0.166067687835,0.166611445265,0.166981529218,0.166986122285,0.166198775117,0.163414495773,0.152115764681,0.150694580645,0.132087811756,0.161443458015,0.168939065294,0.182163944306,0.19460105282,0.199329815218,0.194322976842,0.165528942548,0.189397568281,0.220968867293,0.189933099366,0.185344377586,0.1847234593,0.182125226056,0.178259300608,0.181363531654,0.189209828971,0.195672698671,0.201789952071,0.211567209455,0.22289794301,0.23409541876,0.247199390907,0.267050208551,0.324502555811,0.29945062433,0.269867549908,0.25733106407,0.249424478887,0.243478885383,0.238270514067,0.233408270805,0.228823489587,0.224520861389,0.220505963149,0.216773428974,0.213309599627,0.210096578164,0.207115063652,0.204345960673;0.164131205827,0.164717620416,0.165247605918,0.165646347656,0.165764238538,0.165306229374,0.163724704619,0.160510971798,0.156416691691,0.152781836468,0.156868410072,0.136823924161,0.179775810492,0.241056593697,0.230134549183,0.225142794279,0.186871120766,0.193985677497,0.235710694379,0.19237234498,0.183472124736,0.182270176823,0.180848452929,0.180680931425,0.182805485805,0.186723101391,0.190540876589,0.175492534603,0.20202475957,0.217183290753,0.228373045729,0.240116718602,0.255848528698,0.282147055112,0.276507839457,0.25873877976,0.249131527822,0.242480797293,0.23714475247,0.232460560747,0.228141940206,0.224086386389,0.22026566127,0.21667315489,0.213304470556,0.210152408417,0.207206858368,0.20445586287,0.201886650301;0.162753097074,0.163309825264,0.163853218345,0.164349102968,0.164720410398,0.164819745707,0.164410740761,0.163085100664,0.158811980009,0.149606781311,0.157675849575,0.142213112957,0.0905228840421,0.20732287167,0.215654703688,0.209905012238,0.181629380496,0.185133501461,0.181166825082,0.182656996228,0.180948672981,0.178696318541,0.175764301753,0.176592505076,0.17892410337,0.179310302044,0.186581135524,0.191387361011,0.201643088412,0.213058622895,0.222773263936,0.231952961993,0.241141577306,0.248768220846,0.249522194194,0.244774236793,0.239431988955,0.234646003583,0.230356912166,0.22640868752,0.222698376356,0.219177565898,0.215830225362,0.212653624828,0.209647790946,0.206811286241,0.204140243061,0.201628685007,0.199269185074;0.161277479297,0.161782422259,0.162321461736,0.16291386914,0.16356249172,0.164229848235,0.164826336387,0.165178809074,0.165029236984,0.164910222512,0.163098561797,0.139569735571,0.167447533625,0.165635101965,0.169856589849,0.179251299096,0.177605753405,0.176857448843,0.169591527651,0.175156618458,0.176381174621,0.174286905841,0.160311322877,0.168460920505,0.17478238781,0.154040331157,0.183817043292,0.193393828569,0.201764750509,0.210557410763,0.21884881944,0.225810501389,0.231001294424,0.234178828364,0.234727157518,0.232927858433,0.22998474841,0.226723600279,0.223453770898,0.220260321333,0.217161901182,0.214164716033,0.21127565686,0.208502533108,0.205851990686,0.203328188053,0.200932501632,0.198663845219,0.196519219871;0.159669386256,0.160060630785,0.160511375584,0.161109184239,0.161958715135,0.163116094949,0.164594076344,0.166449941076,0.168749051971,0.171387976305,0.173436483196,0.174570570663,0.180665408959,0.17629750601,0.15605578099,0.162179508877,0.164761001264,0.169331235912,0.172185549769,0.172270624685,0.171755782505,0.170752651519,0.169211723437,0.171458020962,0.175475156443,0.178846444538,0.18522269298,0.192671800416,0.200610697673,0.209550771493,0.218445424767,0.224607403859,0.225735661768,0.225409130944,0.224742793013,0.223406683612,0.221464101355,0.219161918947,0.216691344321,0.214159502086,0.211623064567,0.209115118314,0.206658186428,0.204269090914,0.201960429696,0.199741083572,0.197616633371,0.195589868666,0.193661345137;0.157907982242,0.158076597243,0.15825400039,0.158611349675,0.159469308057,0.160991676867,0.163091162014,0.166109929769,0.170588603927,0.176466110048,0.184180982175,0.195494708286,0.20664732616,0.201833917783,0.182318143456,0.152787779997,0.163120336606,0.150211669701,0.170627229528,0.163401046853,0.163916101414,0.163480471772,0.164780026724,0.169761579191,0.174874323403,0.179470148328,0.184723107007,0.191033882153,0.19888555762,0.21022889057,0.226252190284,0.244096381757,0.224672837529,0.219030987652,0.216854508642,0.215354742944,0.213808644287,0.212078605528,0.21019078786,0.20819948184,0.206152063455,0.204084880855,0.202025589468,0.199995444744,0.198010699512,0.196083455292,0.194222302893,