TET2_OAC1=[0.367203376396,0.364460651236,0.361629237487,0.358919400677,0.356726430757,0.355595516258,0.355724391306,0.354702220089,0.346591750978,0.330971689848,0.296950192747,0.285618999603,0.293685677149,0.262814224112,0.339971143752,0.33282961997,0.317038742508,0.309469324499,0.309977265017,0.288073280846,0.271826894452,0.258852094769,0.242548528793,0.234218157148,0.2440202197,0.249747781548,0.2540099769,0.258438662387,0.263330177048,0.269240018239,0.277283929273,0.28662174245,0.295758674583,0.304169360011,0.311810279666,0.3187283754,0.324955540138,0.33049703699,0.335348051375,0.339516636346,0.3430392709,0.345981832649,0.348428773915,0.35046900959,0.352185153651,0.353647963262,0.354914853778,0.356030728015,0.357029807048;0.369542337892,0.36658061585,0.36340988843,0.360265335112,0.35789236592,0.357964168645,0.36395198756,0.380727410778,0.366500001245,0.343335002412,0.324215954909,0.31380338755,0.310701514575,0.310710871823,0.349374408149,0.330191893241,0.359227957447,0.301410231225,0.285347735759,0.264851603727,0.259416331838,0.257188803917,0.25290523971,0.250441884474,0.250323900939,0.252304719869,0.258787372679,0.265889347841,0.272464866727,0.279138311466,0.286401106622,0.294173663798,0.302036131188,0.309662558845,0.316895353094,0.323651804762,0.329853347392,0.335405786489,0.340220358959,0.344253712694,0.347533942574,0.350152435211,0.352232174083,0.353896745355,0.355252828582,0.356384872798,0.357356285116,0.358212986114,0.358987331374;0.372304391649,0.369059758244,0.365331264848,0.360977340176,0.35662233639,0.355811660453,0.363133294746,0.425153584833,0.3849145099,0.356153405799,0.340797915928,0.326493239802,0.320433624785,0.317708544404,0.309962166587,0.26706025488,0.278312361977,0.279997083005,0.262648539144,0.237311665502,0.24504840401,0.247908497504,0.251436298203,0.25309534178,0.246923014401,0.230753412383,0.258849917492,0.27085569327,0.279124195763,0.286448068762,0.293623356748,0.300875370211,0.308172921072,0.315411784236,0.322490721167,0.329298791623,0.335676736379,0.341406161479,0.346264008869,0.350126478458,0.353033583926,0.355152410771,0.356688755582,0.357824295405,0.358696683688,0.359402672702,0.360007253845,0.360552394608,0.361064045021;0.375705385861,0.372215126354,0.368057326396,0.362024509882,0.349080581373,0.344572851835,0.346722189868,0.298928729005,0.394556465714,0.371843719512,0.357559492581,0.356738911992,0.337580905866,0.323902481013,0.31376723709,0.212112027791,0.272398526114,0.262287480643,0.217100930514,0.247858394572,0.233947245027,0.204564806779,0.243765420548,0.253376788197,0.250571254879,0.242469172109,0.263032251551,0.27562075499,0.284798213744,0.292636833446,0.299927353989,0.307046984333,0.314160889993,0.32132722907,0.328543598356,0.335729820331,0.342661642612,0.348920411825,0.353999140369,0.357607964432,0.359872534271,0.3611743901,0.361888830536,0.36227947466,0.362509923407,0.362677351019,0.362836880215,0.363017047549,0.363230026818;0.380030109248,0.376318634296,0.37242262752,0.368562553907,0.353833379494,0.34100384188,0.347346522968,0.354333874717,0.388072651301,0.396109028374,0.370324252284,0.338178258259,0.272578985708,0.305210135406,0.357618006325,0.297480624639,0.280572061367,0.210016636891,0.249696000255,0.232257027036,0.242739518065,0.232743869162,0.244458946858,0.253666382431,0.257996292903,0.259569479402,0.26842205541,0.280356749086,0.290216867599,0.298433513069,0.305835896794,0.312938693358,0.320046779634,0.327358194849,0.335009584903,0.343042047345,0.351236159946,0.358826028536,0.3645391549,0.367612173127,0.368578588999,0.368452944688,0.3679076591,0.367260681679,0.366656252842,0.366159747406,0.365794565998,0.365560425197,0.365444948601;0.385787013156,0.38137206862,0.377306261204,0.37784591343,0.438428990602,0.375616735503,0.342587165466,0.330473989919,0.303267209475,0.323176695303,0.320685930419,0.299077710611,0.299429592631,0.304256651081,0.312159067241,0.304125020769,0.292333823212,0.277907375071,0.261808546513,0.248841169397,0.257683402414,0.253805543084,0.213087188281,0.249292312704,0.259606993126,0.236224390022,0.264099210083,0.284895614738,0.295915420169,0.304284398068,0.311646298356,0.318691214937,0.325831137144,0.333398763246,0.34173943678,0.351228380382,0.362044251175,0.373130285734,0.38071833748,0.382038386488,0.379884029669,0.377179531543,0.374751183114,0.372707852442,0.371053083641,0.36976577707,0.368804880833,0.368119253996,0.367657624519;0.394497852386,0.387697959975,0.381176570049,0.375940390559,0.364458581215,0.337181096618,0.322662367982,0.303184168313,0.277937041629,0.284681099697,0.282438976917,0.28806245993,0.296420511377,0.274911069261,0.304714673283,0.306125994881,0.301545942252,0.292573353337,0.271849354608,0.251275942064,0.272292802711,0.267225845701,0.246194239061,0.252196612631,0.26747264186,0.263251553873,0.276648787372,0.292583722131,0.302606679768,0.310461829978,0.31749436886,0.324339603461,0.331437144309,0.339230093892,0.348328459143,0.359760157901,0.375374472427,0.396966851408,0.412718751406,0.404774927535,0.394220414803,0.387273317153,0.382295445579,0.378477161277,0.375554979335,0.373367072044,0.371763902389,0.370613194598,0.369807199852;0.412147294839,0.396175104149,0.38559564765,0.378143110186,0.364714875226,0.345812293648,0.332453912367,0.315497283948,0.275983709708,0.287243247928,0.309036879293,0.314177174924,0.307888738921,0.29785780901,0.303107421924,0.309002702902,0.310401742015,0.307130934124,0.299491650834,0.292995150214,0.290571113073,0.283927784025,0.26584731175,0.267733610596,0.282224103656,0.287924542204,0.294508813645,0.302634919015,0.310151803751,0.316927674885,0.32335947445,0.329832655085,0.33673185429,0.344547873985,0.35408416961,0.366995138907,0.387766608618,0.43557965682,0.55156692781,0.435730149338,0.409760812153,0.39834995944,0.390348966304,0.384332172427,0.379935030537,0.37678284957,0.374539154901,0.37294806396,0.371826948942;0.461823824182,0.403476722004,0.389262022032,0.386563019731,0.397773197223,0.381393297077,0.343234002521,0.46521594247,0.287324242312,0.304194097152,0.329591250692,0.33208255967,0.320396125629,0.239798924114,0.27440567538,0.311970880789,0.320897336884,0.323849773358,0.322406298379,0.316072284027,0.308891313586,0.301993765215,0.295772234675,0.294494319097,0.297837340759,0.301913028014,0.306620681384,0.312051402026,0.317727480395,0.323397621583,0.329114446103,0.335078477952,0.341590928916,0.34910680045,0.358404727494,0.371039718774,0.390756329099,0.428229807426,0.472190580445,0.441281188799,0.425276668579,0.411399725549,0.39883358642,0.389870227348,0.383847073146,0.37977669544,0.376977824971,0.37502504741,0.373651593704;0.423297457498,0.400292589303,0.386816533137,0.384018293792,0.456119430104,0.400699261951,0.331998138944,0.356983207626,0.349951668729,0.347641361989,0.364198590594,0.357223072728,0.340184241481,0.320338998083,0.311070126996,0.324369826015,0.334150063285,0.347076462584,0.358153679944,0.33910991806,0.325158621457,0.316858598591,0.311668132988,0.309541429253,0.310223137125,0.312668140877,0.316150046652,0.320294763959,0.324830530795,0.329607644253,0.334624925015,0.340001803583,0.345963585636,0.352870355892,0.361303390332,0.372224261071,0.387095762792,0.406788992787,0.426981885727,0.448931963189,0.465945969567,0.430739140618,0.406842846212,0.394205492029,0.3867911171,0.382080992298,0.378932128609,0.376758140794,0.375228182784;0.40729051599,0.39430740752,0.37441980386,0.362007317293,0.364024685306,0.370075627009,0.364308829339,0.397416191883,0.431144565039,0.484503589285,0.444798619528,0.388164555345,0.359782987179,0.345661274149,0.338977307368,0.339314460701,0.345514082023,0.36945793691,0.501919765864,0.357009053617,0.336823440621,0.327397686099,0.321605678603,0.318720574466,0.31879570968,0.320891743549,0.323953807544,0.327491774609,0.331334615006,0.33543377495,0.339816437751,0.34457827781,0.349886476578,0.355995538144,0.363275965047,0.372237037893,0.383480108368,0.397638949816,0.417322553917,0.465091811598,0.627922508021,0.442778618846,0.409779407508,0.395910302289,0.388261318179,0.383489516229,0.380306651521,