ETV5_OAC1=[0.334302369134,0.333390815065,0.332204007561,0.330333396272,0.327217775194,0.322495589939,0.316668411435,0.311873564406,0.310837409303,0.310523317763,0.293480844078,0.297819094591,0.319912686664,0.276511164934,0.285896272978,0.292444299351,0.330050569547,0.334453024636,0.29976800509,0.302051309981,0.309235350606,0.314623072398,0.309965216396,0.310788095024,0.333789960615,0.350216359853,0.361824347158,0.368473651811,0.370152444192,0.369903966651,0.371228049904,0.373976814802,0.376796664851,0.379372436064,0.381780044057,0.384076566089,0.386248646013,0.388238569541,0.389977483568,0.391413784462,0.392529893748,0.393343524745,0.39389709931,0.394243673632,0.394435831147,0.394519469397,0.394531524466,0.394500023463,0.394445228322;0.333862229014,0.333471222074,0.333029196241,0.331903821563,0.328673273354,0.321539411521,0.309948048537,0.295293935998,0.298991972971,0.307420938006,0.311280125049,0.318805541556,0.320940115784,0.30265115483,0.277525384212,0.268105933006,0.263397551589,0.296526972113,0.295300685627,0.290486238329,0.30363736249,0.317147899169,0.322526193759,0.327203544509,0.333658464003,0.341463824384,0.353006827394,0.362192744435,0.367427606589,0.370433775905,0.372916223566,0.375549280381,0.378300271866,0.381065187868,0.383809388652,0.386499495399,0.389060354289,0.391377531421,0.393330674391,0.394838660838,0.395888429433,0.396529977098,0.396847881306,0.396932329653,0.396862125025,0.396698907865,0.396487531715,0.396258789446,0.39603261759;0.333339832589,0.333780910164,0.334909130067,0.336435509684,0.335839539404,0.325924656599,0.304392592496,0.26313931139,0.284917791552,0.303527776605,0.320058916481,0.349261152513,0.350907873072,0.322665277859,0.29706062096,0.249411077574,0.263521690206,0.281859025506,0.280654804701,0.271558380144,0.305610692468,0.325191333624,0.328784637995,0.331932113421,0.327161875583,0.308496461189,0.346775582351,0.360688888021,0.367309777089,0.371275368283,0.374318921886,0.377179391898,0.380106153402,0.383153118052,0.386308213728,0.389506092306,0.392606501654,0.395394774636,0.397639895775,0.399196707316,0.400070988494,0.400389293853,0.400318616402,0.400007901677,0.399568723301,0.399077356189,0.398582638043,0.398113637528,0.39768584674;0.332358863963,0.333747913844,0.337136331086,0.344583939877,0.360970813519,0.349817100625,0.303844803012,0.22902445049,0.271625063953,0.292758719139,0.314740702612,0.355922657217,0.392694159343,0.335464266516,0.314443695241,0.210664205225,0.273999134585,0.273004076433,0.237861665303,0.294322126681,0.341307741011,0.33879452482,0.331128932693,0.337197736362,0.335866588021,0.327866327888,0.354122707866,0.365061838011,0.3700333112,0.373315984583,0.376181236592,0.379081468645,0.382196924678,0.385598456637,0.38929675427,0.39322385885,0.397170057416,0.400736633237,0.40343376743,0.404965557732,0.405419897488,0.405126257964,0.404413930385,0.403512782936,0.402562571777,0.401643209776,0.400796887624,0.400042137223,0.399383146767;0.330393438334,0.332385825182,0.337435243194,0.3502580217,0.390216582301,0.379129078195,0.313525193556,0.283244848401,0.265814538194,0.270826081336,0.29996349032,0.34642390279,0.29030715594,0.313865738042,0.3624721714,0.302304630068,0.289052057673,0.222517835797,0.276461897388,0.275575114307,0.325405228973,0.332417528535,0.332308233874,0.343746165628,0.35744184113,0.371469530995,0.376344818152,0.374863843589,0.37487431119,0.376270949959,0.378465032824,0.381225110686,0.384502037868,0.388325589717,0.392750430477,0.397779716826,0.40319119996,0.408260379259,0.411786913707,0.413031605863,0.412457671757,0.410985039529,0.409224658667,0.407462121809,0.405823277411,0.404361595128,0.403092144925,0.402008465422,0.401093299385;0.326896668931,0.328867229879,0.333587685084,0.345808241661,0.421121355465,0.355785013585,0.308018944481,0.284030264238,0.254968349254,0.276910157633,0.308652918315,0.35705061015,0.331310037912,0.315456067509,0.318877039706,0.311634136267,0.303878480874,0.296175265085,0.289375862499,0.289174545696,0.318554464743,0.331928952788,0.29121644549,0.349004746188,0.378740345725,0.456742846621,0.412180749276,0.385244104287,0.379674480893,0.37924720468,0.380791675576,0.383411837672,0.386864363172,0.391172935061,0.396519869755,0.403184360844,0.411298683856,0.419867239328,0.425373998617,0.425200789602,0.421898673422,0.418169572377,0.414776432035,0.411815929159,0.409286762077,0.407164707191,0.405406909018,0.403961100392,0.402774987645;0.321127837365,0.323148887533,0.32623188374,0.329947765065,0.326669555826,0.303235335544,0.287712586656,0.267769027554,0.246290890731,0.260602969078,0.284121741973,0.358507951264,0.316446059865,0.281745962401,0.310173123601,0.313712892047,0.313785197724,0.311459399711,0.298400232574,0.287015528579,0.327425790877,0.346588323658,0.379619389148,0.391945034862,0.388875054881,0.418763923085,0.405861711237,0.387574393517,0.382125584224,0.381390040694,0.382771639663,0.385411439933,0.389079396734,0.393877433097,0.400213364079,0.40895888785,0.421791796018,0.440373943544,0.453725481776,0.445145160756,0.434179274076,0.426628612427,0.42097211452,0.416454638576,0.412829132104,0.409942550649,0.40765251782,0.405832262139,0.404377714331;0.310263191429,0.315751729946,0.318753233459,0.319390534745,0.31315144969,0.302102105698,0.297760347293,0.280826160677,0.247274394423,0.264937726324,0.294471027403,0.31102023739,0.307382066413,0.2976882745,0.305151894523,0.315096642761,0.322003517923,0.32545992312,0.325789609495,0.32949083035,0.34173809236,0.359078567018,0.400462737225,0.404313117087,0.386198826805,0.388019403991,0.387591278733,0.384096519506,0.382288712857,0.382534934285,0.384247272418,0.387075526949,0.390961331201,0.396124734969,0.40317896978,0.413588237571,0.431490362123,0.4747497579,0.581847764744,0.472847779495,0.447623243153,0.436024262054,0.427649281394,0.421170053194,0.416248577514,0.412534850672,0.409712779846,0.407540727409,0.405845219534;0.282492040099,0.308639303111,0.312164520227,0.313979161021,0.326950432169,0.324198818583,0.311560492241,0.255310856242,0.262389848933,0.292610208481,0.29876403996,0.307674064248,0.305555312325,0.233866533538,0.272892404413,0.316231215971,0.331596528686,0.341273141565,0.347175104817,0.349666221767,0.353818426159,0.361967819655,0.373070321909,0.378622418028,0.37866112022,0.379680699969,0.380710159934,0.381107509181,0.381718881252,0.383085667814,0.385302653694,0.38837678316,0.392408272387,0.397688781834,0.404856991001,0.415309918765,0.432514779771,0.466442691895,0.50662349036,0.476894291147,0.461100018856,0.44730523551,0.434749701427,0.425595344169,0.419229170486,0.414727620835,0.411451478508,0.409000364988,0.407122276719;0.301071881907,0.305932073453,0.304625813486,0.299174129205,0.287571419474,0.320445340355,0.277998618855,0.292020828623,0.298252673822,0.299390013934,0.290907942604,0.313820095379,0.314698197691,0.307016926569,0.306754840311,0.327875008175,0.344932635231,0.364115937169,0.380935160083,0.369169359411,0.36354427806,0.3643972962,0.367772668124,0.370939616437,0.373250160115,0.375422974739,0.377511320275,0.379398444314,0.381289650559,0.383465550827,0.386116246232,0.389381457368,0.393434595662,0.398562843962,0.405267842705,0.414419799722,0.42737179,0.444937610351,0.463073093766,0.482949261971,0.498276034703,0.464553605586,0.441433436816,0.428905180052,0.421307524559,0.416275898658,0.412736193945,0.410136546088,0.408164923596;0.308561586752,0.304200409468,0.293128915411,0.283440437074,0.278915945279,0.303788527121,0.303676807985,0.279395344756,0.266689149686,0.256499472374,0.340582850939,0.334819802985,0.328091722627,0.328607806095,0.333842537342,0.344702270049,0.35927782109,0.38818989872,0.519903760106,0.384411520832,0.370015620992,0.366401146925,0.365888814165,0.366951429528,0.369421529526,0.372608030066,0.375732992509,0.378564109705,0.381220322247,0.383916828437,0.386852622298,0.390202029811,0.394149342315,0.398933390584,0.404892536003,0.412495029212,0.42229911514,0.434898147088,0.452745024215,0.497063782152,0.649795583955,0.475006051919,0.443373416963,0.42975744556,0.422011811337,0.416991171935,