EZH2__poly=[0.505704400024,0.505726067763,0.505562520579,0.505119363308,0.504256837437,0.502775657035,0.500419447369,0.496924919596,0.492086193693,0.485492370544,0.475745581896,0.46254853901,0.459133040529,0.473773436426,0.488565178317,0.502058979679,0.516185157425,0.525841113767,0.51191490636,0.472456961278,0.480711113649,0.481047343769,0.376109191778,0.444925459497,0.460103378678,0.524442437204,0.550320895348,0.54357476042,0.586450218595,0.635832981649,0.737925843524,0.694556137868,0.728303240835,0.59697069797,0.704727020273,0.740806401156,0.750831679506,0.714063678822,0.680601096648,0.661050858934,0.646278103384,0.634232178475,0.62407123584,0.615328032638,0.607698808871,0.600968698244,0.594978232612,0.589605382287,0.584754699314;0.505262580707,0.50538412648,0.505341829346,0.505031773332,0.504280011336,0.502791485891,0.500088691047,0.495551137119,0.488865920593,0.480322274553,0.465767037189,0.419522065206,0.349345053379,0.458822436209,0.490061540727,0.509543656667,0.532869959073,0.591304338474,0.512623392394,0.476338768634,0.452489802274,0.42471582305,0.472024482515,0.474417699113,0.514612277064,0.538133165881,0.538773667785,0.536767072818,0.597942040463,0.635137321196,0.65932683211,0.678912399089,0.706726668193,0.708752079103,0.709842444008,0.725971619775,0.720419299732,0.697480171495,0.674739552721,0.65675256731,0.642551812203,0.630920737825,0.621112075157,0.612668751755,0.605291939073,0.598773375066,0.59296060873,0.587737967924,0.583015330952;0.504869714689,0.50514440651,0.505311884037,0.505283980167,0.504894725504,0.503799182599,0.501218491031,0.495470778541,0.484128915326,0.472594834654,0.46719862622,0.434026016792,0.33199215381,0.459612548031,0.492440399847,0.513926781502,0.53490242198,0.599904949734,0.390848549466,0.492015999914,0.476702974964,0.486153970852,0.493259988106,0.478408348511,0.564350188829,0.55425404646,0.548314534889,0.554605243362,0.605786033826,0.633869625719,0.656783874157,0.678892205323,0.724535790382,0.712634381172,0.764466837426,0.755077689079,0.733992476196,0.690323241315,0.666845707419,0.650214067649,0.637103171864,0.626285819176,0.617104070361,0.6091559329,0.602176684737,0.595981349458,0.590434381275,0.585432732135,0.580895828715;0.504479978542,0.504949116272,0.505402809379,0.505803860631,0.506081293462,0.506061871125,0.505102565284,0.500181099292,0.479320535322,0.367178567325,0.481198469809,0.489842852596,0.477163828557,0.487741609666,0.483382174458,0.518231024697,0.541295849048,0.58246902602,0.545088326855,0.524731864223,0.505559303028,0.504044913573,0.51030991294,0.521173916513,0.548795779308,0.55095207874,0.571601603244,0.604302567867,0.595502766066,0.615345071413,0.645557914898,0.653475840836,0.645112726511,0.686733503345,0.71794765504,0.721617664461,0.709845278528,0.676367918649,0.656057600977,0.641639861433,0.630130503171,0.620475433179,0.61216067632,0.604878506895,0.598423293594,0.592648270671,0.587443764317,0.5827249562,0.578424507324;0.504028297286,0.504707195292,0.50548242713,0.506388888405,0.507519367348,0.509172837972,0.512455952037,0.520223769762,0.503538995732,0.475873651979,0.496423452625,0.556151146156,0.509586385918,0.533588478252,0.514497855134,0.525595095513,0.539931280455,0.553201563736,0.557509639582,0.548893839007,0.531230216912,0.522466780568,0.518189799586,0.497234203943,0.514772814098,0.541946461682,0.557617967436,0.571161252711,0.583022816464,0.59921976541,0.615857803319,0.622043579945,0.634280141011,0.659354551753,0.672691580747,0.674607041064,0.668035430776,0.655298323068,0.642474271921,0.631442967581,0.621982979363,0.613739691138,0.60646013348,0.59996685447,0.594129646828,0.58884912445,0.584047101254,0.579660606845,0.575637975477;0.503436804057,0.504306222351,0.50537992789,0.506749452127,0.508616515704,0.51155965262,0.517859287516,0.544410013537,0.527037414631,0.417135010926,0.49298945611,0.501246854777,0.510507908085,0.516785541871,0.524294422268,0.534239340486,0.560265473137,0.538184532665,0.569172309268,0.575310730677,0.550091273628,0.533998114228,0.526116834817,0.515280238527,0.520810556421,0.535645393462,0.544358021723,0.550663560497,0.565408636584,0.583583543651,0.59898890047,0.611987608831,0.627691906764,0.663556514405,0.658058157729,0.648684249713,0.643518262889,0.636486135037,0.628460333196,0.620544460526,0.613164444664,0.606399686625,0.600222180739,0.594578258083,0.589412105218,0.584672193146,0.580312691525,0.576293352207,0.572578951491;0.502623528121,0.503629982122,0.504929976562,0.506637984695,0.508945460518,0.5122371578,0.517278038014,0.524151110727,0.528566739964,0.529615668748,0.504009285848,0.425272545555,0.513130206146,0.497771488665,0.530666627594,0.547775483191,0.536035656099,0.543605889106,0.579590568978,0.574109337585,0.554002319833,0.54012753658,0.534232963103,0.529955370851,0.528300987437,0.530117423718,0.530958400718,0.479692450616,0.541333132598,0.570050739404,0.585935808468,0.599066067791,0.613073545698,0.632047825791,0.633948688533,0.62839027376,0.624806525932,0.62049068367,0.615312307812,0.609744298598,0.604165938895,0.598779252432,0.593672759606,0.588876723229,0.584393263174,0.580211234698,0.576313563095,0.572680932294,0.569293666344;0.501508476478,0.502567045278,0.503992604365,0.505911820223,0.508467193285,0.511825906947,0.51621756177,0.522279842897,0.535650793852,0.562191362422,0.532368975233,0.538866559358,0.749429045805,0.536058703462,0.546738134984,0.530923344645,0.513167111847,0.543892778318,0.569293743989,0.558283945588,0.547393598408,0.542499995299,0.54385339386,0.537995375996,0.525498964086,0.513216180907,0.522803971131,0.525595823764,0.542712719487,0.561829387673,0.575388654505,0.586525162072,0.596683662196,0.605422235485,0.609819907896,0.610263950122,0.60900122553,0.606601213946,0.603315044709,0.599462942074,0.595336642069,0.591143184724,0.58701103713,0.583013670287,0.57918991769,0.575557632866,0.572122152551,0.568881435433,0.565829186203;0.50001563564,0.501002271528,0.502421436251,0.504446296036,0.507217632063,0.51076978334,0.515066871585,0.520300501767,0.527085803929,0.533827951375,0.545030509612,0.617760392323,0.564518726189,0.592870577257,0.587880886205,0.546833312652,0.533906713778,0.540321682537,0.565301974048,0.551175029548,0.542351800906,0.541456622982,0.57465825107,0.550612752072,0.521216362103,0.444681426766,0.518523572102,0.534090610014,0.545386696021,0.556915514889,0.567209663767,0.575740351492,0.583056042127,0.589215311105,0.593348515789,0.595258256515,0.595456791404,0.594414161137,0.592458995623,0.589868387508,0.586879208303,0.583676227939,0.58039181147,0.577115249907,0.573904151193,0.570794101524,0.567805799365,0.56495001986,0.562230987;0.498077246793,0.498800268893,0.49999271885,0.501970676659,0.50503508679,0.509157884098,0.513837633113,0.518458112593,0.52288384448,0.527931111207,0.53686898613,0.550655006177,0.550927387467,0.565937905392,0.600462131947,0.55065271856,0.540446404333,0.522308701333,0.5345163381,0.540464405903,0.53669292005,0.5312748414,0.533181372085,0.530798155953,0.523331629431,0.519289082275,0.525981124235,0.535205757235,0.54383436647,0.552693700706,0.562367280634,0.567454211465,0.571536446581,0.576620928336,0.580544408749,0.582904542844,0.583864647047,0.583701116897,0.582672959451,0.581006057505,0.578893269489,0.576491857327,0.57392339223,0.571277672465,0.568618704881,0.565990773494,0.563423613297,0.560936452428,0.558541029789;0.495655351318,0.495811504541,0.496318214511,0.497779531499,0.501212033178,0.506912776442,0.513454930313,0.518505549997,0.520893550455,0.522398823826,0.524561605374,0.526451183353,0.530121473796,0.54086759243,0.536784466865,0.482863206722,0.51567638759,0.456610279869,0.526057041444,0.553860359678,0.53786407663,0.50818176634,0.505359656973,0.513993902276,0.520043693139,0.523605308551,0.528409445684,0.534445379929,0.54077203284,0.547398294326,0.570314229971,0.554131417613,0.560031584737,0.566025058155,0.570015348814,0.572545633287,0.57388832373,0.574261453843,0.573860572814,0.572860419862,0.571413794814,0.569649924001,0.567673958685,0.565568419844,0.563396118306,0.561203658071,0.559024837852,