FGF2_OAC1=[0.643213021348,0.643868029944,0.644851583846,0.646531915589,0.649504515095,0.654388604673,0.661361549593,0.66897069965,0.673299702206,0.670766070202,0.631356521889,0.64145681379,0.706530796579,0.76640645931,0.762099024175,0.76295452441,0.785234159089,0.791986697444,0.783270212035,0.78365690349,0.786274670073,0.790960837937,0.801036877891,0.8061209362,0.797022579948,0.791847716054,0.788327080595,0.785025301928,0.781647685378,0.777706291628,0.772272817734,0.766043902076,0.760231088646,0.755222044575,0.750987757152,0.747402557002,0.744331381973,0.741649264319,0.739248514092,0.737044622027,0.73497957073,0.733020016968,0.731151032518,0.729368570718,0.727673367888,0.726067156654,0.724550804566,0.723123666896,0.721783581835;0.638034207128,0.637868408745,0.637669507871,0.63788662892,0.639724886093,0.64493417414,0.655342903356,0.673632494515,0.677686188606,0.67657942028,0.673675716748,0.685832284715,0.71289615836,0.739608179399,0.763982611217,0.776768828372,0.794483787627,0.778864854915,0.781723157172,0.791596132677,0.791151895505,0.789562287135,0.79086575388,0.791576835149,0.790992501382,0.789150756912,0.783951141338,0.77859588208,0.774015266313,0.769672266804,0.765153681024,0.760523827014,0.75611669623,0.752166581159,0.748738530399,0.745795022751,0.743248494211,0.740990207424,0.738912813689,0.73693193667,0.734999423432,0.733101474326,0.731245889947,0.729448492434,0.727724552099,0.726085217935,0.724536862233,0.723081671206,0.721718616589;0.632555098135,0.631350282485,0.629250137941,0.626192246255,0.624018093885,0.628200024479,0.638799926395,0.682057643688,0.679621647463,0.682958511823,0.692831188879,0.7087643208,0.719460636701,0.730959563945,0.74219940222,0.773565416632,0.773136936904,0.774246137266,0.78721833845,0.806218908702,0.798120128996,0.794175405043,0.79005614218,0.787934071199,0.792809532011,0.806455351979,0.783332212756,0.774079990115,0.768317374097,0.763698765441,0.759562274595,0.755728054935,0.752225058674,0.749124650438,0.746457588825,0.744195513828,0.742254072458,0.740505437206,0.738810119359,0.737065475967,0.735237790082,0.733351794454,0.731456105935,0.729596609718,0.727806619424,0.726106680284,0.724507257935,0.723011603684,0.721618146902;0.627007590674,0.624846155554,0.620400866961,0.611237399829,0.592233617311,0.59488622722,0.608738529396,0.520811721349,0.677210440768,0.688778941604,0.702265123693,0.721487060171,0.713792776025,0.734482915127,0.732156027732,0.5454034335,0.742170706564,0.773968506951,0.816881384428,0.791957662963,0.803534624641,0.827847552489,0.794451397406,0.786124800215,0.788548204954,0.795730471147,0.779099317849,0.769575636695,0.763307151496,0.758555157236,0.754671818432,0.751368874462,0.748542526844,0.746171899743,0.744250561615,0.74274116711,0.741538050678,0.740445206344,0.739218887659,0.737694893776,0.735878605497,0.733888340678,0.731849580393,0.729848998859,0.727936552954,0.726137673101,0.724462394997,0.722911216782,0.721479019103;0.621554414254,0.619161990169,0.613301124922,0.598719489552,0.557648721189,0.56190942508,0.610767910703,0.634158753523,0.674115047921,0.697386172778,0.705558561139,0.73521474315,0.774932006925,0.768717134266,0.75613489283,0.724701991947,0.74276504933,0.815334204856,0.784759206754,0.801496747277,0.793207864493,0.801899628142,0.79197856623,0.784275250289,0.780935502377,0.780218782232,0.773672798886,0.764928740878,0.75836208392,0.753615779269,0.75001998543,0.747197717092,0.744977367627,0.743301413872,0.742163305325,0.741549945872,0.741353613124,0.741242833373,0.740665244146,0.739258370185,0.737191683062,0.734849739025,0.732490257953,0.730230855936,0.728119899752,0.72617443874,0.724394936117,0.722772609978,0.721294172362;0.615845667651,0.614753819586,0.610158921068,0.595251567138,0.519257107424,0.572062032917,0.612826726436,0.631841442429,0.605554230222,0.653288256624,0.665736358746,0.674678120424,0.717461961647,0.736018622278,0.735424499769,0.73216626625,0.740032794653,0.755490494599,0.772283977711,0.785147043344,0.778341043077,0.782035467889,0.817183122062,0.786410696455,0.778100698472,0.798837818018,0.776266497364,0.760257189723,0.753011275962,0.748481573236,0.745319624115,0.743033115874,0.741426805232,0.740455509211,0.740169712473,0.740678758723,0.742037040068,0.743803477512,0.744402300558,0.742618196036,0.739540380516,0.73635983849,0.733413999687,0.730742925471,0.728342544539,0.726198293868,0.724286949566,0.722580813296,0.721052074977;0.608066158968,0.610892376308,0.611278065827,0.604137600926,0.579230020483,0.570512837594,0.602041017822,0.626333452102,0.674254148488,0.655361463608,0.612120384024,0.636131328345,0.702245347166,0.74567580915,0.72641836243,0.727111721822,0.732545923689,0.742761028261,0.763044540281,0.782168466247,0.764457730655,0.768934335601,0.7871715663,0.78223868016,0.769674739427,0.774324284156,0.764314784348,0.752695638714,0.746624587959,0.742893800379,0.740411377777,0.738763004448,0.737801282061,0.737537083867,0.738131323147,0.739963744333,0.743786333542,0.750363938307,0.754802473529,0.749505322189,0.743171370207,0.738428614624,0.734600809241,0.731349095356,0.728562349433,0.726170648116,0.724107636639,0.72231315854,0.720736886953;0.591441541559,0.605606189389,0.614709451042,0.618717295375,0.613044469471,0.614666281073,0.644973569092,0.678150985443,0.722377145223,0.702150517879,0.674944990179,0.679938565306,0.700257781267,0.720931835208,0.722737163744,0.721728274793,0.724299798144,0.730956659223,0.740288135396,0.746660288767,0.74820825267,0.753142946752,0.768364174905,0.766740456371,0.754785946215,0.751158097555,0.747376900661,0.742818205434,0.739279263025,0.73685740152,0.735273014186,0.734349722026,0.734041346477,0.734431571,0.735787706687,0.738767477195,0.745243864616,0.763315519976,0.810584309779,0.760026332009,0.747370627148,0.740933238423,0.735999102201,0.731970727218,0.728699648088,0.726028451524,0.723812624519,0.721940236569,0.720329816237;0.541615778485,0.59987646774,0.618018116758,0.634748710336,0.656936222616,0.670402264976,0.693753412578,0.785746676036,0.743500062719,0.719816644551,0.69226343959,0.685818386066,0.697272564581,0.775984480027,0.747335059733,0.717480762457,0.715584159214,0.720508238028,0.726595095313,0.730462356295,0.732885022679,0.735946650762,0.739702549285,0.740352245084,0.73812994584,0.736318537115,0.734743390448,0.733090911151,0.731647134112,0.73060655492,0.729998625588,0.729825799836,0.730135841883,0.731064620867,0.732907370313,0.736307244458,0.742856723683,0.757135333926,0.774452523982,0.759874129971,0.751650903421,0.744340630117,0.737602963659,0.732452469723,0.728619034428,0.725681737732,0.723346978766,0.721429604997,0.719812126025;0.578695810497,0.599663921207,0.616522582594,0.645730252204,0.708918298393,0.688733614484,0.705885828692,0.690571325815,0.702141622316,0.719606734603,0.700604793696,0.676999602055,0.683464207875,0.700892141911,0.71171724329,0.704230560133,0.704920013906,0.713442212573,0.723335661681,0.72057754553,0.719593199602,0.720354348904,0.72143119463,0.722091295782,0.722483000141,0.723026749235,0.723586124672,0.723959582473,0.724187358563,0.724406603544,0.724736486628,0.725275325084,0.72613171803,0.727460647792,0.729511447131,0.732701140988,0.737670582073,0.74481867435,0.752305569898,0.760677467883,0.767021331081,0.750587924066,0.739039452988,0.732419277676,0.728111995694,0.7250234926,0.72265606043,0.720753359987,0.719169873345;0.591727727313,0.596182978072,0.59536819386,0.625858484702,0.672996932772,0.658043960852,0.65241362569,0.659200165151,0.646957920148,0.712923974118,0.63751238114,0.647056820281,0.66289273581,0.674206222746,0.681639676229,0.685197253532,0.690552381655,0.706211541889,0.772306263745,0.711465811502,0.706837014257,0.705631780438,0.704678924801,0.704690586292,0.706818395283,0.710100998643,0.713119695456,0.715429035253,0.717137002653,0.718472884629,0.719642267562,0.72081033833,0.722123039645,0.723734714136,0.725834710156,0.728665823944,0.732509100909,0.737660458699,0.745281003377,0.765300724944,0.836155391558,0.75376201607,0.73828466456,0.731242435513,0.72696054865,0.723970549525,0.721706712642,