FGF2__poly=[0.772839367797,0.770352814257,0.767613481809,0.764599546349,0.7613186555,0.757845350928,0.754382604195,0.751356829142,0.749530158597,0.749872326055,0.752957868742,0.758975462736,0.766444224667,0.776631344324,0.790993206445,0.804684181924,0.819452587718,0.843193114159,0.841370397444,0.856194280791,0.866668996085,0.87699898058,0.903462165507,0.890042841943,0.890615580512,0.878819742362,0.875893052074,0.881540480513,0.885517527893,0.899094832244,0.900774447601,0.88508514133,0.915101871793,0.935282997162,0.912823146377,0.916470340462,0.917318004097,0.903877861721,0.891934706271,0.884941137857,0.879730270258,0.875548058643,0.872072370434,0.869122084825,0.866579856834,0.864363466605,0.86241250792,0.860681158097,0.859133822926;0.769795173671,0.766806064817,0.763405089816,0.759495555124,0.75497986449,0.749800018749,0.744018402856,0.737963798696,0.732722705355,0.731013691416,0.73409595714,0.746579864113,0.777560466306,0.755848366302,0.779356062144,0.795622910984,0.808371849677,0.832622613075,0.830652664401,0.853787846567,0.874891452426,0.891727683225,0.877005502287,0.881937459029,0.881064028653,0.870814410257,0.852900477689,0.850274828417,0.874124352563,0.882868535201,0.882330386072,0.882449971821,0.893586135543,0.910347086578,0.906364492905,0.907835905327,0.904652648781,0.896349039892,0.888439892707,0.882319207086,0.877573134473,0.873742722128,0.87055127318,0.867832264493,0.865478589952,0.863416640247,0.861593076849,0.85996768545,0.858509238412;0.766907220836,0.763440020949,0.759390632186,0.754555522918,0.748657894972,0.741359947423,0.73233978219,0.721263767273,0.70715694314,0.698402292056,0.707212620563,0.697918451151,0.549589968353,0.734448239894,0.773491957591,0.789691341773,0.795359094703,0.696628370952,0.863326512873,0.849949851961,0.865214974236,0.865519199624,0.867834308807,0.881593046405,0.882767765445,0.866496641165,0.841563389226,0.826522713177,0.866907131337,0.876843271534,0.879451451857,0.873250024601,0.762364730787,0.882306368964,0.914149690127,0.912799481018,0.906187213444,0.891560893956,0.884028104533,0.878829141015,0.874785721514,0.871474557856,0.868677078529,0.86626406918,0.86415240967,0.862284756924,0.860619241347,0.859123938032,0.857773715936;0.76425291741,0.760378788006,0.7557736037,0.750111103167,0.742863138353,0.733178355121,0.71984987844,0.701971815383,0.672636117574,0.520387490987,0.678349700641,0.679749281281,0.707144744563,0.757633486576,0.786285761551,0.789140574868,0.800821513264,0.822540563219,0.830245304427,0.850613601892,0.875277679056,0.856526881827,0.85814137778,0.864561462906,0.869223851937,0.861791973096,0.859708235766,0.866097610467,0.863396862654,0.868743325436,0.875825126265,0.881081227402,0.858978500039,0.871144277722,0.890208404008,0.895686781826,0.894217375495,0.884233101089,0.878575091227,0.874661000158,0.871520415197,0.868853900499,0.866531302945,0.864479042397,0.862648508313,0.86100446084,0.859519784907,0.858172778965,0.856945614984;0.761886048676,0.757719917272,0.752740807665,0.746530116176,0.738321934683,0.726565404955,0.707564985847,0.673070503423,0.653686763596,0.647271647325,0.666810275416,0.619462684737,0.717298939077,0.767346236758,0.778661088456,0.78783295198,0.802009289476,0.811943111214,0.819829487946,0.831860351547,0.840142571979,0.844115627301,0.849184348213,0.8608224323,0.86108467442,0.857027283999,0.857383134847,0.859167953703,0.86080924084,0.863180177899,0.865358930391,0.865356738233,0.859449252532,0.854335521418,0.861504599321,0.871595455675,0.87539151298,0.874514874994,0.872349479884,0.870111950611,0.867996705706,0.866031908987,0.864219430874,0.862553081516,0.861023122232,0.859618450288,0.858327779607,0.857140253347,0.856045740446;0.759815414385,0.755492726231,0.750380858258,0.744058788746,0.735721151967,0.723633350349,0.702909013609,0.646534421638,0.633777687672,0.551972102391,0.676524485394,0.703379626438,0.719913199244,0.738839205446,0.762017351966,0.785826492951,0.8236473132,0.804182230029,0.778801335036,0.8165393216,0.827860022758,0.833451951036,0.839973517208,0.848172209112,0.85138646049,0.851760040645,0.854098168186,0.857311808523,0.858414174114,0.858644449347,0.858478117717,0.85576955332,0.845191951149,0.788567601848,0.822414067012,0.854961666698,0.863756592058,0.866328312551,0.866473729761,0.865661626585,0.864482033975,0.86317744257,0.861855550297,0.860567020104,0.859335669525,0.858171685191,0.857078035976,0.856053817065,0.855096080226;0.757989531083,0.753622813358,0.748601767918,0.742609221526,0.735049014035,0.724800916982,0.709884157424,0.688934977141,0.666724647816,0.652344668614,0.693049724346,0.752946857135,0.706809088435,0.686215119949,0.74521088507,0.788007312822,0.802317244625,0.794562317173,0.756799264186,0.8045099053,0.818195458653,0.824472396161,0.831303538017,0.837632481729,0.842676788684,0.846840880153,0.85150905726,0.870273017314,0.858317989508,0.855077916656,0.854004091424,0.851035366779,0.842068907443,0.81870807661,0.828494700702,0.848763018251,0.8570406111,0.860453365066,0.861628871166,0.86169606804,0.861206343539,0.860439661013,0.859542853947,0.858595594584,0.857642149688,0.856707240335,0.855804379715,0.854940478439,0.85411849594;0.75629614314,0.751922774164,0.747106005428,0.741702302709,0.735411459383,0.727708276364,0.717884192473,0.704936266299,0.681795965938,0.643276751985,0.69214896375,0.66943163586,0.373473276277,0.693337548554,0.742357261429,0.790379335138,0.801535995949,0.796558841767,0.803279481749,0.804139491016,0.809212539478,0.816208577901,0.825215114164,0.831652692127,0.837556031779,0.845565147826,0.847818429531,0.852207851017,0.852400817411,0.851638996451,0.851302774189,0.849741616611,0.846100286596,0.842084713306,0.843635130355,0.849299318646,0.853879656874,0.856574691136,0.8579024543,0.858363049556,0.858296695938,0.857917660352,0.857357859906,0.856698441062,0.855989651946,0.85526277964,0.854537289964,0.853825158167,0.853133549004;0.754580557237,0.750112773962,0.745426951996,0.740600999005,0.735630602695,0.730327339056,0.724337801461,0.717273242569,0.709286408161,0.705895341705,0.71014729118,0.735113335792,0.705032923916,0.689413473236,0.74433766272,0.781233431124,0.793300026371,0.79701778462,0.805993100652,0.799417527848,0.799318654958,0.805839245103,0.827829471199,0.828004198153,0.831718126616,0.860426783791,0.843151042146,0.844425820611,0.846843777765,0.848867022039,0.8503037547,0.850212183087,0.848711738078,0.847429025043,0.847888046513,0.849906739987,0.852186375094,0.853952106033,0.855063104772,0.85562319038,0.855778534146,0.855654569469,0.855344983966,0.854916008798,0.854413389387,0.853868404392,0.853302320776,0.852729513978,0.852159611879;0.752684216235,0.747860398494,0.742958523127,0.73836645465,0.734499995358,0.731411724257,0.728669743344,0.725866145291,0.723409653891,0.722827695633,0.725278912968,0.730561794581,0.731697565108,0.743651514427,0.787162845448,0.796720184075,0.802143612241,0.798934935858,0.791717443867,0.782934275439,0.78106076223,0.786704800423,0.797753935747,0.809238216027,0.819772354873,0.829459940006,0.834959909019,0.839096769097,0.843213287418,0.8477543507,0.852891604495,0.853566272178,0.850689034768,0.8490447466,0.848854165004,0.849650019811,0.850838179644,0.851964368238,0.852817740697,0.853356421311,0.853615259485,0.853651520271,0.853521103814,0.853270670296,0.85293656138,0.852546107697,0.852119469931,0.851671343043,0.851212342222;0.750511811494,0.744854036826,0.738935985294,0.733586308086,0.730308150714,0.729729785941,0.730509718807,0.730988532674,0.730660688895,0.730564947875,0.73097034094,0.73073022019,0.734187553582,0.752000133691,0.773484130098,0.811082610955,0.803991416157,0.819909925767,0.783518674717,0.738615246724,0.743375512852,0.748545826965,0.761966129869,0.787684237981,0.808111572142,0.820610781449,0.828747557008,0.834785700778,0.840337553347,0.847525741622,0.86821585477,0.865274588968,0.852176320723,0.849158970839,0.848509160119,0.848808592531,0.849503943994,0.850275413602,0.850945976319,0.851441362639,0.851749284757,0.851887610287,0.851885005368,0.851771094658,0.851572291118,0.851310540356,