FOSB__poly=[0.00233541167964,0.00228361040564,0.00222843710101,0.00216961546567,0.00210689928751,0.00204013003358,0.00196930535687,0.00189462150144,0.0018163233437,0.00173355394853,0.00164211490033,0.00154207488112,0.00147621642716,0.00146388638719,0.001439753661,0.00138924456176,0.00129742007088,0.0011345025421,0.00119225701721,0.00115526398045,0.00114636021611,0.00111849796542,0.00091518011611,0.00107030642479,0.00107415511479,0.00117449659363,0.00116482297973,0.00109722782849,0.00107120452129,0.000902890255614,0.000728526513523,0.00093860908453,0.000819177682627,0.000688903922805,0.00100885859487,0.00103761734371,0.00108999045694,0.00133286387711,0.00156525042055,0.00173111146602,0.001870960701,0.00199403368154,0.00210422296645,0.00220378686315,0.00229428151878,0.00237688256309,0.00245252518665,0.00252197752692,0.00258588462093;0.00233865303517,0.00228468676149,0.00222677295183,0.00216442433162,0.00209711477325,0.00202435601736,0.00194582017495,0.00186147034046,0.00177209062328,0.00167910218349,0.0015689243152,0.00136205269545,0.00109382320533,0.00138294984041,0.00141319743147,0.00138199961559,0.00129144371369,0.00107514904472,0.00119631607281,0.00115654635138,0.00106989603093,0.0009811797474,0.00116265260452,0.00114499131964,0.00115724687665,0.00121117526636,0.0012010321346,0.00113549688918,0.0011373465865,0.0010965499731,0.00107521351746,0.00105331337613,0.000958009328254,0.000897660700342,0.00105366055172,0.00113148167579,0.00125284575292,0.00144013543673,0.00162481890788,0.00178461136419,0.00192269371778,0.00204439632307,0.00215321987991,0.00225143371032,0.00234061818108,0.00242195358066,0.00249636940271,0.00256462558897,0.00262736005023;0.00234467913417,0.00228877613923,0.00222833787028,0.00216258555656,0.00209053286969,0.0020110289443,0.00192295108425,0.00182503694578,0.0017140791334,0.00160736632729,0.00152052195704,0.00135397065559,0.00100035526793,0.00133643678634,0.0013832953202,0.00137588197692,0.00131155985407,0.00106571009866,0.000894228518378,0.00117124422608,0.00114829364169,0.00121848849374,0.00125250118244,0.00115415032742,0.00114903483994,0.00126042327329,0.00125772914106,0.001214466633,0.00122757660398,0.00120666309056,0.00116764161821,0.00110561266506,0.000972767615485,0.0010713469873,0.000946776209621,0.00106468547926,0.00123469263832,0.00151625508486,0.00170509803518,0.00185857266896,0.00199129383907,0.00210876826329,0.00221411254177,0.00230935900666,0.0023959460517,0.00247496016239,0.00254726479456,0.00261357229036,0.00267448614365;0.00235378165096,0.00229630853801,0.0022337883489,0.00216510414842,0.00208860797758,0.00200186821998,0.00190174482306,0.00178630519675,0.00163948832353,0.00120654925321,0.00148421844855,0.00139452922527,0.00135548818842,0.00130244208475,0.00129732954115,0.00137113295066,0.00132312238038,0.00117301713004,0.00120847099582,0.00117445093994,0.00106326456755,0.00130428694041,0.00135451546973,0.00133782638572,0.00131276686097,0.00137685306759,0.00135394217437,0.00128887139803,0.00137976488679,0.00136401435893,0.00127609042282,0.00113849837399,0.00120871345401,0.00125380037404,0.00121552250651,0.00127527913079,0.00140204929997,0.00163751051615,0.00181065905723,0.00195237119691,0.00207611585406,0.00218670204491,0.00228657804524,0.00237732101435,0.00246008168906,0.00253576200091,0.00260510261749,0.00266873141434,0.00272719231468;0.00236615553396,0.00230760469237,0.00224369843254,0.00217305524814,0.00209336854245,0.00200034006097,0.00188444369179,0.00172596598852,0.00160463800999,0.00151068840677,0.00147072593508,0.00128921987704,0.00139863575282,0.00129212854931,0.00134258847918,0.00137978197027,0.00134548342933,0.00130971566336,0.0013008220054,0.00131257567205,0.00136114624052,0.00142483194908,0.00145614904094,0.00140002668559,0.00143702701301,0.00150223727932,0.00151094988191,0.00151128483425,0.00152351293256,0.00151690545678,0.00148324745508,0.00143876800819,0.00144067458069,0.00146508811748,0.00149817826308,0.00156748974646,0.00167257506408,0.00180717817336,0.00194133779837,0.00206405519136,0.00217549391598,0.00227703198516,0.00236981335453,0.00245475210388,0.00253261094355,0.00260404776412,0.00266964214528,0.00272991158599,0.00278532210609;0.00238183100546,0.00232274686126,0.00225831711295,0.00218714023365,0.00210676264241,0.00201229077922,0.00189080904572,0.00167389002975,0.0015684815696,0.00129272935197,0.00147677825739,0.00143540565732,0.00142628417219,0.00140793481256,0.00140054584267,0.00137996857288,0.00120068408865,0.00132630378382,0.0013462724427,0.00135894115315,0.00146050170547,0.00153402187374,0.00156571156192,0.0015577424524,0.00158305028007,0.00162584043206,0.00163807160079,0.0016354420734,0.00165228381109,0.00166765149529,0.00166535607418,0.00165605723656,0.00164594040047,0.00155810425956,0.00165831418527,0.00177713220697,0.0018735054261,0.00197749082892,0.00208463835105,0.00218864250998,0.00228669793358,0.00237803793006,0.00246266062561,0.00254083670011,0.00261293702133,0.00267936579569,0.00274053100449,0.00279683008697,0.00284864271052;0.0024006223365,0.00234146087158,0.00227730202734,0.00220703187895,0.00212874252666,0.00203908791053,0.00193247547723,0.00180515615991,0.00166824937244,0.00153700308693,0.00147778118189,0.00118997525425,0.00138132244734,0.00133526910289,0.00136865530686,0.00134894491554,0.00135858964863,0.00140825018712,0.00139006135934,0.00145840607947,0.00156123850099,0.00163565318489,0.00167320858684,0.00169733947854,0.00172074650749,0.00174122097317,0.0017442420536,0.00156612429612,0.00174806025608,0.00181351813619,0.00183206802583,0.0018390885623,0.00183824169175,0.00181420975288,0.001873477109,0.00197076945801,0.00205643877016,0.00214367267696,0.00223295271277,0.00232146665522,0.00240686541228,0.00248784088714,0.00256381630948,0.00263463141972,0.00270035275621,0.0027611693096,0.00281733443089,0.00286913234532,0.00291685824246;0.0024221236075,0.00236307476631,0.00229960797411,0.00223111602806,0.00215652358596,0.0020740752989,0.00198133922438,0.00187455204189,0.00173329380144,0.00154240004737,0.00152494304927,0.00127368981471,0.000724855343336,0.00136165598699,0.00137889434113,0.00134549696477,0.00140424696059,0.00150778754911,0.00150214666097,0.00159788899505,0.00168036811933,0.00173131789374,0.00175035329112,0.00178573953825,0.00181753773501,0.00181215998339,0.00186030790352,0.0018692607187,0.00191810548391,0.00196593258968,0.00199095565239,0.00200942784762,0.00202822086197,0.0020530214768,0.00209865818187,0.00216307910154,0.00223401296903,0.0023081375433,0.00238401376708,0.00245980699185,0.00253380724376,0.00260479504615,0.00267204262876,0.00273518884139,0.00279411689887,0.00284886515402,0.00289956735971,0.00294641357573,0.00298962463302;0.0024457704033,0.00238657859198,0.00232357148856,0.00225680024508,0.00218606750176,0.00211065796872,0.00202930368987,0.00193998383694,0.00184022300621,0.00173675196304,0.00161323703963,0.00128979527329,0.00144134705865,0.00134173619655,0.00134645671141,0.00145441551491,0.00152116775477,0.00158575017969,0.00157836893178,0.00169704765678,0.0017802589134,0.00182094296732,0.00171810120529,0.00183462522693,0.0019165947703,0.00168599447314,0.00199164554202,0.00205817004542,0.00209377623598,0.00211876859923,0.00213637562719,0.00216156327171,0.00219880810116,0.00224200852597,0.00229135920185,0.00234759350313,0.00240859354791,0.00247233986402,0.00253738221333,0.00260238560975,0.00266613296612,0.002727658941,0.00278629688249,0.00284164673439,0.00289351481919,0.00294185529578,0.00298672307596,0.00302823881838,0.0030665638318;0.0024709783098,0.00241076617544,0.00234701829147,0.00228068634117,0.00221275946101,0.00214330383127,0.00207158371016,0.00199716636078,0.00191933973546,0.00183540259646,0.00173608649635,0.00162729582152,0.00158570248201,0.00150371232967,0.00134072481439,0.00143613614649,0.00151930404564,0.00162931009812,0.00172761964944,0.00180074076884,0.00186561005636,0.0019171369544,0.00194968062321,0.00201108923108,0.00207779037404,0.00211991978561,0.00217894432036,0.00222855947699,0.00225580883689,0.00225732009845,