FOXD1_OAC1=[0.328907222719,0.323780184301,0.318612240755,0.313529862154,0.308622395679,0.303673315705,0.297941002592,0.291177503966,0.284486359531,0.275209217625,0.248993954635,0.2388621242,0.240074889577,0.200004786771,0.212994286711,0.220088110312,0.209204993691,0.217015775583,0.241376433906,0.252223715293,0.2554762932,0.252578035969,0.241480823108,0.236061252879,0.248099258525,0.255719900418,0.261684305002,0.267728892033,0.274197375054,0.281691455525,0.2914025463,0.30247202634,0.313329281008,0.323409989831,0.332658628622,0.341120014966,0.348828011192,0.35579207307,0.362012623175,0.367502787529,0.372302931389,0.376481179933,0.380122774854,0.383316491034,0.386144418446,0.388676797538,0.390970752712,0.393071211609,0.395012746922;0.327807525864,0.322146842228,0.316378660184,0.310773303548,0.305837714711,0.301731773408,0.296097595274,0.283483710758,0.280783674193,0.278029936264,0.268830800966,0.262388774136,0.256611006508,0.241042042665,0.222939797656,0.216077108372,0.209334096088,0.242346160419,0.254803982623,0.249806891782,0.252166107118,0.254953850747,0.254081732,0.254028346482,0.255810965479,0.259467475696,0.267639923005,0.276418538663,0.284634149538,0.292938349462,0.30184825854,0.311282272257,0.320794749368,0.330034419659,0.338828506344,0.347087899801,0.35473395042,0.361676856558,0.367834629359,0.373170453325,0.377716540572,0.381565336738,0.384838647655,0.387657925178,0.390127720194,0.392330845035,0.394329719372,0.396169913527,0.397883984682;0.326680219221,0.320295747113,0.313503780516,0.306522494897,0.300648854289,0.299169286722,0.301313157352,0.27367728706,0.279709464856,0.281247403974,0.278805678962,0.273982756597,0.272839400613,0.265253715277,0.24975347686,0.213340854266,0.231777130111,0.265499167918,0.286949662487,0.247995695213,0.249686760745,0.251910981339,0.256309185254,0.259179824618,0.254085129582,0.238599814243,0.268931550878,0.282715630321,0.292655035828,0.301622701979,0.31043324164,0.319310566157,0.328210431533,0.337012458425,0.345602620018,0.353863355045,0.361635986425,0.368709710535,0.374873286985,0.38001338414,0.384174323345,0.387521080635,0.39025410213,0.392549497842,0.394540535989,0.396321039607,0.397954375904,0.399481942336,0.400929922032;0.325607229006,0.31837808635,0.310116445494,0.300056836322,0.286598694454,0.287443761299,0.314530307495,0.432879510683,0.278886260104,0.278442626186,0.282763843607,0.283783923128,0.300365975401,0.286107358911,0.267254458467,0.186510087637,0.253705647507,0.280660447063,0.396532444916,0.280146945746,0.247986164232,0.212998028766,0.252395496686,0.26221009912,0.259810993895,0.252210888653,0.274636251447,0.288941301273,0.299778988303,0.309257775174,0.318170591804,0.326888686548,0.33556617153,0.344247962647,0.352919788026,0.361494654557,0.369750850857,0.377285255358,0.383616132868,0.388474097928,0.391987451113,0.394526117054,0.396451098569,0.398015170869,0.399375068564,0.400624064096,0.401815459126,0.402977429714,0.404122788532;0.324675753241,0.31673109864,0.307095423604,0.293687765173,0.268799228494,0.268254338119,0.293490518584,0.294544130231,0.267442227418,0.263083182908,0.283930897309,0.326858724421,0.27593560596,0.360430726861,0.279518460507,0.274777579399,0.273684636867,0.221132729625,0.283071012846,0.261470177172,0.264172917544,0.247268365639,0.256585425172,0.265034237452,0.269447209476,0.271579230425,0.281669601298,0.29522238328,0.306737370001,0.316590166219,0.32560175787,0.334278474354,0.342913439022,0.351690505937,0.360731638952,0.370066631309,0.379477352584,0.38822817886,0.395109818016,0.399408626129,0.40164645023,0.402795245326,0.403495879965,0.40405036515,0.404595357867,0.405192798201,0.40586514694,0.406612804638,0.407425075985;0.323777591603,0.315606215624,0.305478932905,0.290593295866,0.247540391217,0.266855158729,0.279145750307,0.276899996633,0.254015094379,0.27460228346,0.302578117265,0.348736323394,0.325274067409,0.320207101452,0.304515514252,0.294880048509,0.292901953357,0.295300765765,0.306697925987,0.303775413488,0.289952334137,0.273835254812,0.225819935193,0.262347499934,0.272751584569,0.248452076118,0.278458143451,0.301336280719,0.314071315841,0.324079765135,0.333037787957,0.341631879471,0.350261187501,0.359240505709,0.36889233594,0.379564766122,0.391416054262,0.403428833642,0.412022659303,0.414596116026,0.413828856225,0.412499389201,0.411387964553,0.410594992594,0.410121889666,0.409947486647,0.410032537486,0.410328992027,0.410789259983;0.322130864977,0.314761609824,0.305405627595,0.292190906735,0.271411846983,0.259482902521,0.265069038117,0.262524077581,0.252235119131,0.267043120373,0.286235199776,0.357458800496,0.313902972635,0.278191212716,0.302576379284,0.303967760109,0.306129538457,0.313240364583,0.346049547792,0.380077928163,0.310927842747,0.289376373204,0.261807490646,0.266462784655,0.282227074844,0.278103763391,0.292978839996,0.310812813617,0.322533874752,0.332016336231,0.340627414212,0.348995531189,0.357544091539,0.366692463229,0.377014605588,0.389477637083,0.405821685213,0.427721111564,0.443947600141,0.437672734137,0.428919442918,0.423550155944,0.42000401263,0.417510468508,0.415816720171,0.414767479408,0.414220589245,0.414051367439,0.414159068975;0.31642335972,0.313507478143,0.30592429429,0.294267367632,0.278560250511,0.269430529659,0.271205109498,0.275598366988,0.287023658325,0.28843875273,0.304252065481,0.316020817275,0.309410049799,0.296992753984,0.30140597296,0.308537869359,0.314169264819,0.32002634677,0.329008015195,0.330505653413,0.317609877364,0.303729694376,0.281889979004,0.283161963831,0.298634855664,0.305296228835,0.313175516287,0.322863630339,0.3319973753,0.340372202131,0.348360644328,0.356329697113,0.364642893463,0.373761845902,0.384441988579,0.39824107868,0.419388408412,0.46597976933,0.576674794834,0.468477954936,0.445172638545,0.435573823822,0.429157908906,0.424572605497,0.421467009802,0.419484319662,0.4183065059,0.417693027093,0.41747317409;0.293802129368,0.313102334242,0.306410593447,0.293199339461,0.275616916499,0.271833907915,0.271722060095,0.228009283277,0.369991405037,0.305129586114,0.310706149589,0.318027173037,0.312808078559,0.23669984081,0.272599737837,0.311210565835,0.32071468913,0.323912899222,0.325727331362,0.326220541746,0.323108824629,0.317506102475,0.311836768919,0.311330194054,0.315820776454,0.321210302537,0.327363250921,0.334345104206,0.341613299941,0.348864042702,0.35611817424,0.363553169843,0.371447015545,0.380224023307,0.39061319398,0.404073306131,0.424120482469,0.460777078747,0.503331086708,0.475356829201,0.461421501014,0.449485251902,0.438770702849,0.43140448011,0.42675116291,0.423879612214,0.422149852618,0.421163587297,0.420672095243;0.320285444292,0.318107218636,0.307135157089,0.286982900283,0.242457739754,0.269787896482,0.272238709221,0.318944540507,0.326737569405,0.293189991261,0.30610914101,0.330632605651,0.328279977093,0.315698372068,0.31000185765,0.324128555482,0.329704894559,0.326492919248,0.32073881037,0.327665019945,0.330135288496,0.328948262451,0.327236639627,0.327286810759,0.329738339131,0.333838997855,0.338951817234,0.344724646986,0.350875011995,0.357231949213,0.363773708185,0.370600597724,0.377917096595,0.386056114901,0.395558295749,0.40731951138,0.422700890075,0.442497175833,0.462628738571,0.484274155446,0.501177284184,0.469287268851,0.447992923149,0.437184708509,0.431208761452,0.427708657149,0.425616457416,0.424385464709,0.423708288067;0.336821090488,0.325421238238,0.305630782421,0.285908141446,0.271403678777,0.295242700717,0.316406358392,0.355300895186,0.338884125483,0.289403441362,0.367998048517,0.36152832825,0.350098175921,0.343922110393,0.341903036043,0.343848061663,0.343583915111,0.331333150451,0.260230675332,0.332621886218,0.338740485866,0.338823394796,0.337728695803,0.33773504441,0.340018662824,0.344055447537,0.34892301157,0.354181073142,0.359677285338,0.365364644672,0.371263235083,0.377457106835,0.384097968057,0.391419621989,0.399764034321,0.409601570994,0.421485947742,0.435997858734,0.455560475635,0.501185371956,0.653683778651,0.482288906635,0.452562476203,0.440601085329,0.43438016682,0.430786719111,