GAPDH__poly=[0.997697974602,0.997762484985,0.997830151885,0.997901124001,0.997975507045,0.998053310227,0.998134385158,0.998218392681,0.998304951627,0.998394708038,0.998491354883,0.998594576904,0.998665452167,0.998687338736,0.998719473448,0.998774413161,0.998864630018,0.999015089004,0.998973033211,0.999012493769,0.999027375259,0.99905781929,0.999234395691,0.999110507494,0.999112869849,0.999035685357,0.999048863042,0.999108599785,0.999133790102,0.999272980451,0.999415608176,0.999249624896,0.999347031448,0.999452258373,0.999199560929,0.999178157909,0.999137830514,0.998946747071,0.998763888553,0.998633319053,0.998522908033,0.99842529403,0.998337364502,0.998257317401,0.998183919903,0.998116250764,0.998053586927,0.997995343388,0.997941036746;0.997687620145,0.997754922325,0.997825954688,0.99790105225,0.997980565565,0.998064786114,0.998153831905,0.998247531452,0.998344941457,0.998444551059,0.998558676975,0.998759272222,0.999012106769,0.998761710128,0.998745527013,0.998783768334,0.998873166979,0.999069806833,0.998973557681,0.999015720458,0.999096631559,0.999177835658,0.999032875985,0.999054182809,0.999050339937,0.999012214845,0.999026110764,0.999084129144,0.999087077137,0.999123673735,0.999144080483,0.999164395443,0.999242260807,0.999291782209,0.999170431573,0.999110632326,0.999016461669,0.998870397415,0.998726158717,0.998601084462,0.998492578428,0.998396402074,0.998309779865,0.998230921372,0.998158590731,0.998091876475,0.998030071699,0.99797260814,0.997919017155;0.99767375975,0.997743689518,0.997817946515,0.997897130027,0.997982006847,0.998073461912,0.998172308604,0.998279448226,0.998397553549,0.998510193211,0.998603025364,0.998767127115,0.999097338718,0.998805060107,0.998774470207,0.998792170873,0.998859087171,0.999081266884,0.999235896625,0.999007814014,0.999035393544,0.998984687476,0.998964414802,0.999052749376,0.999063492367,0.998979379872,0.998987699762,0.999027934081,0.999022388977,0.99904339229,0.999078040292,0.999130072698,0.999236891177,0.999161661024,0.99926063836,0.999169861172,0.999038391119,0.998819945079,0.99867340347,0.998553939538,0.998450092013,0.998357529026,0.998273804785,0.998197335761,0.998127014257,0.998062016517,0.998001699673,0.99794554357,0.997893116095;0.997655995503,0.997728255036,0.997805379622,0.997888280664,0.997978337293,0.998077617127,0.998188771785,0.998313196677,0.998465433761,0.998880863939,0.998636040357,0.998730543427,0.998777889607,0.998837067242,0.998852888363,0.998799412169,0.998852648884,0.998992536055,0.99897183849,0.999009954344,0.999111666939,0.998919652863,0.998887262741,0.998909541615,0.9989378226,0.998893602044,0.998918903441,0.998976824613,0.998910408767,0.998927886336,0.999001121231,0.999111991041,0.999060056532,0.999027401453,0.999058933807,0.999014107351,0.998917173052,0.998736010578,0.998602540885,0.99849278788,0.998396287938,0.998309296827,0.998229915775,0.998156935539,0.998089488766,0.998026909491,0.997968662831,0.997914305358,0.99786346105;0.997634006913,0.997708174021,0.997787562531,0.997873330135,0.997967474273,0.998073819511,0.998201020518,0.998367024363,0.998495843221,0.998597394614,0.998647842818,0.998826551418,0.998739888352,0.998847809829,0.998815199799,0.99879498947,0.998837059825,0.998879525029,0.998898298126,0.998899236428,0.998869352387,0.998827280928,0.998811981361,0.998867229151,0.998846335004,0.998802709273,0.998803788159,0.998810780497,0.99880769637,0.998818605575,0.998849685937,0.998888197125,0.998890060699,0.998873976579,0.998850678839,0.998799094227,0.998719631099,0.998617068569,0.998514265576,0.998419563594,0.998332793272,0.998252883147,0.99817896153,0.998110348344,0.998046491046,0.997986925717,0.997931254062,0.997879128791,0.997830243721;0.997607618257,0.997683215565,0.997764096832,0.99785143534,0.99794736604,0.99805627887,0.998190050855,0.998412709078,0.998527127624,0.99879826985,0.998641370744,0.998693416415,0.998715729175,0.998746121536,0.998766462142,0.998798028415,0.998965714162,0.998869971988,0.998865270476,0.998866599544,0.998794272984,0.998745955363,0.998731981397,0.998749554018,0.998739727494,0.998715565885,0.99871498112,0.998725194332,0.998719374777,0.998713912102,0.998721210709,0.998732966577,0.998744448311,0.998814226925,0.998740143998,0.998651431155,0.998579169207,0.998500473427,0.998418664767,0.998338479728,0.998262022428,0.99818987346,0.998122051899,0.99805838437,0.99799863201,0.997942537937,0.997889847,0.997840314436,0.997793709622;0.997576851186,0.997653482433,0.997735143652,0.997822729727,0.997917854495,0.998023437457,0.998144409856,0.998283712682,0.998430118827,0.9985689745,0.998639176591,0.998916522321,0.998756741764,0.998812212569,0.998796861673,0.998828219654,0.998833773306,0.998805285564,0.998834290056,0.998790723217,0.998719554913,0.998672559797,0.998655610575,0.998649038711,0.998642426551,0.998637405409,0.998645133543,0.998791586913,0.998659167157,0.998616111051,0.998608086844,0.998607841996,0.998612546535,0.998633734091,0.998591311567,0.998519559069,0.998455772725,0.99838999855,0.998321844685,0.998253403243,0.998186435941,0.99812194165,0.998060386348,0.998001935854,0.997946594705,0.997894281367,0.997844869211,0.997798209524,0.997754144775;0.997541932131,0.997619458463,0.997701544716,0.997788595254,0.997881431227,0.997981473728,0.998090705526,0.998212258408,0.99836479917,0.998561204231,0.998593993875,0.998839680634,0.999347743059,0.998789988014,0.998790122732,0.998834400953,0.998798920434,0.998726568481,0.998747028609,0.998683271413,0.998631505545,0.99860584347,0.998605558841,0.998591655156,0.998579974495,0.998596345293,0.998570292119,0.998573434823,0.99854514003,0.998516752294,0.998504560306,0.998496166629,0.998486410858,0.998471091477,0.998439239167,0.99839244945,0.998339860262,0.998283934354,0.998225737254,0.998166637875,0.998107926967,0.99805054654,0.997995087053,0.997941877138,0.997891071058,0.997842711966,0.99779677373,0.997753187937,0.9977118613;0.997503234022,0.997581957413,0.997664754194,0.997751384511,0.997841832277,0.997936557546,0.998036504629,0.998143264096,0.998258748294,0.998376131314,0.99851018073,0.998824018138,0.99870299557,0.998808723113,0.998820696279,0.998743496202,0.998703741823,0.998666998442,0.998690892442,0.998610786999,0.998561035358,0.998545931368,0.998643778382,0.998567374919,0.998518295153,0.998708472015,0.998486903283,0.998447800903,0.99843101199,0.998420904991,0.998414944917,0.998402016291,0.998378901737,0.998350176993,0.998315739095,0.998275081256,0.998229783427,0.99818134915,0.998130867779,0.99807935298,0.998027743803,0.997976806897,0.997927100334,0.997878994328,0.997832712363,0.997788371349,0.99774601382,0.997705631775,0.99766718372;0.997461138569,0.997541989511,0.997626750678,0.99771428004,0.997803408476,0.997893890813,0.997986245555,0.998080650661,0.998177513011,0.998279056912,0.998393441108,0.998514500423,0.998572659352,0.998665791066,0.998827684381,0.998762676272,0.998710263834,0.998637093548,0.998575676891,0.998536283599,0.998504198149,0.998482919233,0.998476208162,0.998446366032,0.998411961359,0.998395504564,0.998365195643,0.998340794139,0.998331611226,0.998339769191,0.998365073735,0.998347908526,0.998292335348,0.998245824975,0.998205467694,0.998165741371,0.998124573171,0.998081652701,0.998037309091,0.997992102895,0.997946651011,0.997901520306,0.997857173075,0.997813953987,0.997772100672,0.997731763196,0.997693024249,0.997655916667,0.997620437454;0.997415784095,0.997500493414,0.997590059986,0.997682028789,0.997772296815,0.997859802177,0.997947368633,0.998032970677,0.998114305994,0.998198711317,0.998291971929,0.998391414864,0.998485120002,0.998561338529,0.998636646517,0.998802721028,0.998680097539,0.998743868459,0.998521766232,0.998536903712,0.998490370694,0.998460528903,0.998423964603,0.998362526003,0.998311201419,0.998277611626,0.998252270339,0.998235486888,0.998233786567,0.998265690852,0.998466796917,0.998402320096,0.998215878995,0.998146202677,0.998100299477,0.998060811364,0.998022626442,0.99798410891,0.997944890372,0.997905109166,0.997865098371,0.997825236966,0.997785875343,0.997747302851,0.997709739758,