Gata6_OAC1=[0.0687292911732,0.0673982414271,0.0659063405038,0.0642780012683,0.0625531394316,0.0607681329053,0.0589710597347,0.0573996552629,0.0564249817756,0.0555024628772,0.0518174842813,0.0528442311186,0.0601870380416,0.0659127757985,0.121558882045,0.0822874678085,0.0558030990783,0.0490563250437,0.0496361503482,0.0492494545615,0.0487976339903,0.0480600622798,0.0461522505576,0.0454225510718,0.0480603324082,0.049834246871,0.0512652784607,0.0526978753572,0.0542128007655,0.0559448569047,0.0581482950471,0.0606686666818,0.0631992998046,0.065620319807,0.0678968874375,0.069994341887,0.0718567339526,0.0734134785973,0.074600994781,0.0753880580112,0.0757902698184,0.0758651226102,0.0756926004666,0.0753539427542,0.0749177582024,0.0744350696607,0.073940335954,0.0734549800264,0.0729912041498;0.0692309498909,0.0677186273837,0.0659639600128,0.0639889281599,0.0618609089482,0.0596093853229,0.057017843675,0.0538670614377,0.0537423897454,0.0540347758295,0.0533358503579,0.0544346071602,0.059863963167,0.0744670597526,0.123422242279,0.0775075701828,0.053743300511,0.0525685307914,0.050304506137,0.0476954221777,0.0479347660098,0.0486522356146,0.0488067252099,0.0491525822,0.0498404054323,0.0508648995799,0.0527525979299,0.0547527112411,0.0566505595517,0.0585953424382,0.0607133796318,0.063010915208,0.0654140895566,0.067853026941,0.0702693576359,0.0725867428029,0.0746911203092,0.0764383888165,0.0776948352785,0.0783928475571,0.0785622583877,0.0783124590151,0.0777833496474,0.0771016765099,0.0763608907442,0.075620398976,0.0749133708254,0.0742556195791,0.0736525861352;0.0699171289343,0.0682089113271,0.066122622792,0.0636329607304,0.0608754958193,0.0581868004462,0.0548495308446,0.0475364472262,0.0507291899247,0.05218503273,0.0514767875697,0.0494889573093,0.0520414117532,0.0608321272654,0.0661556144985,0.0546154561458,0.0521793220809,0.0514819260598,0.0484259879298,0.0442570251595,0.0464465251911,0.0478099869863,0.0492958736198,0.0503660360469,0.0497913242856,0.0470784096594,0.0533688839345,0.0563912668367,0.0586650230238,0.0607891979143,0.0629611852495,0.0652623240842,0.0677160679665,0.0703164347246,0.0730273942249,0.0757551049433,0.0783148124783,0.0804330839479,0.0818306860339,0.0823661335709,0.0821181399674,0.0813225380907,0.0802394591702,0.0790661930175,0.0779203881755,0.0768589333066,0.075901934829,0.0750503610827,0.0742965685535;0.0708614461812,0.0689778254232,0.0665143316834,0.0632257132405,0.0586403787453,0.0557914368016,0.0531685181224,0.0411725382058,0.0482890609426,0.0497767173807,0.048541729636,0.0418257665426,0.0388562385253,0.0511945411579,0.0537044642911,0.0390409598812,0.0509208273943,0.0491893376592,0.0409931661502,0.0473148576469,0.0452763748348,0.0401835373803,0.0485926146016,0.0512036759299,0.0512621452129,0.0501470025925,0.0549320608581,0.0580844433866,0.0605577660271,0.0628176508329,0.0650758185588,0.0674657236954,0.0700801515534,0.0729838749756,0.076200135882,0.0796563800253,0.0830884464681,0.085973169336,0.0876752169458,0.0878683347794,0.0867993268664,0.0850369252318,0.0830795018087,0.0812103926007,0.0795429382613,0.0780990892551,0.0768623133288,0.0758042211328,0.0748958427712;0.0721449317963,0.0701817143567,0.0674247555331,0.0633586494348,0.0563391668066,0.0536894299127,0.0544949994634,0.0514407039722,0.0478919560947,0.0465401088885,0.046593705542,0.0422623445651,0.0378344881387,0.042959360602,0.0470720613306,0.0519024885,0.0518174083727,0.0396601500783,0.0478345170067,0.0451023640638,0.0478206975893,0.0465370731315,0.0495905720034,0.0521455937794,0.0536571640961,0.0545266668796,0.0568770069301,0.0598787558093,0.0624798367907,0.064819821781,0.0671403010611,0.0696326260192,0.0724622219241,0.07579085821,0.0797706372906,0.084466512018,0.0896198647138,0.0942467939572,0.0966829137414,0.0960032729413,0.0931201715922,0.0895618414449,0.0862346925874,0.0834231259775,0.0811264469287,0.0792605564031,0.0777348807257,0.0764737669485,0.0754187962892;0.0738159262466,0.0719811217579,0.0691922459402,0.0647663673365,0.0537147328904,0.0557613893144,0.0557408259393,0.0531116465323,0.0473316133984,0.0491449209479,0.0490299816216,0.0467531040392,0.0479054372778,0.0493173086602,0.0519846128579,0.0541886842808,0.054355895093,0.0529449210654,0.0507556789439,0.0490231115384,0.0516042523748,0.0516714826993,0.0440617393222,0.0522587505734,0.0550394513662,0.0505316351872,0.0568972487739,0.0617565365768,0.0645486621876,0.0668757190545,0.0691821114952,0.0717309032794,0.0747649825133,0.0785763214576,0.0835587311338,0.0902095765118,0.0988216892183,0.108033922367,0.112703446596,0.109140241957,0.10168288602,0.0947563718001,0.0894261704784,0.0854714335389,0.0825077332806,0.0802347741185,0.0784478695606,0.0770109302547,0.0758325415809;0.0757830586423,0.0744864184737,0.0720565862761,0.0679394384942,0.0614327762251,0.0565420116773,0.0551100879262,0.0518299402144,0.0476331698086,0.0489353366503,0.0487393643576,0.050050201261,0.0519739250115,0.0487523003823,0.0550027417299,0.0566436392352,0.0570731969494,0.0563818139362,0.0532661168426,0.0501322861461,0.0554107958177,0.0554766533993,0.0520514594865,0.054127527045,0.0580466728583,0.0575542721878,0.0607662281538,0.0644824492225,0.0669294988896,0.0690281675368,0.0711875373809,0.0736888155465,0.0768314579831,0.081041845269,0.0870434240753,0.0962029485372,0.111151447287,0.134663821484,0.150192204569,0.132261523731,0.112175544773,0.0996898056255,0.0920082692326,0.0869805821474,0.0834755261729,0.0809003006184,0.0789287885207,0.0773705277238,0.0761076895043;0.07733706483,0.077826678378,0.0762482317008,0.0723665830398,0.0664053376539,0.0613726867336,0.0581089507416,0.0539393650965,0.0497278330809,0.0533421458487,0.057709024349,0.0586522148378,0.0575551140638,0.0559140865814,0.0573114762501,0.0589680362178,0.0597754601637,0.0596952584538,0.0590154241184,0.0589889446312,0.0600762571996,0.060295878692,0.0577878519158,0.0592254500179,0.0631056763238,0.0646838754359,0.0662043458436,0.0679584220689,0.0696061880989,0.0712497366243,0.0731062893914,0.0754138407078,0.0784813253533,0.082805485744,0.0893371873949,0.100244348819,0.121818409448,0.181998967373,0.342660401527,0.163889924896,0.119567462763,0.102060995946,0.0930086730423,0.0875269021555,0.0838326091353,0.0811575948068,0.0791231038742,0.0775203533564,0.0762239413756;0.0751579412575,0.0828794775847,0.0826969632039,0.078124757421,0.0703009972398,0.0653493944509,0.0606136500531,0.0435703087956,0.0546002541998,0.0608086371836,0.0652816354847,0.0652069996784,0.0627411506728,0.0469257876118,0.053689629526,0.0609810309298,0.062485955561,0.0626904673542,0.0628189430492,0.0636206836265,0.0648852821127,0.066004224069,0.0667600851638,0.0679218234746,0.0693522562082,0.0702630734652,0.0709020710866,0.0715779859635,0.0723965889172,0.0734492372187,0.0748664698046,0.0768247855287,0.079587397044,0.0836016127347,0.0897262682967,0.0998493993072,0.118912836655,0.162023261222,0.212722620085,0.149120340183,0.114329678384,0.0994204780932,0.0917220238773,0.0868888556285,0.0834990288015,0.0809724230861,0.0790134353914,0.0774502077249,0.0761746153983;0.0861689356484,0.091980027401,0.094829689604,0.0873843818032,0.0677203530768,0.0691485407733,0.0646716275566,0.0705004111879,0.0758533117522,0.0775272378477,0.0726519437072,0.0719674307601,0.0688757678208,0.0647829016437,0.0625996486835,0.0646891665307,0.0653632486438,0.0647298892943,0.0641634477221,0.0669108926977,0.0696273352211,0.072131616686,0.0743853723402,0.0760044999737,0.0765991909675,0.0762965145823,0.0756807860942,0.0752287883335,0.0751494988204,0.0755190474148,0.0763966970309,0.0778792509102,0.0801383754888,0.0834735002117,0.0884055226343,0.0958212618527,0.106947048118,0.121182367003,0.127155651674,0.113035390836,0.0961581179924,0.0920324487131,0.0885662868641,0.0852923713733,0.0825840804205,0.0803987113855,0.0786276051001,0.0771750706347,0.0759680450015;0.0944592909562,0.104508900635,0.127206355024,0.116878521972,0.0843478272191,0.0804227032795,0.0792098182194,0.0783243842045,0.0959876648118,0.204861364168,0.0828659087776,0.0778450932629,0.0749099372564,0.0719782802263,