TGFBR2__poly=[0.499146601565,0.49395978954,0.488264238901,0.481996814952,0.475096969201,0.467517188464,0.459236009436,0.450266512078,0.44062285102,0.430044067253,0.417416282548,0.402678977511,0.397344734937,0.40813736098,0.418853845304,0.426784690391,0.42952477674,0.400139935498,0.412339514424,0.394093716876,0.394547612397,0.398702984515,0.32387292981,0.379003477756,0.386612978441,0.435041753295,0.458047840554,0.467581821659,0.405574837296,0.330375569937,0.270394863038,0.387172564726,0.51081023379,0.576313058321,0.450378954898,0.489288425001,0.483225421383,0.465076035896,0.464789566983,0.469766627415,0.475422904033,0.481156110085,0.486735043318,0.492055710257,0.497078122931,0.501795125417,0.506215613928,0.510355688523,0.514234102075;0.500009717962,0.494575344705,0.488524451845,0.481748447204,0.474124782337,0.465528991652,0.455855427083,0.445039263677,0.43317955339,0.420514234229,0.403455489018,0.360632051654,0.299359140313,0.393650198491,0.422723866992,0.443041612294,0.469174325421,0.539599561642,0.464541747667,0.425019286558,0.391733976798,0.4840232588,0.444816263158,0.451441034413,0.46520790721,0.470027852656,0.480526010903,0.49283423826,0.452127950526,0.415696247072,0.388827430109,0.401666466676,0.432941444535,0.434588099078,0.421864915511,0.428390708195,0.448725609409,0.46399264412,0.468712195403,0.473686436195,0.479098148192,0.484585121672,0.489944393486,0.495076353886,0.499938214624,0.504517906225,0.508819487468,0.512855023877,0.516640125701;0.501290431128,0.495656540273,0.489293539711,0.482030187865,0.473643119052,0.463856927415,0.452372524984,0.438801892957,0.422177276486,0.406509990275,0.395755843497,0.363560417979,0.278138143438,0.387350385247,0.422900641712,0.453128216409,0.485734576091,0.576496279116,0.630184455878,0.468585762736,0.439937163423,0.45340603667,0.468659810755,0.521274318782,0.532570778877,0.496782936128,0.498731299223,0.504765648513,0.474807734989,0.445686578732,0.398071264914,0.37943991096,0.348139988792,0.388788404971,0.337878980535,0.410196285264,0.481780222668,0.471326286043,0.473183368983,0.477809277682,0.483053463151,0.488365169854,0.493538064786,0.498485987928,0.503174910339,0.507596210425,0.511754255003,0.515659971698,0.519327339131;0.503052581755,0.497298001323,0.490713821891,0.483056228999,0.473958518018,0.462857596229,0.448978109304,0.431737584281,0.406893162798,0.308452101011,0.391784889773,0.380486696071,0.382973703815,0.383493605843,0.403178639468,0.459362547086,0.499899610693,0.559264717162,0.534542651955,0.503106347558,0.478815058962,0.469757012967,0.476261411032,0.487758233002,0.50510814533,0.49157820881,0.501903204009,0.518721721054,0.467316601675,0.441256479701,0.400853760253,0.355010720564,0.379076109377,0.395318772564,0.388786147449,0.447963696736,0.488960859184,0.476577846299,0.477609226618,0.4821815598,0.48736508325,0.49253931244,0.497531322911,0.502284161556,0.506780513455,0.511019790504,0.51500940884,0.518760748967,0.522287018573;0.505349106976,0.499583817549,0.492924629943,0.4850703968,0.475515137085,0.463283108652,0.446103902178,0.419013202103,0.401245148148,0.391198489731,0.396150374183,0.360180561907,0.402920648243,0.386113563584,0.422877824199,0.46994621223,0.508703522693,0.532547527794,0.536186871567,0.523712150488,0.501278109113,0.488534051197,0.481288552194,0.457987592807,0.467231735371,0.481829801745,0.484010845569,0.479308299519,0.465062014391,0.449340752883,0.430697283624,0.41321267267,0.41170593534,0.417704798651,0.427672778357,0.448846296806,0.467281523598,0.475886519771,0.481496017455,0.486870168524,0.492119320581,0.49715561393,0.50194241445,0.506471746729,0.510747154304,0.514777112904,0.518572476412,0.522145284166,0.525508071873;0.508211834872,0.50256760096,0.496021240601,0.488263056996,0.478764375444,0.466445761685,0.448297205419,0.40755565376,0.394597312981,0.339631546311,0.413136241974,0.425113283771,0.422847518743,0.426853602089,0.445396232277,0.48121253322,0.572536820753,0.547088901344,0.551217971272,0.55201431577,0.522207363341,0.502181735321,0.49066945824,0.475770465491,0.474355927465,0.479194170664,0.476121835641,0.468002606629,0.463568493369,0.459001212679,0.45123230878,0.443290152015,0.436305753613,0.409427433395,0.431816072555,0.456806038571,0.47049743202,0.479752427822,0.486555626025,0.492268008849,0.497441942207,0.502257916663,0.506781372025,0.511043114229,0.515062127357,0.518852831496,0.522427770241,0.525798677017,0.528976870668;0.511645220127,0.50625811384,0.500015801974,0.492652901918,0.483765523852,0.472673547941,0.458213107919,0.439694351614,0.420398374658,0.406557159402,0.431716215248,0.512568079691,0.420619599101,0.411028666086,0.436984557879,0.457918686548,0.514481343951,0.535145525146,0.561785650024,0.55239839214,0.528917552856,0.511880306177,0.502714291963,0.494207155168,0.486723708497,0.480907387135,0.472629598985,0.417411849381,0.45880059531,0.469293205829,0.467970509197,0.463894561078,0.457784246853,0.445818917201,0.453797796536,0.469341138628,0.479426889427,0.48705092047,0.493242824593,0.498579899456,0.50339574441,0.507855593142,0.512037316646,0.515979650439,0.51970438704,0.523225937582,0.526555488432,0.529702835335,0.532677176791;0.515628569119,0.510624284864,0.504842349163,0.498074980882,0.490076385646,0.480563317175,0.469221537072,0.455523363397,0.434894996096,0.403791129585,0.423795173989,0.374945329684,0.219549976546,0.435369600874,0.451654645368,0.441527490555,0.470407063348,0.518772045885,0.54975852748,0.538056843571,0.525428876956,0.518812764936,0.518227937331,0.509093096873,0.491976367022,0.47435085428,0.475986876592,0.470393215368,0.476676222861,0.483740380971,0.485120121913,0.483439783416,0.480116783774,0.477375895002,0.479158028267,0.484669869415,0.490634469563,0.496137874918,0.501123396531,0.505684715839,0.509921730824,0.513903788363,0.517671334226,0.521246792299,0.524643188136,0.527869157465,0.530931519657,0.533836505688,0.536590291076;0.520125996584,0.51562242677,0.510420795833,0.504328280378,0.49718397528,0.488948158445,0.479711411963,0.469491768883,0.458142604582,0.447690318539,0.43364331076,0.363746181012,0.435105964123,0.505119512681,0.499128956587,0.4736848221,0.490032421818,0.517985238702,0.549782911979,0.533910047829,0.523568217794,0.522661521848,0.556845190295,0.530208526849,0.497063848806,0.419890447431,0.484105461777,0.492625017068,0.497059065155,0.501965993768,0.505356682705,0.504812810314,0.501179413522,0.498047360824,0.497435945729,0.499230141371,0.502341120332,0.505947300726,0.50965939404,0.51332178723,0.516879274917,0.520314174072,0.523620652147,0.526796168054,0.529839360072,0.532749799072,0.535528066284,0.538175771267,0.540695471642;0.525095195093,0.52123054148,0.516753210376,0.511380330232,0.504850783808,0.49723835892,0.489116559898,0.481236424171,0.473961350563,0.466839364633,0.457497732468,0.447968222991,0.464311378328,0.488701592269,0.453500784767,0.461345651144,0.488446519,0.528410890461,0.530293188218,0.522729112553,0.516970386083,0.51666164259,0.521342221916,0.518824175335,0.509238496015,0.501857688582,0.504226901845,0.509044524782,0.514430169503,0.522848288469,0.534794040245,0.53398228936,0.522791016672,0.515721183543,0.512729693872,0.512397567293,0.513668854844,0.515824123615,0.518426669882,0.521232048939,0.524107656257,0.526980928842,0.529810533169,0.532571630768,0.535248657786,0.537831762867,0.54031493987,0.542694943598,0.544970584544;0.530479132527,0.52745672869,0.524021423394,0.519655550938,0.513449073223,0.505179466837,0.496302943312,0.489175582942,0.484952451682,0.481759323513,0.477850794784,0.473998996678,0.474492802876,0.483106410975,0.489368889139,0.453147918223,0.518266209197,0.592182839927,0.534247626958,0.499487396277,0.499022562195,0.498455980689,0.502630792214,0.512860539898,0.517900168027,0.518882841085,0.520455863552,0.523726617829,0.529650974147,0.543206551185,0.599980720553,0.586869239103,0.543072225722,0.5306455547,0.525803670819,0.52417678578,0.524291119266,0.525422108185,0.527148800371,0.529215673516,0.531466239893,0.533803670297,0.536166872094,0.538516328772,0.540825900425,0.543078081974,