GREM1_OAC1=[0.0768662087068,0.0746900141147,0.0723684664346,0.0699063497536,0.0673210310536,0.0646219977938,0.0618245657456,0.0591247777491,0.0568060786239,0.0541550279926,0.0483012198566,0.0458235274755,0.0459378119172,0.0385514824436,0.0415718470293,0.0434811146177,0.0416936860094,0.0435314963327,0.0489389028111,0.0522863417975,0.0548395145631,0.0565877927567,0.056558477516,0.0576750668167,0.0630265795685,0.0673355347738,0.0712349472592,0.0751821355605,0.079293410657,0.0837712599539,0.0890141273353,0.0948102162781,0.100682771274,0.106424566416,0.111965929941,0.117250740191,0.122202344285,0.126727286912,0.130737080093,0.134175288862,0.137035170732,0.139358769989,0.14122089555,0.142708996874,0.143907643741,0.144890083016,0.145715382462,0.146428824792,0.147063785455;0.0762173100115,0.0738899624226,0.0713457145871,0.0685815891212,0.0656404983047,0.0625255396222,0.0589865304222,0.0547819265884,0.0534639511403,0.0521690470264,0.0492979416994,0.0469502131707,0.0456428284273,0.0436926132216,0.0414791761128,0.0410629706599,0.0402062511188,0.0465722961206,0.0494259392977,0.0504064686004,0.05359358454,0.0569772749519,0.0594913765619,0.0620927921404,0.0650570042899,0.0684515389083,0.0730623577978,0.0779245137992,0.0827296631283,0.0876742650278,0.0929347610656,0.0985119850525,0.104277685644,0.110105324153,0.115893874349,0.121532866952,0.126876025724,0.131745399168,0.135970493075,0.139444985863,0.142162592247,0.144206864889,0.145709214261,0.146807293319,0.147620943158,0.14824426012,0.14874641653,0.149175774863,0.149564626143;0.0757267645749,0.0732603400397,0.0704561878315,0.0672511097291,0.0637521228639,0.060282414386,0.0560872443873,0.0478375552302,0.0500408228473,0.0501585881392,0.0477432256407,0.0435625436293,0.0422951696386,0.0440896844149,0.043880924299,0.0389018239208,0.0427108686959,0.0471630277691,0.0482195533169,0.0469845352273,0.0519348139434,0.0558640228349,0.0598770550878,0.0633697498556,0.0647313015684,0.0631252682066,0.0736963615664,0.080086320699,0.0855689775251,0.0909290546571,0.09641808606,0.102127014304,0.108060793884,0.114181931974,0.120419772155,0.126644754429,0.132634024104,0.138071830515,0.142629728198,0.146108318776,0.148525879134,0.150072422251,0.150994049881,0.15150963197,0.151783635301,0.151929403055,0.152020583048,0.152102203925,0.152199595832;0.0754423143352,0.072896633574,0.0698383815793,0.0659524045142,0.0606981792603,0.0571833336049,0.0538230604628,0.041058120931,0.0473091557764,0.0477510578062,0.045376348504,0.0378307336151,0.0337312314841,0.0426028705749,0.0438484804197,0.0327999496758,0.0455292673145,0.0470696127838,0.0416947631586,0.0507196241467,0.0507930570407,0.0469326738956,0.0588709563263,0.0641871708147,0.0663770447997,0.066988624591,0.0756241305959,0.0823199345232,0.0882431661291,0.0939714639493,0.099754285164,0.105738344299,0.112012621699,0.118625588146,0.125574951916,0.132754583897,0.139859899144,0.146322001856,0.151448651795,0.154828851077,0.156598924837,0.15723664141,0.157216797179,0.156871052266,0.156402001019,0.155926637657,0.155508016865,0.155175352791,0.154937308702;0.0753968948784,0.0729254928294,0.069788048795,0.0653416013776,0.0577857316139,0.0545806871736,0.0547094636431,0.0508632980679,0.0465743358118,0.0444901652621,0.0437675670481,0.0389894246706,0.0342981657084,0.0384597207279,0.0421808366675,0.0474782411962,0.0491923716407,0.0393680215794,0.0496688968504,0.0488563628168,0.0538594192645,0.0543389144399,0.0599056264679,0.0650838760523,0.0691434456361,0.0725106703645,0.0780182772082,0.0846624468513,0.0909576779559,0.0970084010361,0.103082919207,0.109390614277,0.116103145201,0.123377511704,0.131348533629,0.140048666771,0.149174825261,0.157704333852,0.163941316278,0.166852250604,0.167111949691,0.166036950004,0.164499601715,0.162908241169,0.16144380339,0.160184301201,0.159153232082,0.158343579805,0.15773304259;0.0755479357728,0.0734352277278,0.0706419286904,0.0662541176017,0.0548767210869,0.056506171868,0.0556581586497,0.0520746865572,0.0455689991019,0.0465774615042,0.0459200728745,0.0434486500628,0.0443657812792,0.0457746018587,0.0487524748273,0.0518507000808,0.0535199132316,0.0539165827701,0.0535431296367,0.0535391951414,0.0582601093584,0.0602228327111,0.0529748105053,0.0648105457471,0.0704430905599,0.0667811353718,0.0776667110679,0.0870493574219,0.0938638780219,0.100159304298,0.106464684424,0.113073634837,0.120245879759,0.128281209452,0.137565490576,0.148557802958,0.161475115524,0.174914389134,0.183893825356,0.184727557309,0.181066665125,0.17675404339,0.172872813557,0.169560399948,0.16681549446,0.164604562378,0.162868017555,0.161533273308,0.160527947365;0.0756379373548,0.0743599745196,0.0725907128649,0.0694047272823,0.0632517092497,0.0577393992087,0.0550422449278,0.0503896231756,0.045180947481,0.0455899946651,0.0450104579346,0.0462207694506,0.0483237486879,0.0458831652229,0.0526662568404,0.0554555947599,0.057366943004,0.0583290654013,0.0567577766207,0.0549905309643,0.0625091659396,0.0643262603,0.0620578166966,0.0664472617667,0.0735229032009,0.0753662180398,0.0823711532994,0.0905038963176,0.0971797035616,0.103491866573,0.109904347976,0.116726907222,0.124286236454,0.133034795887,0.143705963821,0.157616878661,0.177187561937,0.204783463144,0.224810065041,0.213641694638,0.199069229733,0.189307775163,0.182193889058,0.176655042949,0.172339758923,0.169030628363,0.16652629533,0.164648218996,0.163250451385;0.0747038197184,0.0753919370512,0.0755893175854,0.0748440247317,0.0710110532141,0.0647916604416,0.0586624879416,0.0519915646315,0.0461027319919,0.048180538168,0.0517524182655,0.0530611482347,0.0529852172264,0.0526001730947,0.0552283604065,0.0583095840788,0.0607138711735,0.0622826612688,0.0631889871018,0.0647144342877,0.0674263018558,0.0691985249853,0.0679076476226,0.0715035877534,0.0786305454604,0.0835291609402,0.0888344755585,0.0948131701031,0.100862827097,0.106978122332,0.113358250274,0.120260383864,0.128035406417,0.137236582075,0.148868271254,0.16508248335,0.191788156587,0.254332037251,0.407152383085,0.253539455466,0.218735829969,0.203213605998,0.192228992315,0.183895621546,0.177730364553,0.173235640789,0.169963811447,0.167573704326,0.165821165214;0.0693823563961,0.0763347174782,0.0791612454892,0.0836370402354,0.0862890005797,0.0760299102928,0.0626192526308,0.0416409112725,0.0488849142618,0.0518276578962,0.0555042228235,0.0569186791163,0.0565830328964,0.0437237166124,0.0516332190162,0.0604526241392,0.0637444821068,0.0656538357015,0.0673252579598,0.0695256700699,0.0720687780658,0.0744101162679,0.0765637061035,0.0797690794237,0.0841680919662,0.0888198077512,0.0937542534425,0.0990599746346,0.10465172908,0.110515593636,0.116759719272,0.123592858486,0.131347963409,0.140574937898,0.152267417518,0.168459223041,0.194092429838,0.243295309323,0.301166765942,0.259943311887,0.238461309061,0.219804877267,0.202892272365,0.190763399534,0.182541683424,0.176918187686,0.172988896097,0.170188636259,0.168162500854;0.0748466906255,0.0773152104521,0.0809783840572,0.0924702439651,0.180254486002,0.096201266082,0.0672359903613,0.0677575255177,0.065366985737,0.0571011380408,0.0562481337141,0.0598938811621,0.0605055147317,0.0595184715772,0.0598351976474,0.0640627689009,0.0667802853233,0.0678925310252,0.0686842049038,0.0726081078974,0.0760740866069,0.0790018943457,0.0818676139928,0.0851416135299,0.0890177253801,0.0933621028553,0.0980619521208,0.103076950403,0.108387897552,0.114018275681,0.120060822459,0.126690853344,0.134192832238,0.143022621345,0.153931366377,0.168179066888,0.187695169756,0.213629416791,0.240248996256,0.269217439476,0.291655145319,0.244829298778,0.212997008565,0.196096350903,0.186122561956,0.179734651287,0.175416102635,0.172388655973,0.170213060148;0.0767810922012,0.0767505088841,0.077136972624,0.0830819520036,0.0982128284706,0.0881061897067,0.0762736196186,0.0813340839801,0.112936874047,0.0634769492445,0.0581823956783,0.062194940453,0.0642223399381,0.0651959763079,0.066450310011,0.068316197235,0.0699782176458,0.0696565615866,0.0567497925018,0.0753829133792,0.0798322337581,0.0830271914125,0.0859739564515,