HDAC2__poly=[0.882632701581,0.884582882659,0.88664408557,0.888829502794,0.891151938497,0.893620979025,0.89623933253,0.899000104231,0.901893870581,0.904970643788,0.90846820911,0.91239691682,0.914285918545,0.912802783854,0.911591967501,0.91151265482,0.913754338636,0.921399118136,0.915854615883,0.919731362294,0.922721200161,0.926752555893,0.941585598326,0.933387450253,0.934980812967,0.931080815045,0.933848959998,0.939663234159,0.942845868871,0.953130862181,0.963099487602,0.95348212206,0.960172624231,0.967065978481,0.95247651023,0.951747554928,0.949877462349,0.939302630736,0.929316677599,0.922389562373,0.91663590492,0.911615967725,0.907141144036,0.903101959821,0.899424105412,0.896052820027,0.892945843167,0.890069595685,0.887396833283;0.882640894694,0.884683465466,0.886861926799,0.889200678122,0.891728121843,0.894473358882,0.897460330129,0.900701065177,0.904166556861,0.90779370049,0.912355136204,0.922438337974,0.936358304152,0.917567248774,0.913450660263,0.912803201116,0.915977820042,0.928147979679,0.91876017964,0.921309113078,0.927798571943,0.934597066458,0.923582271739,0.926140098107,0.927442175867,0.926882846795,0.930442169842,0.936810555376,0.938946346335,0.942969729345,0.945597731488,0.947962696029,0.953639303226,0.957330000905,0.950683485355,0.947743758137,0.942800632398,0.934896203062,0.927165113232,0.920574746008,0.914946818794,0.910021262481,0.905629375596,0.901663065115,0.898048509887,0.894732068498,0.89167286433,0.888838651678,0.886203337082;0.882558573439,0.884684319232,0.886970603514,0.889456847677,0.892196132866,0.895254530369,0.898702849343,0.902627299392,0.907229771349,0.911604548053,0.914882669317,0.922702537866,0.941640837006,0.920161815184,0.915200648517,0.913294722204,0.914974085738,0.929042096022,0.939172548903,0.919343032911,0.920695523487,0.915941016939,0.913563195894,0.920776572105,0.923559547286,0.920693744004,0.925392240699,0.931592435038,0.933793482757,0.93724365807,0.94110139275,0.945654989587,0.953225691528,0.949443614546,0.956032501595,0.951228827557,0.944096800025,0.932025184271,0.924196885182,0.917953582419,0.912609061746,0.907900523164,0.903679853304,0.899852020581,0.896351458861,0.893130252614,0.890151736882,0.887386844891,0.884811907285;0.882375176772,0.884568476807,0.886942035144,0.889552081105,0.892486069988,0.895878767987,0.899913067401,0.904723904386,0.91122869666,0.933561568678,0.916730862186,0.92013781459,0.920611679699,0.92183765404,0.920063722063,0.913059930204,0.91342736838,0.920565131684,0.915260055258,0.91551481398,0.922982639704,0.905284488568,0.899115743287,0.895433962567,0.901593688174,0.908118662742,0.917651951171,0.926723754372,0.925486319389,0.929281607852,0.936003431004,0.9444546425,0.942372191653,0.941370514597,0.944082975899,0.94213897703,0.937123861729,0.927279494786,0.92024501235,0.914584353365,0.909675170193,0.905292443455,0.901321897216,0.897691541957,0.894350682376,0.89126123888,0.888393323839,0.885722710971,0.883229281824;0.882085418483,0.884325299454,0.886753702356,0.889438990547,0.892501471048,0.896173256708,0.900978106234,0.908021498949,0.913111556617,0.916716099379,0.91728002441,0.925872298945,0.917626944149,0.921899637736,0.916535636973,0.911498791236,0.910442690045,0.908502593069,0.902839496502,0.895379092489,0.892468787455,0.890325379832,0.882271395726,0.839081485181,0.858154027405,0.894251584954,0.90682801335,0.91397587241,0.918090665972,0.92194461931,0.926302407453,0.930525750721,0.932056773698,0.932249884837,0.931847414281,0.929665591167,0.925803765138,0.920590461304,0.915360976065,0.910584848515,0.906242511413,0.902266959191,0.898605492586,0.895218176796,0.892073528062,0.889145870569,0.886413740826,0.883858858981,0.881465430847;0.881692530778,0.883956871518,0.886400977596,0.88909178161,0.892154177572,0.895847922467,0.900872359844,0.910932848617,0.915106493029,0.928659403902,0.916700714146,0.917045492474,0.915360101081,0.914034433003,0.911832079295,0.910143273224,0.918534747378,0.904338822804,0.890011304571,0.84201387004,0.863835550137,0.876960935939,0.873737350655,0.857264288506,0.865556008698,0.888081223702,0.900137381861,0.907935425165,0.912228269809,0.915279789723,0.918346590497,0.92110555038,0.923416422215,0.928902183843,0.925540184055,0.921262977102,0.917901768736,0.9141235701,0.910131847148,0.906201562423,0.902452305164,0.898916341191,0.895594676119,0.892478111818,0.889554287014,0.886810189291,0.88423312396,0.881811091105,0.879532914217;0.881210450552,0.883483482798,0.885910114938,0.888539233129,0.891462857298,0.894853369031,0.899014151033,0.904178604458,0.909810035707,0.915122648915,0.91638216379,0.930793182184,0.917196715759,0.917317457887,0.912321113399,0.910451132163,0.906132695783,0.897191536463,0.88692043217,0.846585420907,0.858395067489,0.869218013225,0.868832495651,0.869128181038,0.876274977231,0.887134892014,0.896873329826,0.913786720765,0.908934643539,0.909533730866,0.911725213257,0.913844681134,0.91584142782,0.918494024645,0.9171255699,0.913921693205,0.911104478115,0.908104884526,0.904913612622,0.901659149274,0.898446850473,0.895336649162,0.892357527897,0.88952127854,0.88683053765,0.884283063908,0.881874029685,0.879597286004,0.877446081255;0.880663430487,0.882944858533,0.88534270842,0.887876231339,0.890588712066,0.893560489444,0.896913101886,0.900850993877,0.906503066675,0.914834296073,0.913449266932,0.925365233147,0.95596669557,0.913989528107,0.909341171482,0.908017448176,0.900428478876,0.889378161884,0.885552733427,0.873899197292,0.868192176066,0.863629702242,0.852566352626,0.858020147278,0.874803438863,0.88786646931,0.893980427295,0.900128392015,0.902618547573,0.904178771174,0.90609968137,0.907728492785,0.90887516005,0.909389715714,0.908710691475,0.907009374012,0.90486378365,0.90244134169,0.899820325287,0.897090794542,0.894334332108,0.891610234299,0.888956494924,0.886395529858,0.883939441054,0.881593736023,0.879359753342,0.877236213884,0.875220215651;0.880082200349,0.882395973283,0.884789603134,0.887245394069,0.889755583363,0.892336143245,0.895029955093,0.897920318034,0.901121855788,0.904259194901,0.908239811733,0.923801836127,0.910939051472,0.91279381571,0.907792589257,0.895382681097,0.885795966492,0.878659616156,0.881318077976,0.875176355458,0.869759964259,0.859285795751,0.790183294757,0.830052477692,0.871772372265,0.900241900987,0.891057039792,0.893856395496,0.896926583723,0.899528160305,0.9017247297,0.902996585321,0.903294735506,0.902996689591,0.902164074698,0.900817681734,0.899085733955,0.897080347915,0.894882194347,0.892562409072,0.890184192803,0.887798453597,0.885442646847,0.883142531027,0.880914841747,0.878769760264,0.876712846449,0.874746453033,0.872870731987;0.879496306629,0.881898599566,0.884363133307,0.886824636455,0.889210370299,0.891486148393,0.8936495166,0.895671392672,0.897520885205,0.899253725789,0.901283965927,0.903187370654,0.900047463071,0.898218256454,0.901898968336,0.887333191616,0.870403937413,0.850782008644,0.86422771252,0.871418697579,0.87146564394,0.86598705444,0.854741694827,0.858664290156,0.87258455624,0.881731725594,0.886336653837,0.889597894545,0.892766681992,0.896232744104,0.900121484632,0.900952949312,0.899203617014,0.897792682429,0.896569791123,0.895239842693,0.89370987942,0.891984471669,0.890100026442,0.88810206526,0.886036137331,0.883942606072,0.881854227309,0.879795897306,0.877785579291,0.875835618111,0.873954019498,0.872145532646,0.870412507961;0.878921455105,0.8815066359,0.884194258042,0.886856495717,0.889272992176,0.89135485953,0.893196197941,0.894625375728,0.895408190752,0.895785226937,0.8958734963,0.895154471255,0.892091298407,0.884199066589,0.871108366061,0.871855797124,0.848176874454,0.749256056938,0.855364329346,0.875252012665,0.877355637652,0.876594949433,0.874269669548,0.873084384799,0.875770917481,0.879700324966,0.883095929451,0.886049218599,0.889167699337,0.893710553177,0.907853390288,0.905522435155,0.89591145013,0.893057674446,0.891437872918,0.890054917345,0.888635001782,0.887104018545,0.885457351841,0.883716088112,0.881909679901,0.880068050065,0.878217871129,0.87638112416,0.874574935329,0.872812041908,