HDAC2_OAC1=[0.983267990991,0.983898364589,0.984541685561,0.985192271044,0.985843446231,0.986492385529,0.987137255137,0.987740590838,0.98824836493,0.988813060078,0.990031345652,0.990549027619,0.990532294206,0.99206280598,0.991454266369,0.991081817633,0.991474454227,0.991133572995,0.990080509862,0.989463407028,0.98902346393,0.988760763512,0.988863786251,0.988752975546,0.987839095093,0.987157212033,0.986582948133,0.986029894734,0.985478426744,0.984894356135,0.984210568886,0.983470263194,0.982757821962,0.982103537833,0.981508414322,0.980965785546,0.980467495717,0.980005428163,0.979572186631,0.979161704694,0.978769663889,0.978393495816,0.978031994661,0.977684780976,0.977351841718,0.977033233222,0.976728929567,0.976438766748,0.976162439805;0.983462826621,0.984150661312,0.984862097936,0.985590572056,0.986322390263,0.987055756098,0.987844544972,0.988743017252,0.98902866416,0.989296896534,0.989881262844,0.99035603849,0.990618717661,0.991017907125,0.991477343155,0.991574710167,0.991770398571,0.990500640537,0.989964941204,0.989824320324,0.989254690789,0.988666641799,0.988272971281,0.987883424183,0.987446565794,0.986953354047,0.986260805951,0.98555952509,0.984910410504,0.984280111878,0.983640789892,0.982996355262,0.982370700516,0.98178210362,0.981237226155,0.980735081221,0.980270490736,0.979836105425,0.979424132646,0.979028123107,0.978644194104,0.978271068712,0.977909186238,0.977559665167,0.977223614312,0.976901826991,0.976594709569,0.976302316343,0.976024421489;0.983640874011,0.984392468815,0.985187601341,0.986027721946,0.986882592154,0.987684516441,0.98859221787,0.990289199364,0.989841312889,0.989801899015,0.990269820499,0.991098148039,0.991336075081,0.990952399578,0.990987913286,0.992013349593,0.991245720424,0.990361877652,0.990188336529,0.990493241433,0.989563919777,0.988865540311,0.988177149339,0.987619473115,0.987502206155,0.987970777051,0.986157127677,0.98519249539,0.984449705378,0.98378449441,0.983155810831,0.982553070565,0.981979803058,0.981442710656,0.980945639097,0.980487888127,0.980064123966,0.979665101356,0.979280033248,0.978900504154,0.97852330681,0.97814991964,0.97778389353,0.977428710708,0.977086929828,0.976760112543,0.976449003691,0.976153743375,0.975874052849;0.983794141145,0.984610229169,0.985500240902,0.986508741735,0.987728872388,0.988530891424,0.9892479361,0.99180220244,0.990533309903,0.990405943247,0.990836529648,0.99231956447,0.99311850061,0.991274999594,0.99099745686,0.993259571404,0.990650410173,0.990356964345,0.991491955276,0.989707227433,0.98976396055,0.990620856664,0.988349184916,0.9874372251,0.987169380919,0.987229297572,0.985802380248,0.984804770893,0.984013058834,0.983323420008,0.982697620207,0.98211911965,0.981582997336,0.981089702807,0.980640426881,0.980233720428,0.979862434981,0.979511677435,0.979161853276,0.978798851981,0.978421877832,0.978039554043,0.977661548681,0.97729468615,0.97694293835,0.976608313159,0.976291547936,0.975992565559,0.975710789055;0.983916448063,0.984785592526,0.985755981373,0.986921744619,0.988605842507,0.989333933847,0.98934068516,0.990071036666,0.990858435172,0.991199352328,0.99126460483,0.992147921832,0.99303638066,0.992140082235,0.99133990992,0.990228224917,0.989872021962,0.991908538091,0.989828294738,0.990048650122,0.98910686751,0.989104343241,0.988109189147,0.98723025575,0.98660988301,0.986161275024,0.985349854617,0.984386262318,0.983558454727,0.982853428794,0.98223301519,0.981675669455,0.981172372394,0.980721328536,0.980323975946,0.979980896393,0.979684905695,0.979410338987,0.979112287613,0.978759247945,0.978362398896,0.977951607098,0.977547473265,0.977159567891,0.9767918863,0.976445841547,0.976121430041,0.975817821552,0.975533753225;0.984013321525,0.984908728179,0.98591428558,0.987147571408,0.989568252911,0.989366130331,0.989531111902,0.99014416401,0.991284664606,0.990973697761,0.990971652919,0.991335705571,0.991041214426,0.990663492174,0.989984677745,0.989302907558,0.988942125451,0.988871716903,0.988985331762,0.989044999844,0.988164728804,0.987874737552,0.989445887731,0.987243231761,0.986322879106,0.987230815423,0.985400648334,0.983945394339,0.983053467418,0.982345905855,0.981740434645,0.981208200833,0.980738882892,0.980331864529,0.979993174322,0.979733268523,0.979558369524,0.979434814931,0.97923474165,0.978854013314,0.978376019234,0.977896962988,0.977444863034,0.977023367948,0.976632383483,0.976270838071,0.975936819949,0.975627931734,0.975341676966;0.9841244401,0.984994856093,0.985978917557,0.987150376313,0.988639526049,0.989735842262,0.990154970161,0.990860007584,0.991657246388,0.991403677678,0.991319422915,0.990891119655,0.990298172227,0.99065395678,0.989162516091,0.988517749449,0.988090606321,0.987896164463,0.988258634981,0.988685590819,0.987234083655,0.986984475642,0.987580793796,0.986869311125,0.985676893092,0.985550315546,0.984485989654,0.98328989534,0.98245361975,0.981781047223,0.981206588395,0.980706571069,0.980273949483,0.979912212827,0.979635986524,0.979477450069,0.979499794496,0.979769846272,0.97989263689,0.979230452638,0.978485451677,0.977877404327,0.977352356463,0.976882997859,0.976460617227,0.976079687595,0.975734735736,0.97542062032,0.975132901671;0.984413955463,0.985078889784,0.985998105038,0.987124587988,0.988436241914,0.989497360251,0.990234629487,0.991101284124,0.991893274638,0.991252125319,0.990265142407,0.989684555033,0.989418954102,0.989284661917,0.988596087771,0.987861813391,0.987315179165,0.986987748674,0.986838790661,0.986596599638,0.986143626408,0.985917404032,0.986338334397,0.985803367619,0.984618386666,0.983928542705,0.983219960677,0.982455153908,0.981761755677,0.981156515332,0.98062708859,0.980165296965,0.979770573674,0.979451307181,0.979230163479,0.979161751153,0.979401361753,0.980621053978,0.984309873078,0.979906232608,0.978633352997,0.977883627047,0.977265935987,0.976731643995,0.97626941611,0.975866543166,0.975510932617,0.975192972703,0.974905485523;0.985516742442,0.985100834742,0.985998645744,0.987221249216,0.988646192172,0.989559103335,0.990519292948,0.993409154339,0.992020834933,0.991105809153,0.989891551518,0.989090386036,0.988736387984,0.991066762697,0.98927253989,0.987317945156,0.986570156719,0.986167246557,0.985862021888,0.985488060228,0.985082301923,0.984755983131,0.984503616574,0.984075767186,0.98345458924,0.982836256931,0.982222646982,0.981607646709,0.981021506189,0.980485121351,0.980004899788,0.979583197301,0.97922465105,0.978940395703,0.978754538381,0.978720346257,0.978971177329,0.979893591623,0.981114172127,0.979681178004,0.978779796783,0.977956996973,0.977185514829,0.976555589639,0.976046480891,0.975623002143,0.975260113902,0.974941740392,0.974657463703;0.984178570081,0.984842334077,0.985964177535,0.987517363187,0.990066188128,0.98974558209,0.990633604449,0.990402849392,0.990791191319,0.99108043261,0.99013897189,0.98863605542,0.987928111073,0.987745353929,0.987443577377,0.98641561745,0.985779325812,0.985548032964,0.985437030904,0.984708921714,0.984123969678,0.983694324784,0.983317811767,0.9828989482,0.982403877865,0.9818669066,0.981318764771,0.980777583876,0.980260275042,0.979780246821,0.979345642388,0.978962014662,0.978635820644,0.978377756018,0.97820696758,0.978157494717,0.978283619879,0.978621663221,0.979019319999,0.979521527722,0.979876332935,0.978268891288,0.977078875456,0.976321200131,0.975772572276,0.975338859833,0.974976856192,0.974664010343,0.974387278877;0.983308396988,0.984448995421,0.986004562931,0.987561437071,0.98891263379,0.988865468739,0.989321960116,0.990293082202,0.990845519326,0.991345435908,0.990032365615,0.988146854504,0.987026208688,0.986378269241,0.985847240359,0.985306808911,0.984899979467,0.984991177348,0.987833404827,0.983964354917,0.983187932915,0.982722860671,0.982351365548,0.98196513517,0.981501034051,0.980983382744,0.980460745935,0.979957845702,0.979485130906,0.979048896607,0.978653956607,0.978304790017,0.978006927497,0.977768576,0.97760238856,0.977526819888,0.977564824444,0.97774178696,0.97815826639,0.979677800529,0.985684922489,0.978306999623,0.976765966508,0.975970808893,0.97542685653,0.975005706398,0.974657523932,