HESX1__poly=[0.0755510229837,0.0752108260456,0.0748083378429,0.0743306223392,0.0737638919974,0.0730951535704,0.0723143724267,0.0714158357624,0.0703921112557,0.0691868547948,0.0675939382489,0.065555972895,0.0648816030717,0.066568141351,0.0677752643572,0.0677465024832,0.065629888827,0.0596792159881,0.0654767779457,0.0665973017038,0.0698510882215,0.0726587625811,0.0640519323036,0.0817760584193,0.0911270411724,0.113047650376,0.129620209551,0.13998483018,0.15921479954,0.173326295521,0.157073356732,0.202341691863,0.219080259104,0.430063805603,0.260170904272,0.303664421314,0.255615362294,0.240320220199,0.217141027795,0.202888479587,0.191958618773,0.182883164416,0.175127982738,0.168409138026,0.162534110441,0.157357424329,0.152764598774,0.148664049573,0.144981824394;0.0746267606225,0.0742185580179,0.0737315413823,0.0731452335781,0.0724352800916,0.0715753389063,0.0705407119888,0.0693125768469,0.0678978591273,0.0663240847753,0.0640024952508,0.0574713288369,0.0477856869364,0.0625665495613,0.0661723397009,0.0669202889821,0.0646624646582,0.0557495175639,0.0644723100542,0.0651401221462,0.0634360493179,0.0617951118402,0.0786557657221,0.0844452998629,0.0951009362267,0.115380379471,0.145636522603,0.161857606956,0.154374775844,0.161855714527,0.175472392541,0.192521999379,0.209585911651,0.215680772839,0.217174623786,0.215715810971,0.219548878147,0.216734265861,0.205410072049,0.194547494104,0.185349033279,0.1774868814,0.170653928167,0.164647914356,0.159327865061,0.154587030257,0.150340274356,0.146517918266,0.143062209234;0.0737365448171,0.0732687402938,0.072706475992,0.0720194701896,0.0711670806791,0.070098189371,0.06875610827,0.0670705550872,0.0648854681134,0.062818998716,0.0614962098718,0.0567888451137,0.0435704534109,0.0604349002516,0.0647986102407,0.0665162815427,0.0652438228481,0.0545468895507,0.0472520141451,0.0642781836174,0.0659609103788,0.0739421672262,0.0811979429837,0.0811086714982,0.0894780226709,0.113496363089,0.149432209077,0.176220234469,0.148363117282,0.150876100649,0.15975476144,0.177141220879,0.295645107296,0.192858978497,0.156235082422,0.178851594395,0.237500817203,0.208117478481,0.194922838503,0.185798079411,0.178191116298,0.171564719053,0.16569214363,0.16044049127,0.155718268943,0.151455286461,0.147594016346,0.14408571892,0.140888513859;0.0728861179668,0.0723710241747,0.0717496372956,0.0709809839118,0.0700022103333,0.0687169191887,0.066992731159,0.0647241092139,0.0612606616814,0.0466308796329,0.0595300295279,0.0582503328489,0.0591364474473,0.0593748588424,0.0615150590982,0.0669614267009,0.0659313585574,0.0594846492889,0.062624241514,0.0626713112017,0.0589485642065,0.0758462708529,0.0834847434529,0.0884806144146,0.0946645717084,0.110588657794,0.123277490723,0.12755766437,0.140528878713,0.14567439975,0.147264453636,0.147779679783,0.179663857751,0.176030339692,0.163600004734,0.178968518334,0.217005946223,0.195565110211,0.184078991023,0.176767728951,0.170709362919,0.165308506361,0.160400512389,0.155915336644,0.151808553668,0.148044404555,0.144591041971,0.141419210702,0.138501963576;0.0720775871206,0.0715306393291,0.0708733295612,0.0700572448212,0.0689989070034,0.0675392221186,0.0653205642695,0.0615786947073,0.0591078172515,0.0576720903828,0.058470936724,0.0537035559725,0.061479539486,0.0602574136992,0.0660753373834,0.0698926199786,0.068271802868,0.0662160611643,0.0661535600475,0.0679822639025,0.0726153329573,0.0790818423805,0.084870785778,0.0864986384226,0.0950342946935,0.107242826858,0.116565840709,0.124419144694,0.132045844792,0.138500848924,0.143871732891,0.149078942147,0.156896024147,0.161038532595,0.163442320296,0.170513087637,0.177507462229,0.17667054638,0.172206464813,0.167549871403,0.163114620506,0.158908503796,0.154934179894,0.151197352113,0.147699207705,0.144435238614,0.141396446137,0.13857089555,0.135945039075;0.0713076674949,0.0707448041882,0.0700784732423,0.0692615081949,0.0682083341122,0.0667440963325,0.0644021161756,0.0587128666937,0.0568535549108,0.0486464648438,0.0580661641176,0.0595456075477,0.0633843072571,0.0685928115219,0.076010422313,0.0778637286458,0.063926915341,0.0672486318462,0.0671194566203,0.068154159314,0.0748057477114,0.0810976049522,0.0861252409917,0.089756633662,0.0960962519918,0.104385061316,0.111264524761,0.117068496518,0.124086863391,0.131190974701,0.13722671968,0.142455285552,0.146109269572,0.140256499751,0.149230603597,0.158137619131,0.162123244439,0.162877117012,0.161317633674,0.15869738536,0.155684315546,0.152555706108,0.149439077869,0.146402316434,0.143483630249,0.140703741476,0.13807226254,0.135591597503,0.133259510122;0.0705666335567,0.0699998844777,0.0693474812817,0.0685737039929,0.0676142721089,0.0663518528592,0.0645819018972,0.0621402431417,0.0593723225961,0.0568362130609,0.0572010019555,0.0488144296797,0.0614971310058,0.0682046027841,0.095235387705,0.113618004668,0.0776991708942,0.0710887009631,0.0674876828859,0.0705551371844,0.0766638819805,0.0823941987329,0.0870067908167,0.091468200119,0.0963801557858,0.101590199585,0.106102022951,0.099260696714,0.115268229065,0.124226785235,0.130082415216,0.13473280674,0.13781917893,0.137697393792,0.142353776877,0.148264886411,0.151326541049,0.152409478857,0.15199312609,0.150600337376,0.148651170139,0.146411300651,0.144038853134,0.141629718637,0.139243557377,0.136917684515,0.134674925253,0.132528424449,0.13048477893;0.0698387844935,0.0692711674765,0.0686426240906,0.0679356528464,0.0671162991797,0.0661252982873,0.0648748550053,0.0632229944735,0.0604325895686,0.0558551677174,0.0577545155282,0.0510390575471,0.0314373148282,0.0674114580161,0.0910946084058,0.104689633353,0.0771102447384,0.0732070293797,0.0700738756616,0.0742025286958,0.0791228422261,0.0834361181124,0.086595145559,0.0906580222602,0.0946555624888,0.0969309875462,0.102397398258,0.106029500313,0.112167913636,0.118447247149,0.123341620606,0.127506059071,0.13103326241,0.134009684013,0.13723274254,0.140442030307,0.142719877663,0.143859158794,0.143982649165,0.143324344647,0.14212487871,0.140577943925,0.13882306568,0.136956851457,0.135045505869,0.133134182074,0.13125336869,0.129423229338,0.127656604831;0.0691047860496,0.068525657289,0.0679104454517,0.0672639880222,0.0665834666975,0.0658487801474,0.0650186557062,0.0640204697303,0.0627559909256,0.0614430211182,0.0595055028632,0.0499721708173,0.0593847405354,0.0599422397593,0.0660304153111,0.0734341739235,0.0723885913725,0.0716278018112,0.0698321776739,0.0753592727496,0.0806638059265,0.0848605559999,0.0821128404473,0.0890189015661,0.0938203722937,0.0833714846999,0.0999476778534,0.105263675828,0.109417758049,0.113226521328,0.11663821845,0.12024684599,0.124101743565,0.127671080786,0.130806518926,0.133437255439,0.135383459049,0.136552618329,0.136983073298,0.136791402686,0.136119718595,0.135101173123,0.1338454406,0.132437124883,0.130939380229,0.129398503485,0.127847977906,0.126311669409,0.124806262775;0.0683459519987,0.0677269755486,0.0670864742238,0.0664577013474,0.065877486726,0.065357138823,0.0648818791222,0.0644398084651,0.0639980774202,0.0634352221697,0.0623606262387,0.0608881945321,0.0619338004603,0.0613523314676,0.0567208060991,0.0615391274202,0.064366997738,0.0680376256453,0.0720292024191,0.0763402567098,0.0819809708929,0.0885431589234,0.0935240387719,0.0961256015717,0.0970684046644,0.0976351560609,0.100202817791,0.1032776842,0.105928776707,0.10768859739,0.108270438836,0.111435432228,0.116875132582,0.121229683435,0.124532399168,0.127062066096,0.128918753612,0.130139062841,0.130772728542,0.130896881434,0.130604195624,0.129987673891,0.129130627922,0.12810263881,0.126959389581,0.125744261798,0.124490430202,0.123222879288,0.121960142002;0.0675509962383,0.0668434065132,0.0660967165026,0.0653804816421,0.0648197838396,0.0644644841823,0.0642491142333,0.064249234156,0.0645455760069,0.0648477742837,0.0647881039025,0.0641813548617,0.0632216678251,0.0623015836087,0.0607200108513,0.0543304975653,0.0606517725184,0.0585650244835,0.0706926630405,0.0731621932605,0.0814411104162,0.0944720388434,0.111753867726,0.108093772588,0.101205994966,0.0991472507921,0.0996349007687,