HESX1_OAC1=[0.0879334046712,0.0889922742559,0.090263583637,0.0918240170467,0.093792090701,0.096331775651,0.0997459923294,0.104993401022,0.114373404469,0.132583855782,0.198378903255,0.201510293818,0.139657142231,0.107055090782,0.105198271108,0.101665352997,0.091084849016,0.0895025738806,0.0957393335348,0.0986579123135,0.101123691499,0.103092319702,0.102620393888,0.104811887907,0.115267379718,0.124650112667,0.134520053397,0.146047072141,0.158625930534,0.168109083493,0.169571467823,0.165576679346,0.160795827084,0.156863052883,0.153919501491,0.151758411252,0.150122370909,0.148766674849,0.147483119621,0.146120239942,0.144595062778,0.142888290909,0.141025538985,0.139054934086,0.137029558033,0.134997236469,0.132996239925,0.131054558842,0.12919094248;0.0859031402742,0.086745671405,0.0877292421217,0.0889103373268,0.0904113506072,0.0923258704698,0.0944029652467,0.0964237253428,0.105856467818,0.120951659196,0.141409802531,0.142607875299,0.126440235043,0.114989870887,0.105413974747,0.10028096126,0.0915502244144,0.0974888468046,0.0962943221328,0.0931222130584,0.0954367047223,0.0990555186792,0.101934090555,0.105588517759,0.110386767831,0.116423742891,0.125030674341,0.134343751674,0.142951623152,0.149452464732,0.152701145724,0.15318814015,0.15236971985,0.151319250886,0.15049188129,0.149968116577,0.149638754163,0.149304902967,0.148754579071,0.147834052114,0.146490578866,0.144766080678,0.14275686979,0.140571975159,0.138308077093,0.136040349268,0.133822209526,0.131688614176,0.129660205775;0.0837079209292,0.0842929490339,0.0848947679299,0.0854828049576,0.0862119869393,0.0875420100985,0.0883468987817,0.0826282286401,0.0959685589772,0.108159289646,0.115599397463,0.113805834918,0.11299888379,0.117434324509,0.119983394638,0.111621732333,0.107647700057,0.101509463793,0.0933603497912,0.0847442103833,0.0892263407322,0.0928124490556,0.0972292337711,0.101342102387,0.102511943057,0.0993728312275,0.115554089132,0.12499234292,0.132306739946,0.137991527871,0.14191294951,0.144296186441,0.145722300813,0.146770925097,0.147805327599,0.14894219867,0.150080595116,0.150954887776,0.151245633133,0.150739017439,0.149428307296,0.147477380913,0.145109821387,0.142526374799,0.139876886335,0.137262512969,0.134746351549,0.132363990911,0.130132112454;0.081377215406,0.0817010590747,0.0818730060473,0.0815602049382,0.0799795136986,0.0811513077576,0.0831042695184,0.0695521247128,0.0885032289466,0.0993207419495,0.106138848577,0.101638899261,0.0997379263666,0.120890745153,0.132392847969,0.358880817855,0.131520889848,0.102011496955,0.0790927741671,0.0885915066868,0.0838552450941,0.0744395083609,0.0907104202533,0.0968312464356,0.0985694836413,0.098259953318,0.109733703839,0.118080421189,0.124719526197,0.130137733211,0.134450836969,0.137862764313,0.14071170097,0.143366514634,0.146108353288,0.149037271362,0.151982299524,0.154451810276,0.155787020123,0.155578000993,0.153946235567,0.151353867432,0.148264667556,0.145002725711,0.141764602026,0.138661730266,0.135751610377,0.133057736469,0.130582875404;0.0789242094065,0.0790463718009,0.0788956755268,0.0778295716385,0.073476683607,0.0751779752362,0.0827104516832,0.0850867146519,0.0863294150806,0.0915217168919,0.102502803352,0.118662003946,0.260593289334,0.11733201317,0.118494143379,0.138678212912,0.121129385,0.0804809126886,0.0900633636523,0.0816635573105,0.0849258184728,0.0820643119852,0.0875702755253,0.0927784593546,0.0966166558996,0.0996432559724,0.105594697668,0.112831963282,0.119134468577,0.12446080119,0.129038921144,0.133117466921,0.136994038034,0.141001580553,0.145454054494,0.150537302492,0.156066825828,0.161101810789,0.163985017869,0.163679271896,0.160842276556,0.156784827513,0.152382108531,0.148046125867,0.143959923687,0.140201861489,0.136794152108,0.133727111391,0.130974718966;0.0762991705028,0.0763394576975,0.0761229714173,0.0749131667264,0.0663249218642,0.0747157390926,0.0823569237177,0.0874180251487,0.0862005989348,0.0968986100128,0.105285898104,0.117779838147,0.143929366097,0.137159208297,0.126077827961,0.120447930872,0.111642723235,0.100628974067,0.0910544006306,0.0847076372376,0.0871945431472,0.0863233555348,0.0733945112735,0.0873734988317,0.0928494675365,0.0863284843705,0.0986293728431,0.108625204863,0.114990401875,0.120245471476,0.124976304207,0.129512988904,0.134186329954,0.139398301304,0.145649521941,0.153510776458,0.163300205581,0.173696243123,0.179740865906,0.177697200748,0.171194416826,0.164102626239,0.157528002801,0.151620579734,0.146386817086,0.141797669547,0.137795095105,0.134305673769,0.131254512718;0.0732994572985,0.0734542509083,0.0734271291344,0.0728117309621,0.0707025170318,0.071605081788,0.0791760823993,0.0875133532496,0.0946618287908,0.10300900173,0.101632372335,0.111694621879,0.149050216588,0.218865356451,0.130691436367,0.115104662697,0.106876186481,0.0994842253286,0.0898078123361,0.0817699678703,0.0883592483002,0.0872578009238,0.0813888853088,0.0847400106463,0.0915620514947,0.091921807786,0.098565365985,0.106324043788,0.112069140857,0.117064205664,0.121806965672,0.126627932772,0.131894245219,0.13812083083,0.14611881346,0.157293193289,0.174166289216,0.199226508452,0.216835648215,0.202998705742,0.185689558661,0.173271312728,0.163588120183,0.155571862717,0.148879726466,0.14330030301,0.138634201189,0.134701899646,0.13135471137;0.0692099793041,0.0701928398604,0.0704531744077,0.0701774202423,0.0695033504482,0.0715553548122,0.0791762353044,0.0952271618977,0.140603597389,0.154348209879,0.116746516911,0.114378278352,0.128012189274,0.13754867132,0.117553714184,0.107771530289,0.102173554673,0.0973495325489,0.0927852869577,0.0900933207901,0.089721261935,0.0886315490785,0.0842138501138,0.0862618434478,0.0926182621611,0.0963207784814,0.100465536511,0.105268592711,0.109982519226,0.114558704575,0.119184303613,0.124120536628,0.129740940264,0.136640120076,0.145881366785,0.159698478256,0.184142047513,0.245009983289,0.397942589615,0.239707274594,0.20196596738,0.183834465762,0.170348248581,0.159612238222,0.151155621005,0.144484336528,0.139148540611,0.134802771857,0.131198012345;0.0614737363796,0.0668479264503,0.067038893056,0.0661242189043,0.0646435630279,0.0672760768476,0.072766341869,0.0678114917905,0.156262511266,0.14526735839,0.110356149467,0.104696316746,0.105213788236,0.0811904962326,0.0904388775697,0.0982580623919,0.0968715075327,0.0941043262229,0.0916574656151,0.0904528841175,0.0901039420117,0.0898588544857,0.0897080059597,0.0910274052168,0.0938336095831,0.0969707275396,0.100418177965,0.104217154484,0.108228909228,0.112404561719,0.116835517043,0.121729361724,0.127433493869,0.134528361362,0.14405629063,0.158127802242,0.181829233713,0.229651931102,0.286606230255,0.242471630145,0.218410531582,0.197193166761,0.177739207033,0.163216274818,0.152759232237,0.145041476021,0.139142727976,0.13448587129,0.130707094633;0.0638008175165,0.0643788906249,0.0633361828056,0.0605157759452,0.052520623033,0.0603886386612,0.0633588407727,0.0775313133883,0.0881637051862,0.0860829453566,0.0860017239585,0.0918356652932,0.0935723750288,0.0917106654079,0.0898037100621,0.0922650083144,0.0919073842269,0.08937660423,0.0867267508893,0.0882345270672,0.0892903673893,0.0898805104237,0.0905844228264,0.0918969708779,0.0939675783674,0.0965933820483,0.0996093442802,0.102935909138,0.106523438983,0.11037473939,0.114571941011,0.119290279954,0.124825638314,0.131658067387,0.140578082864,0.152905743517,0.170658938731,0.195076610601,0.220343635037,0.248189998806,0.269484936749,0.219334102335,0.184546600729,0.165178627117,0.153011483597,0.144612564884,0.138423351868,0.133643306123,0.129819622577;0.063592072591,0.0621047904752,0.0590240511947,0.0558928810703,0.0536557369581,0.0587613052684,0.0622207680983,0.0627140236205,0.0640904688097,0.0621234987924,0.0700667358592,0.0806646443682,0.0857747512521,0.087578461185,0.0881870820123,0.0884571715773,0.087816093788,0.0845125935114,0.0665715382308,0.0856163004592,0.0879667355651,0.0889720268383,0.0898173303533,0.0910562270874,0.0929955646543,0.0955078562598,0.0983587200761,0.101448097172,0.104766235017,0.108351873633,0.112292143965,