ZIC3_OAC1=[0.225988558874,0.228657765478,0.231996080588,0.236381162508,0.24241507712,0.250909248237,0.262484901901,0.275471538883,0.286016509051,0.301142783794,0.357122599803,0.366031240554,0.327510866014,0.299702913311,0.394832608392,0.406817993948,0.386348100564,0.363821451178,0.38826959151,0.405294004736,0.411884183545,0.40773348169,0.391874778323,0.386208647672,0.409985778475,0.424711231262,0.431289288406,0.432663950203,0.430906045154,0.425967013853,0.41605931947,0.403319907256,0.391025977234,0.380267655799,0.371050344397,0.363124153675,0.356207302668,0.35003564094,0.344381089938,0.339067068705,0.333977560805,0.329053379396,0.324277282502,0.319655819587,0.315204667175,0.310939646323,0.306872465434,0.303009424989,0.299351669327;0.220400780172,0.222359402697,0.224811019423,0.228199580154,0.233494203256,0.242535050679,0.259239872143,0.289480887912,0.28828730577,0.286883066884,0.302560564123,0.308941835944,0.310499068843,0.33260496319,0.406042976059,0.444746077823,0.46931928014,0.407333441253,0.411379251086,0.437201792498,0.432975780942,0.420823655428,0.413024607303,0.411422768487,0.419566235238,0.426809082538,0.422948947382,0.41684178408,0.411375244792,0.405363139533,0.397909114428,0.389344018338,0.380665177956,0.372587245751,0.365373979243,0.359013709434,0.353355274876,0.348182739428,0.34327370392,0.33845493139,0.333636934967,0.328810531697,0.324015970061,0.3193098146,0.314744197072,0.310358449248,0.306177910619,0.302215761579,0.298475739829;0.214463003319,0.215510968269,0.216629777477,0.218050414694,0.220902502289,0.22836646094,0.245166724921,0.323505264567,0.28102511779,0.26499941141,0.267554267917,0.262471497233,0.273602354314,0.31502002949,0.36955562752,0.475342567116,0.450093469442,0.417322128767,0.434024106709,0.47935597469,0.4562154267,0.444060074296,0.430342291755,0.423452859252,0.438790590628,0.479872806902,0.423685580295,0.405782615947,0.397014517381,0.390425286107,0.384089241952,0.377613197488,0.371217437361,0.365228357882,0.359847173291,0.355102649708,0.350862884367,0.346870722829,0.342826842178,0.33851403413,0.333879788166,0.32901174634,0.32405239916,0.319133420635,0.314351823595,0.309770094477,0.305423410029,0.301327186626,0.29748336769;0.208361117876,0.208420485942,0.207892419728,0.206123995418,0.201603331146,0.205427215369,0.21443615343,0.183971112674,0.224557643199,0.237531835039,0.245347844933,0.225903168518,0.214008822768,0.286948547318,0.339213859009,0.551978786459,0.409086418937,0.398182061741,0.498651703838,0.428873805827,0.468457938721,0.539275439804,0.451335951166,0.428008258964,0.432472115384,0.451152383408,0.410522801956,0.392866067797,0.384077355166,0.377894266505,0.372507128734,0.36743183743,0.362673516071,0.358393667403,0.354737104994,0.351730203311,0.349198117271,0.346717523167,0.343729080798,0.339860992026,0.335158160394,0.329942306744,0.324548036231,0.319208596305,0.314061995304,0.309182244436,0.304602744747,0.300331340819,0.296360440976;0.202300544058,0.201538074006,0.199565900421,0.194781891936,0.181513888072,0.18308417997,0.19848215887,0.200618569247,0.199227678199,0.208772783424,0.234760099143,0.280091857442,0.232712645964,0.243174090611,0.28297770459,0.349692220777,0.359581551543,0.286810134779,0.372174253288,0.368716944146,0.433014501052,0.4736738836,0.451020863675,0.42778219282,0.409130564994,0.394011254483,0.38289597474,0.376489095722,0.371181110968,0.366452183952,0.362155017617,0.35825285776,0.354834524419,0.352071087011,0.35014989901,0.349176613407,0.348978590716,0.34879401289,0.347286583923,0.343582981559,0.338137440755,0.331938776476,0.325652458598,0.319588198666,0.31387885143,0.308576334193,0.303689049827,0.299200644811,0.295082181001;0.196367477268,0.195236444247,0.192584644211,0.186377114042,0.161078176545,0.175553272803,0.185412224184,0.187735622795,0.179558925053,0.205342935674,0.24163211701,0.297079008492,0.276252123002,0.266397583404,0.287586178467,0.316074636282,0.334549372423,0.348242432608,0.370836059605,0.384851899441,0.405000513226,0.429751794627,0.524085798422,0.438467440791,0.393455813596,0.33214609603,0.350927027671,0.3605375349,0.359031489053,0.355846736971,0.352595904265,0.349718343001,0.34746304338,0.346103582117,0.345994074336,0.347554198631,0.351019067234,0.355349283692,0.356629655344,0.351831942534,0.343716559851,0.33529864623,0.327442723606,0.320261818167,0.313755466277,0.307894832335,0.302627589794,0.297888716063,0.293611728139;0.190257669084,0.189590990999,0.187247405804,0.181765886144,0.170618753034,0.164096023026,0.167927233195,0.166687672206,0.163569459247,0.184503709319,0.216320872403,0.297595349662,0.264117101803,0.244364590393,0.282309614723,0.301915455649,0.320199450942,0.341183908459,0.386185483109,0.433362864902,0.392821854279,0.409417489039,0.456403447909,0.437981725053,0.385840581331,0.347843073585,0.345583606687,0.349837530977,0.348615140416,0.346123529861,0.343621041422,0.341576393201,0.340307874739,0.340202691657,0.341873016767,0.346403466912,0.355773160998,0.371972766089,0.382737178886,0.368947621089,0.352499658742,0.340030905299,0.329853435843,0.321124475271,0.313572684302,0.307028596101,0.301329978377,0.296328773795,0.291900574487;0.182255156876,0.184518609043,0.18338044384,0.178585158276,0.170002872528,0.164087792539,0.162497429922,0.157576880497,0.152440460945,0.175365534788,0.210696814992,0.23969731734,0.255789238245,0.269382603077,0.279906488637,0.291731852666,0.308139454942,0.32738800288,0.350063629314,0.365756681369,0.371002089203,0.384700544355,0.421979878305,0.413770300784,0.374624076416,0.355119275699,0.345988215307,0.342238615707,0.339527566602,0.337078099398,0.335029197322,0.333612141796,0.333117140484,0.33399377435,0.337059323339,0.344060605525,0.359773659591,0.404634203663,0.523073789021,0.395182729859,0.36266793872,0.345808195771,0.332738082873,0.321962198546,0.313114916699,0.305805218984,0.299672323435,0.294436060026,0.289892038572;0.165398358039,0.181315056746,0.181637340243,0.175667097953,0.164928629924,0.161295424549,0.156935619949,0.116434614136,0.14756295925,0.169639993066,0.199361352829,0.225288247789,0.254972890948,0.42744754115,0.257734496092,0.280285101362,0.297549773943,0.316108765015,0.332817362938,0.34299664836,0.349832112657,0.358135482296,0.366962338817,0.36599355309,0.355571609103,0.345569900394,0.33852205317,0.333933815094,0.330727543358,0.32832451491,0.326598918102,0.325640946877,0.325685621021,0.32716331473,0.330877713875,0.338489203183,0.35403822647,0.389090936311,0.431916865555,0.394448075679,0.372970991441,0.353792737388,0.336064768761,0.322365193803,0.312023607064,0.30398254698,0.297502771077,0.292117258717,0.287528968439;0.176497855824,0.183502630699,0.185392850833,0.174611320249,0.144258791023,0.158367160679,0.15901990683,0.180593051477,0.178510991012,0.167726838795,0.182415561771,0.213247851713,0.239099915923,0.263973061214,0.258990363812,0.270942756926,0.288969544217,0.314973316172,0.340283977983,0.334594372868,0.333704636534,0.337609344428,0.341733081864,0.342414235284,0.338998518512,0.333799317155,0.32882549262,0.324820022977,0.321793354502,0.319596000696,0.318159902328,0.317537691124,0.317909031661,0.319618595225,0.323271241367,0.32990638513,0.341137146616,0.357979831564,0.375814211526,0.39601174177,0.411209715071,0.368873506022,0.338872027512,0.321364165402,0.309752244052,0.301273333721,0.294669007797,0.289289813069,0.28476592174;0.180735468972,0.189133385011,0.208328614389,0.194961875338,0.161737609552,0.171028357359,0.190730348573,0.240538078947,0.221247660179,0.166231027562,0.174644580896,0.202430558895,0.223391231392,0.23865141981,0.249151682094,0.260710894109,0.278395564724,0.316232918501,0.469501350388,0.327806440288,0.319567871129,0.322296267844,0.326835784502,0.329213604161,0.327598248496,0.323517285002,0.319162838076,0.315509495805,0.312738520302,0.310794544291,0.309624539695,0.309250703088,0.309792108165,0.311484230155,0.314709248039,0.320020361544,0.328091194556,0.339649300918,0.357615429342,0.407085549747,0.58543685224,0.376078266669,0.336005467767,0.31733961385,0.305726516066,0.297448916201,0.291072276036,