RIF1_OAC1=[0.872407836713,0.874162096326,0.875955072931,0.877752267617,0.879507936921,0.881202555698,0.882816029968,0.883976525686,0.884082537046,0.884601078822,0.892298832321,0.893583304692,0.890509474051,0.907369207637,0.900487180202,0.89686470298,0.902226986362,0.899297845851,0.888651054712,0.883280125026,0.880246717796,0.880002955366,0.884862021367,0.888301598291,0.884210476251,0.882484029459,0.881546198523,0.880516711052,0.879241787186,0.877483573372,0.874765220068,0.871499140334,0.868371477894,0.865611218883,0.863216731574,0.861131669066,0.859292739054,0.857640407178,0.856122971369,0.854700017259,0.853344494597,0.852041972477,0.850787409895,0.849581167696,0.848425760747,0.847323849997,0.846277275728,0.845286748911,0.844351890051;0.873554300662,0.875572115483,0.877702696512,0.879910750857,0.882098017698,0.884256583092,0.886881095987,0.890521402726,0.887841564738,0.883999522481,0.882495582754,0.879823530045,0.878493839217,0.884038173287,0.891774611354,0.894743069696,0.898379445083,0.883908968513,0.879124313048,0.879120909691,0.873448019971,0.86877268712,0.870094523892,0.873742435912,0.876709351105,0.878215617303,0.877110857648,0.875421455804,0.87379595216,0.872023777549,0.869944781518,0.867645864561,0.865348437715,0.863209073378,0.861284904214,0.859572310783,0.858036789383,0.856629402029,0.855299642022,0.854007763915,0.852732533161,0.851470585598,0.850229672708,0.849021342415,0.847856313993,0.846742582745,0.845685119287,0.844686249442,0.843746239444;0.874740927249,0.87707298553,0.879668826681,0.882576648621,0.8855849045,0.888114198908,0.891620747168,0.903035528289,0.892542695066,0.883974418406,0.877004621408,0.867494534586,0.86045992698,0.865333985152,0.871998238688,0.890575402831,0.881381338709,0.869509041038,0.870544306573,0.87738400361,0.862758289929,0.84985895928,0.853713960719,0.863521874849,0.873665559226,0.885914318396,0.875034858502,0.871557177079,0.869538267432,0.867782867076,0.866023321574,0.86423205698,0.862476353794,0.860832790692,0.859346045131,0.858021592071,0.856829134821,0.855710540356,0.854598160566,0.853442374981,0.852230066353,0.85097938707,0.84972092819,0.848483114816,0.847286835019,0.846145401552,0.845066109424,0.844051886848,0.843102679152;0.875933417987,0.878588134002,0.881740543991,0.88583005801,0.891817525544,0.894206515816,0.895755130339,0.916039731201,0.896825714443,0.886903134608,0.877477177319,0.856018491299,0.819973177251,0.845388301147,0.846605317125,0.897787530429,0.857223681408,0.837604812778,0.871827976812,0.857091390729,0.845534152909,0.763578591396,0.830007566824,0.855350143649,0.868151854761,0.877986782203,0.871403478714,0.868037683271,0.865891123706,0.864155805172,0.862593227182,0.861128665934,0.859764904718,0.858533890519,0.857464114251,0.856558898282,0.855777732847,0.855025252454,0.854175733273,0.853144864775,0.851941036498,0.850634614554,0.849299268041,0.84798637914,0.846726252103,0.845534983089,0.844419626872,0.84338153262,0.842418594439;0.877113496686,0.880007039846,0.883596293635,0.888762659571,0.898615286905,0.900154064069,0.894433456585,0.895492053224,0.897427675056,0.8941343698,0.884851008589,0.881024347282,0.88287401349,0.839600271217,0.784744582025,0.844930723862,0.834426613356,0.64844949864,0.831202377888,0.860506617909,0.841643550876,0.810319659909,0.836530199206,0.854973950849,0.863266802286,0.868356564219,0.867804460824,0.864894919222,0.862578180927,0.860839864022,0.859426597147,0.858215140816,0.857172770088,0.856313245536,0.85566672301,0.85525119705,0.855025538742,0.854818392429,0.854330119159,0.853363746849,0.852018793141,0.850515044873,0.849000732673,0.847544840534,0.846176869622,0.844908205505,0.843740460442,0.842669664047,0.841688992269;0.878353305643,0.881292070172,0.884954304367,0.890409538435,0.9065160241,0.899042055622,0.893775968532,0.892392659784,0.897815873209,0.888089725966,0.883063182469,0.88223756054,0.871442714838,0.855685273089,0.842827882371,0.843915029637,0.838399194933,0.829674880285,0.843121062327,0.855808509804,0.84811565975,0.846718878407,0.875524989226,0.862759805732,0.863791451387,0.88030703024,0.869618931948,0.862215447242,0.859349871687,0.857622955983,0.856369825459,0.855392954324,0.854642297921,0.854136509993,0.853936606471,0.854128648106,0.85476213931,0.855603198742,0.855773293793,0.854590647473,0.852671631453,0.850691930435,0.84884562904,0.847158204173,0.845629568979,0.844253172212,0.843017096721,0.841906496801,0.840906141052;0.879979091948,0.882605058379,0.885911921027,0.890556395874,0.897847319791,0.901417972815,0.897375652314,0.894524972422,0.892475988592,0.883360509663,0.884905883308,0.881246236503,0.872883603741,0.875745807931,0.855488494437,0.848517216841,0.843447030951,0.841426929043,0.850092604259,0.861066066562,0.848844161608,0.851666409022,0.865420129858,0.865831704217,0.861730033463,0.867315953259,0.863518314533,0.858284958485,0.855815412932,0.8543396195,0.853319009817,0.852587121548,0.852112395284,0.851939391606,0.85218761285,0.853093445263,0.85509962415,0.85865447058,0.860997614327,0.857818651975,0.854044848156,0.851172594027,0.848822439718,0.846804839227,0.845058816379,0.843546197296,0.842230303381,0.841077551111,0.84005962186;0.88322836097,0.884248806721,0.886930068759,0.890993999697,0.896316990293,0.898718593893,0.896062386843,0.890164771043,0.868708669224,0.836122895745,0.862376560105,0.867714734979,0.868727018736,0.868102454958,0.859667050536,0.850393865622,0.843109401805,0.839082584669,0.839631187079,0.841906614679,0.843313823406,0.847823829533,0.859230208955,0.860643346032,0.855895856117,0.855725867821,0.85497755215,0.85334895566,0.851960764103,0.850950721238,0.850229477194,0.849750853929,0.849528689911,0.849639911871,0.850258171347,0.851773942959,0.855266094429,0.865357712581,0.892106697512,0.863133407726,0.855737723008,0.851888302285,0.848901081176,0.846438101827,0.84441687662,0.842748955522,0.841352575438,0.840164121064,0.839137071051;0.892744963889,0.885760209376,0.888255296095,0.893081623959,0.89936665406,0.900311492348,0.899465144307,0.917010509466,0.857488954153,0.816150596866,0.855012311703,0.863669493388,0.86612347931,0.895414797462,0.874276814975,0.849762890956,0.837802928771,0.829061731334,0.825398141065,0.82887154425,0.83466045415,0.840404649028,0.845765688466,0.848625968565,0.849195651631,0.849412461112,0.849275391835,0.848745086627,0.848100476929,0.847531766605,0.847108045237,0.846865508248,0.846855249483,0.847171792648,0.847996338936,0.849706268851,0.853220681219,0.861169506641,0.870888762783,0.8623618305,0.857471918418,0.853107748886,0.849077008423,0.845966115311,0.843622829604,0.841806751517,0.840349709443,0.83914534541,0.838125899128;0.884468633846,0.885463602589,0.889715684287,0.897359306107,0.913739823559,0.904625002583,0.904367364199,0.886956737713,0.856689511,0.844016273201,0.870513954009,0.865524351949,0.862824647001,0.862147989952,0.857624239968,0.842420771191,0.827494287323,0.807197068885,0.789772809561,0.81016985346,0.82489028811,0.83321389442,0.838629051863,0.841984992901,0.843730971214,0.844515595815,0.844750327515,0.844657010415,0.844415398475,0.844161035287,0.843979616075,0.843932079115,0.844082023697,0.844519365693,0.845388639456,0.846931386774,0.84951887295,0.853385095115,0.857476282342,0.862106590034,0.865595775945,0.855954442687,0.849133403783,0.845167942075,0.84255171099,0.840653860075,0.839186963409,0.838002577206,0.837016063793;0.88005884284,0.884463188868,0.892045331443,0.899881770283,0.906260576139,0.900203992431,0.897187677405,0.897820079831,0.893881553239,0.896270964785,0.885631845142,0.869316440869,0.859406985776,0.852018808815,0.843232190209,0.831349359131,0.815906020324,0.782062033951,0.616283867909,0.794237966911,0.817770116968,0.827985628473,0.834133320669,0.837943458927,0.839894357648,0.840684177897,0.840945685363,0.840982091513,0.840928946522,0.840868312203,0.840861097062,0.840959971491,0.841221011279,0.841715478433,0.842541672058,0.843833265356,0.845749139319,0.848458899135,0.852634067945,0.864029859643,0.904963145876,0.857018561177,0.847889450706,0.843670406056,0.841070391372,0.839237066642,