JARID2__poly=[0.888492520647,0.891044190148,0.893727441161,0.896552945659,0.899530662884,0.902667816256,0.905966739367,0.90942445135,0.9130419104,0.916881406107,0.921175489472,0.92595883279,0.929213103372,0.930045883511,0.931601573577,0.934533221099,0.939452832911,0.947615906351,0.94554364236,0.947788594551,0.948705903771,0.95041233341,0.95976541768,0.953299064192,0.953444208362,0.949394165673,0.950066854154,0.953169566665,0.954447500749,0.961719882062,0.969185418859,0.960369773008,0.965454352017,0.970968190815,0.957493334333,0.956270881755,0.954033343143,0.943732523639,0.93383069101,0.926694921363,0.920616365574,0.915206306855,0.910302136501,0.905810717776,0.901668901531,0.897829827203,0.894256911449,0.890920672022,0.887796810394;0.888252526248,0.890894387744,0.893689296022,0.896656159973,0.899815994782,0.903189017629,0.90679013802,0.910624925066,0.914667511694,0.918873805978,0.923944249338,0.933808937487,0.946820902971,0.932953915767,0.931946391926,0.934127255718,0.93921453039,0.950078715058,0.945199397729,0.947695848181,0.952181405484,0.956610790986,0.949071899379,0.950265230208,0.950102056984,0.948110217905,0.948827108932,0.951844167619,0.951951759589,0.953819622519,0.954827866673,0.955826344104,0.959869970663,0.962420451412,0.955893048365,0.952616164468,0.947489232719,0.939563882203,0.931703543314,0.924841510611,0.918845769,0.913494580903,0.908643377698,0.9041996466,0.900100081152,0.896298353502,0.892758753567,0.889452699486,0.886356679394;0.887883928576,0.890607094179,0.893505300071,0.896609190822,0.899958811776,0.903602212123,0.907587660637,0.911974557469,0.916926414232,0.921628817524,0.925357475718,0.933102986884,0.950377751096,0.933787457534,0.932016372029,0.933325187722,0.937539220743,0.950159534892,0.958894355165,0.946997193686,0.948753558187,0.946281577415,0.945368897443,0.95012458729,0.950743666139,0.946341085448,0.946769716677,0.948853310346,0.948509820266,0.949549877196,0.951301228414,0.953968789527,0.959543713023,0.955465178511,0.960640124986,0.955711785706,0.948585009141,0.936765904977,0.928757087436,0.922172684222,0.916405531589,0.911228476695,0.906514454334,0.902181970448,0.898174556399,0.894450569614,0.890977721199,0.887729994462,0.884685816708;0.887374958474,0.890165205991,0.893149380199,0.896371962779,0.89990128331,0.903842070614,0.908333474427,0.913460213039,0.92000619991,0.940563342452,0.925990214353,0.929502169786,0.930671268237,0.933180838627,0.934147673857,0.931909237452,0.935988256237,0.944662575781,0.94424648336,0.946841970874,0.952651820074,0.942720041458,0.941216764594,0.942528835177,0.944093869589,0.941796876843,0.94312088179,0.946133647786,0.942576232017,0.943418418187,0.947195726406,0.952968735766,0.950116843256,0.948272614917,0.949837624693,0.947327797948,0.942014928895,0.932156647247,0.924819947753,0.918731314992,0.913335707943,0.908436867759,0.903936797766,0.899773963583,0.895904734787,0.89229590186,0.88892094323,0.885757930767,0.88278826791;0.886717710932,0.889556012277,0.892598615472,0.895900539461,0.899558338181,0.903761384597,0.908950349402,0.916069639203,0.921224512387,0.92480156499,0.925325180984,0.932765005431,0.924841249336,0.929419537373,0.927925819851,0.928924955608,0.933602930927,0.937645348661,0.939815059749,0.940647170146,0.939590010734,0.937735168681,0.937188076258,0.940268326501,0.939256651855,0.936995502044,0.93704304496,0.937366453374,0.937131045776,0.937611678696,0.939143702084,0.94106246064,0.941032875842,0.940040705096,0.938654315281,0.935745155626,0.931325596693,0.925643104559,0.919922286991,0.914615529894,0.909718673132,0.905178435824,0.9009517362,0.897005339731,0.893312458177,0.889850688696,0.8866008056,0.883546001074,0.880671380575;0.885910930261,0.888776645266,0.891843725844,0.895166692285,0.898846513119,0.903096569428,0.90851394672,0.91840951897,0.922669223071,0.935115442222,0.923723672755,0.92227734046,0.916728872657,0.911558417896,0.916018774411,0.925172738014,0.939519692377,0.936420445341,0.937688161342,0.938737229991,0.935507751442,0.933389319088,0.932952070479,0.934065495273,0.933646629513,0.93240908404,0.932361438702,0.93284231386,0.932447079035,0.932044746568,0.932297235061,0.932772632672,0.933224927556,0.93678015175,0.932659320139,0.927731024112,0.923660757053,0.919224459579,0.914600744065,0.910046789542,0.905679493065,0.901533909515,0.897614629433,0.893915544163,0.890426655319,0.887136631879,0.884033886264,0.881107061577,0.878345257369;0.884962044821,0.887839008456,0.890900620346,0.894187319482,0.897772792203,0.901793017201,0.906483465743,0.911979452776,0.917664656415,0.922625392284,0.923018276052,0.933816028434,0.910418360874,0.857316554971,0.898085827823,0.923486578657,0.93086322896,0.932493570196,0.935920589286,0.934648017627,0.931554826806,0.929544390558,0.928965780455,0.928809822169,0.92855760201,0.928317548653,0.928692811534,0.936334262263,0.92925029081,0.92684025747,0.926255653459,0.926065822043,0.926127260698,0.927061424336,0.924591219108,0.920531359038,0.916878578317,0.913101365923,0.90917987158,0.905228814481,0.901346098517,0.897588902503,0.893985649412,0.890548351066,0.887280011298,0.884178651402,0.881239517957,0.87845633639,0.875822047937;0.883887122487,0.88677123686,0.889814731463,0.893034982666,0.896466946794,0.900170674318,0.904227195301,0.908764086415,0.914700221752,0.922698946409,0.921130672964,0.930100863045,0.954726950608,0.888267017429,0.905449653468,0.925346646642,0.929458129131,0.928470376139,0.931414473385,0.929068539779,0.927030533424,0.926148810515,0.926435082635,0.92587438562,0.925336660706,0.92620095023,0.924777515393,0.924844507199,0.923217487486,0.921551340922,0.920714561625,0.92005928015,0.919316444468,0.918264704496,0.916316701994,0.913553361046,0.910463118406,0.907179023329,0.90375982162,0.900281356739,0.896815937711,0.893417414167,0.890120704242,0.886946430278,0.883905529823,0.881002620842,0.878238246081,0.875610337522,0.873115174538;0.882707961864,0.885614723573,0.888656511506,0.891821959878,0.895107726422,0.898528789787,0.902116224806,0.905921164043,0.909992060475,0.91388327209,0.918223680213,0.932257066609,0.920258271844,0.922607231563,0.924906381186,0.924696004613,0.925955264045,0.92620066096,0.928964550221,0.925595896404,0.923585801405,0.923205516559,0.928611368761,0.924722400204,0.922188373967,0.932152378618,0.920428260059,0.918238455814,0.917181596677,0.91644466152,0.915901951052,0.914969368082,0.913476709356,0.91166806992,0.909538745405,0.907061855085,0.904322726599,0.901403455974,0.898364488686,0.895262717732,0.892151437665,0.889074868966,0.886065986107,0.883147466939,0.880333808309,0.877633440707,0.875050448599,0.872585861573,0.870238592028;0.881445892144,0.884417809943,0.887516729361,0.890692205466,0.893890030575,0.897096178231,0.900328150836,0.903578374704,0.906838852519,0.910185959847,0.914031207448,0.918135402229,0.918926586813,0.922717002637,0.932288777472,0.929920370181,0.928561373855,0.925873536182,0.923560813873,0.92217628281,0.92097040828,0.920171038382,0.920007500321,0.918527299638,0.916725444964,0.915795227296,0.91407867756,0.912621172298,0.911923394441,0.912110894494,0.913188276336,0.911995042398,0.908731608107,0.905927287309,0.90343435421,0.900961787995,0.898401160326,0.895738088917,0.89299260937,0.890197413421,0.887388418832,0.884598929879,0.881856553943,0.879182372902,0.876591427916,0.874093723482,0.871695300059,0.869399184127,0.867206163258;0.880110883446,0.883223968027,0.88650793801,0.889856409381,0.893082029795,0.89613744349,0.899161713848,0.902055563757,0.904696148783,0.907449635424,0.910649542864,0.914272727978,0.917910323564,0.921213262214,0.92522879649,0.934741402512,0.928737009882,0.932812121473,0.921542489838,0.922797614326,0.920666810105,0.919308404593,0.917503888108,0.914315283722,0.911580637126,0.909705704992,0.908202672104,0.907097533328,0.906745557363,0.908142330148,0.918519353006,0.914791669518,0.904501274094,0.900405497486,0.897563266523,0.895053561665,0.892606488635,0.890137257147,0.887628784091,0.88509117456,0.882545015411,0.880013320029,0.87751742974,0.87507517945,0.872700400925,0.870403134099,