JMJD3__poly=[0.314828610717,0.315538950107,0.316281051644,0.317024301964,0.317710358718,0.318243723136,0.318504576671,0.318426828835,0.318146517633,0.318019495412,0.318439834466,0.321148989339,0.327453314342,0.327467097023,0.328724221007,0.329728111974,0.331989590643,0.344755466054,0.353149200308,0.394030056085,0.377194948732,0.355363117683,0.295485823072,0.42444774362,0.434799109112,0.369574613929,0.333497815963,0.305495175582,0.308700806088,0.269239804344,0.196440849912,0.261120740312,0.336422838069,0.183208630273,0.261356487621,0.244813818273,0.225844234539,0.247458439536,0.265707897288,0.272986511579,0.27739918213,0.28054594617,0.282964941325,0.284901249642,0.286490931898,0.287819660928,0.288945767808,0.289911008925,0.290746322062;0.315033123984,0.315849304044,0.316734683967,0.317664101189,0.318567842095,0.31928548272,0.319512835509,0.31886678445,0.317376096145,0.316079438139,0.314725264572,0.307011369736,0.42039771786,0.320892721573,0.318970032082,0.320020689434,0.31632960707,0.286201021425,0.349742529431,0.384019661199,0.406270948868,0.319160643772,0.368898255518,0.416906278462,0.419790600992,0.382869173644,0.357163292249,0.338192591029,0.332611742261,0.314058779931,0.28609874215,0.280639778528,0.260643216575,0.248628798841,0.298208611275,0.281805144575,0.265926646458,0.268158747442,0.273831126757,0.278085004828,0.281074507337,0.283327893016,0.285125729001,0.286611498531,0.287866208843,0.288941049683,0.289871433182,0.290683436567,0.291397061569;0.315189921408,0.316130288121,0.317203122488,0.318416095815,0.319739352799,0.321013705021,0.321697657959,0.320444344425,0.315495799041,0.311161518477,0.313501611825,0.302104527796,0.237528970255,0.302340196421,0.30786895996,0.312157678642,0.311836757655,0.279159526378,0.504654959554,0.348418135054,0.360230862064,0.360692633853,0.373782847354,0.441149343328,0.448868371058,0.387755884204,0.363337648576,0.361318643719,0.348078204437,0.336442973315,0.318161181033,0.307832199323,0.253420994783,0.326848771151,0.445934125114,0.344178730962,0.268114389201,0.278913150054,0.28179364715,0.283542776159,0.285007444407,0.286286368918,0.287418477413,0.288427346822,0.289329134935,0.290136465244,0.290860154281,0.291509839247,0.292094171324;0.315263805005,0.316330627957,0.317612881926,0.319185307329,0.321155737468,0.323635915141,0.326393781591,0.326791564595,0.314748561418,0.241865400793,0.32149424077,0.332543979789,0.307613567614,0.286958248638,0.284577344975,0.305895335496,0.306001514958,0.287350191473,0.317771902779,0.316289752718,0.347764706663,0.353102279061,0.358618931676,0.375062829298,0.392106838482,0.361259394778,0.334210668765,0.30957681546,0.325489077074,0.320543780739,0.314886654069,0.287745711759,0.291537257573,0.335235418229,0.380384860841,0.328102099354,0.286147364217,0.288635937786,0.288739451908,0.288595809544,0.288772040162,0.289171214027,0.289683341471,0.29024016053,0.290802851186,0.291350017581,0.291870439893,0.292358883973,0.292813632149;0.315212481511,0.316381704818,0.317846147367,0.319757599891,0.322422418737,0.326567668529,0.334297550831,0.350653455737,0.339124386524,0.31383116444,0.33033676036,0.400511874998,0.319662684597,0.283221636192,0.292884156676,0.305979908312,0.309624537043,0.307335822768,0.306179060823,0.311838915432,0.326879023923,0.337310876272,0.34114793383,0.329241021327,0.335527984554,0.338708213714,0.328519993684,0.320175422588,0.317531977794,0.314476226443,0.31000399913,0.303822479169,0.309948008924,0.329543233389,0.33568159734,0.321438066276,0.305509446537,0.297804910628,0.294483527664,0.292840116481,0.292058906271,0.291774909776,0.291780564999,0.29195274093,0.292217558729,0.292530261635,0.292863582514,0.293200953258,0.293532456002;0.314995672139,0.316216216605,0.317779811909,0.319875178197,0.322898740563,0.32786615322,0.338325054712,0.378206075371,0.363182674236,0.274209902302,0.31963840474,0.322068689457,0.319510662352,0.314411975804,0.308945327295,0.307331498777,0.309187098113,0.326728903175,0.300759994884,0.297337724611,0.316240312964,0.328727270351,0.332121524614,0.326663572566,0.32601974842,0.326353429401,0.320051429632,0.312357241379,0.310495020566,0.310707394887,0.310247932287,0.311766267593,0.322056180879,0.37186911474,0.348241318507,0.321025230408,0.309287724518,0.302331145655,0.298318904137,0.296011175831,0.294690500205,0.293966569212,0.293613344909,0.293492921993,0.293518705793,0.29363535098,0.293807051641,0.29401046204,0.294230312152;0.314584205478,0.315789831355,0.317343895816,0.319411708844,0.322294639938,0.326608381852,0.33356769182,0.343583516216,0.351228184212,0.35395914118,0.321743376056,0.274113429688,0.32390382434,0.35422580846,0.316221521527,0.294041437404,0.310331261357,0.318123497042,0.29902302629,0.303820420093,0.316896507192,0.327377803151,0.331629678958,0.329981449491,0.324871237399,0.318928518426,0.310891837663,0.27289261452,0.299402009385,0.30717676391,0.309040538856,0.312068220774,0.320648765179,0.341391586304,0.334802662131,0.318081817033,0.309393380931,0.303966676801,0.300419580569,0.298113652891,0.29663221031,0.295699852654,0.295135668799,0.294819667481,0.294671326946,0.294636080703,0.294676654122,0.294767420502,0.29489067769;0.313962482063,0.315086453395,0.316539694797,0.318440241157,0.320936640512,0.324218237514,0.328522481586,0.334485971343,0.349268152087,0.379664762972,0.324047035847,0.321064048012,0.174113613417,0.326498317793,0.308099978168,0.280126048469,0.288229796244,0.315432923093,0.345122722884,0.329802450256,0.325613951545,0.3319405198,0.342352901078,0.337720134145,0.322155787895,0.307347192111,0.305562917864,0.299525370381,0.301563618164,0.304878547272,0.306216408848,0.308385296771,0.312592541533,0.3172066467,0.316844172658,0.31226330473,0.307668864935,0.304040507045,0.301327267105,0.299359521287,0.297965843605,0.296999910462,0.296347155499,0.295921620471,0.295660077465,0.295516431709,0.29545719818,0.295458071378,0.295501399417;0.313122568054,0.314098785736,0.315388742709,0.317096577777,0.319282064052,0.321876894683,0.324658391793,0.327427898435,0.329820314426,0.326179903143,0.309442001505,0.257309681445,0.29676740785,0.298468004768,0.308726948165,0.289091147935,0.292611680556,0.310925689909,0.350798737054,0.332854649985,0.327782288024,0.33606940239,0.38981977827,0.357705986323,0.320403402969,0.266142718135,0.30309030441,0.304822586245,0.303652367088,0.302359945745,0.301246107565,0.302193753367,0.305226524306,0.308044048735,0.308846925886,0.307645440498,0.305564122497,0.303419932424,0.301541639577,0.300015492107,0.298829271797,0.297935469529,0.297279306582,0.296810278398,0.296485890613,0.296271989605,0.296141805351,0.296074652936,0.296054680198;0.312057179131,0.31279793092,0.313844343167,0.315377727776,0.31753612785,0.320146587787,0.322496090516,0.323436487839,0.3217350291,0.316049515688,0.305468444923,0.293193551462,0.295057067637,0.30132474418,0.275239971259,0.267256242809,0.273914416156,0.292267621311,0.31044495947,0.317781939066,0.323796526211,0.332781304016,0.341033573587,0.335198093782,0.32106460974,0.310872954755,0.307820355431,0.30598156045,0.302824219767,0.2976125943,0.290146456291,0.290644148394,0.297721862639,0.302305810844,0.304291730694,0.304531242279,0.303791230148,0.302644742302,0.301430894016,0.300315915639,0.299364894888,0.298590193157,0.297979499145,0.297510974012,0.297160879767,0.296907066394,0.296730296901,0.296614510283,0.296546607402;0.310766017643,0.311123158183,0.311706634284,0.31289981536,0.315360912835,0.319254895477,0.323292524942,0.324603036221,0.320979576418,0.313818392918,0.30478761685,0.295170270723,0.287382206818,0.283057249714,0.273879454089,0.24086458606,0.266060796962,0.253997323185,0.299839510749,0.298879814628,0.317129284505,0.340763084655,0.330292461796,0.323365313245,0.318668163703,0.313747120208,0.309939088083,0.30647946477,0.301740736328,0.292300210061,0.255432743524,0.263369945872,0.29095171363,0.298643529271,0.301588856477,0.302559602396,0.302521059596,0.301976493524,0.301223169218,0.300431548129,0.299691189339,0.29904249029,0.29849777141,0.298054488579,0.297703087884,0.297431437057,