JMJD2B_OAC1=[0.00491154013557,0.00480788149403,0.00470195083596,0.00459495576152,0.00448846021606,0.00438287520982,0.00427828984305,0.00418694892003,0.00412830362842,0.00404948633054,0.0037249930832,0.00365228269234,0.00379090548956,0.00329912642412,0.00369445488512,0.00401784954295,0.00401065620877,0.00436405735611,0.00511877616259,0.00571232501479,0.00626512656212,0.00676836819731,0.00709107225697,0.00758917863305,0.00871499693897,0.00979632540159,0.0109170267813,0.0121504213919,0.013526239676,0.0150930911302,0.0169429524343,0.0190582635754,0.0213492025714,0.0237519172424,0.0262065655747,0.0286312016232,0.0309158127452,0.0329330504576,0.034563197129,0.0357241948705,0.0363913896474,0.0365967909336,0.0364113496166,0.0359223787111,0.0352158908199,0.0343667551222,0.0334351187561,0.0324665315769,0.0314938092662;0.00473738942152,0.00461760026073,0.00449209089925,0.00436201645361,0.00423074320959,0.00409810842108,0.00394581591085,0.00375341852352,0.0037644745407,0.0037862814963,0.0036976227376,0.00364749487978,0.0036796660092,0.00366107490909,0.00361728687303,0.0037314405707,0.00381133585755,0.00461041935569,0.00511534346936,0.00546022786354,0.00608369760845,0.00678649092066,0.00744524348836,0.0081765884653,0.00902782696591,0.0100253972035,0.0113114383376,0.0127722199774,0.0143760895186,0.0161723182087,0.0182131596153,0.0205189236144,0.0230732701646,0.025837512795,0.0287459371333,0.0316881556378,0.0344981419581,0.0369674305394,0.0388921950854,0.0401383984705,0.0406836088535,0.0406072244863,0.0400444613705,0.0391398984844,0.03802015755,0.0367844918322,0.0355052403414,0.0342320903231,0.0329971511795;0.00456636508095,0.00442946958526,0.0042808884034,0.00411892558382,0.00395113092143,0.00379716088067,0.00360700603408,0.00315476336415,0.00339754269986,0.00351828465243,0.00346978795388,0.00328802351159,0.00332168853174,0.00360827488778,0.00374680925016,0.00346925442987,0.00398209680401,0.00460162127926,0.00492857546396,0.00503657659584,0.00584607067678,0.00661241279245,0.00746387515337,0.00833243959497,0.00899402716021,0.0092854742345,0.0114989451379,0.0132817629661,0.0151138364635,0.0171380987341,0.0194253431587,0.0220225887256,0.024955183479,0.0282210222452,0.0317720266503,0.0354801499769,0.0391020658907,0.04228248938,0.0446452212872,0.0459533638285,0.0462117255692,0.0456188691608,0.044439326653,0.0429101293205,0.0412094872752,0.0394596332589,0.0377390509593,0.0360945313766,0.0345509701738;0.00440052898349,0.00424731000294,0.0040739064283,0.00386569591392,0.00359232749804,0.00343685017323,0.0033045668867,0.00258934473363,0.00307937019147,0.00322075946199,0.00318161273218,0.00276413849695,0.00257284915925,0.00339656689624,0.00365751516205,0.00286467979226,0.00416669892659,0.0045174551253,0.00420040737495,0.00536926253115,0.0056574324479,0.00550800643407,0.00729178630795,0.00840594767409,0.00920949075904,0.00986851281275,0.0118569837854,0.0137715272613,0.0157935163665,0.0180428972606,0.0206034281025,0.0235528109842,0.0269632917431,0.030891035279,0.0353447898312,0.0402169899387,0.0451744248633,0.0495821297995,0.0526580550812,0.0539257807253,0.0535186306523,0.0519563606447,0.0497612437309,0.0472991654854,0.0447933770751,0.0423720320116,0.0401030732999,0.0380164756188,0.0361190337432;0.00424121102659,0.00407578978569,0.00388324693287,0.00363510035979,0.00323511697596,0.00309974269829,0.00317737400755,0.00304223300142,0.00288545587712,0.00286807286993,0.00294600678121,0.00274676225528,0.00253268416397,0.00297928938765,0.00342942398124,0.00405275921394,0.00441038374744,0.00370922707563,0.00492170163771,0.0050965365703,0.00592213695875,0.00630722931971,0.00735297719764,0.00846454295884,0.00954977248578,0.0106621889077,0.0122475706213,0.0142324432553,0.0164289495891,0.0188941090154,0.0217330384675,0.0250651630572,0.0290281105555,0.0337774390813,0.039461213502,0.0461209175634,0.0534255531155,0.0602360235485,0.0646460785953,0.0654720428639,0.063440668437,0.0600111571171,0.0561558476481,0.0523308749038,0.0487382834346,0.0454646196822,0.0425348393407,0.0399391123438,0.0376499520709;0.00408653415027,0.00391673297598,0.00371856110602,0.00345797997393,0.00286630321185,0.00299026684356,0.00301948523446,0.00292233049415,0.00266279632956,0.00284850142066,0.00294997864536,0.00293841540229,0.00316137828339,0.00343676568168,0.00385543964607,0.00431759246146,0.00469203199776,0.00497745425665,0.0052078109006,0.00549116653768,0.00630846983056,0.00689496247262,0.00642469613319,0.0083439507812,0.00965108788775,0.00976375353404,0.0121559866105,0.0146368411228,0.0170225742801,0.0196782647506,0.0227731355367,0.0264792339392,0.0310175990617,0.0366932481008,0.0439279371803,0.0532375563324,0.0648762675348,0.0772887877637,0.0848884560894,0.0834874561921,0.0771285560414,0.0701149489238,0.0636668486289,0.0579420252301,0.052941182636,0.0486276934098,0.0449343983722,0.0417783752952,0.0390760553777;0.00392633654444,0.0037652917136,0.00357667253903,0.00333902132968,0.00301367943126,0.00278599267169,0.00274063752368,0.00261584180855,0.00246084533043,0.0026199575611,0.00274061877711,0.00298680046063,0.00331259057632,0.00333162344433,0.0040441064639,0.00449732564472,0.00490951443846,0.00526636587258,0.00540757446088,0.00553248091399,0.00664841964242,0.00724376225978,0.00741300719949,0.00843873982619,0.00995333491459,0.0109089196743,0.0127919892569,0.0151388923156,0.0175877461983,0.0203691643189,0.0236634794589,0.0276833373162,0.0327327204103,0.0392893969595,0.0481641306369,0.0608350306554,0.0800323252762,0.108453700544,0.128632411623,0.113870254972,0.0952989101193,0.0821952023932,0.0721429942968,0.063942384348,0.0572031167612,0.0516836216097,0.0471579228066,0.0434238538462,0.0403147588998;0.00372206992743,0.00361232984623,0.00344346435094,0.00322357371133,0.00295422556867,0.00274448364213,0.00261673067875,0.00245148598133,0.00230211897656,0.00256761982171,0.00296128375251,0.00326094232808,0.00348557542079,0.00368834738229,0.00411296211818,0.0045997535405,0.00506485611079,0.00549016840494,0.00588525995247,0.00637175654066,0.00702544197093,0.00764151458711,0.00796299015126,0.00892432125529,0.0104742647781,0.0119135059341,0.013615800282,0.015682488286,0.0180908624999,0.0209233185075,0.0243349638169,0.0285564819395,0.0339463116359,0.0411065398903,0.0511577407321,0.0665207539102,0.0938564108271,0.161745513504,0.331839574093,0.156662725122,0.115292813444,0.0957212862308,0.0813285616634,0.0699989852124,0.0611991870495,0.0543731927891,0.0490167107285,0.0447430915698,0.041273944354;0.00333262479712,0.00347205995339,0.00331157584402,0.00307465489752,0.00278586665529,0.00261933046983,0.00243834674282,0.00174261529909,0.00217495793464,0.0025065369307,0.00295374434646,0.00331485080052,0.00356894117388,0.00296014835114,0.003728014173,0.00463534573076,0.00517752004465,0.00564138060588,0.00611774586174,0.00668355226295,0.00733632263805,0.00803294761872,0.00878254781225,0.00974585504701,0.0109835719946,0.0124204628541,0.0141022114234,0.0160968884927,0.0184628790231,0.0212905498275,0.0247278896785,0.0290050324859,0.0344866347056,0.0417846194509,0.0520162970689,0.0674791994195,0.0937655552414,0.146879449656,0.210166990089,0.161593919387,0.135310844895,0.112227091048,0.0911346193753,0.0755219502085,0.0644189438979,0.0563492387721,0.0502888180317,0.0455951238386,0.0418628277108;0.00350000146277,0.00339192294273,0.00318442183708,0.00287837636775,0.00233426014917,0.00246231600046,0.00230495898661,0.00242765160415,0.00240169943911,0.00240578478587,0.00275903304097,0.0033082504119,0.00366754985235,0.00389684626136,0.00419137359244,0.00477382929807,0.00527647508546,0.00567833504422,0.00607736720985,0.00679860928276,0.00754479598962,0.00831110127239,0.0091534641743,0.0101415239221,0.0113279720129,0.0127345456951,0.0143907740793,0.0163449523827,0.0186627891828,0.0214383935755,0.0248120825007,0.0289951452078,0.0343122104243,0.0412792084094,0.0507477015625,0.0641501552727,0.0836878795729,0.110700034189,0.13873213394,0.169668974853,0.193405711435,0.138301846808,0.100213111551,0.0791782537745,0.0661105961822,0.0572123525459,