KDM5A_OAC1=[0.688205477701,0.687846536401,0.687301520837,0.686555538806,0.685583146548,0.684063269121,0.681269484998,0.678200012193,0.678373273558,0.675865978435,0.636267596785,0.64821169998,0.717903789503,0.77424248942,0.757719951171,0.736837477327,0.693696518636,0.694771324112,0.740747883203,0.751451500285,0.758265652147,0.76495865722,0.776221478777,0.780989112928,0.769091792438,0.760940988989,0.753684526997,0.745125576673,0.735080740282,0.726681685815,0.724108452626,0.725483645639,0.727293228063,0.728526763991,0.729238704515,0.729610288873,0.729761337364,0.729749061697,0.729594141858,0.729304306595,0.728889502913,0.728367512592,0.72776243313,0.727100347108,0.726405508133,0.725698225186,0.724994227564,0.724304914982,0.723638008807;0.68679070151,0.686179640273,0.685181401745,0.683741211481,0.68211651544,0.680123316269,0.673683677141,0.654922095677,0.664237463376,0.67372976727,0.6682913342,0.676547950938,0.702220270608,0.727165499667,0.741150270486,0.715711157028,0.729219381642,0.718750061535,0.732783344807,0.753971531792,0.760543326466,0.76246430189,0.765065981301,0.765334099876,0.763196689541,0.759233168419,0.751346256088,0.743288435317,0.73648686931,0.731451281656,0.728802340876,0.728134941138,0.728409469087,0.72892425598,0.729414123031,0.729811344403,0.730095120618,0.7302404989,0.730216743361,0.730003949939,0.729606647771,0.729053327398,0.728385275523,0.727644655319,0.726867502425,0.726081480431,0.725306256965,0.724554863497,0.723835231002;0.685545962324,0.684735714681,0.683166129828,0.680231689243,0.676592542882,0.676575662626,0.67542093311,0.615870629741,0.66045216336,0.678127739705,0.675173105074,0.677952781062,0.687507309687,0.70447176416,0.716791680554,0.707957026078,0.712241856541,0.715310904058,0.711465554712,0.760727260895,0.765928638761,0.767385643845,0.764428862757,0.76125461898,0.764688893194,0.778261901957,0.750786684034,0.74049696719,0.735111231096,0.731775625176,0.729860482223,0.729048002121,0.728954327623,0.729244974883,0.729713238272,0.730241748627,0.730739518987,0.731107525998,0.731247108341,0.731098385202,0.730667508638,0.730013491215,0.729212790561,0.728333320521,0.727425809578,0.726524733827,0.725651876147,0.724819821523,0.724034800164;0.684554925234,0.683773551342,0.681951907186,0.676426022594,0.658910394498,0.661667545119,0.692050782534,0.754116724415,0.707600745334,0.691088664667,0.669565264185,0.633472014899,0.649779695799,0.693972936836,0.721203970753,0.800426454669,0.732936607915,0.718946759874,0.612819797584,0.738439377412,0.773434571092,0.806684635027,0.770167941729,0.758515966051,0.756674133641,0.760892155422,0.741453702824,0.73419809832,0.731486956011,0.730049382519,0.729219672544,0.728887805938,0.728980127489,0.729404384867,0.730075752715,0.73091184716,0.731794847667,0.732537834801,0.732918883298,0.732803644209,0.732229881233,0.731344787914,0.730296636764,0.72918955598,0.728087149634,0.727025840212,0.726024734922,0.725091957477,0.724228886053;0.683811347264,0.683390221662,0.682721815693,0.679559780541,0.652575835734,0.651567331294,0.69667197197,0.71373257485,0.723844840765,0.712581751554,0.671440988185,0.575876913217,0.526479748116,0.720224421344,0.740410367922,0.73098500735,0.734553469958,0.792377783144,0.744185015576,0.770273331344,0.768451923076,0.781094944493,0.769219513455,0.755252278581,0.739474060126,0.72313549485,0.7194462736,0.723809233527,0.726377607,0.727397608019,0.727826742276,0.72817448583,0.72867610454,0.72943555757,0.730500112633,0.731872889985,0.73345303547,0.734915216217,0.73571844951,0.735524555916,0.734535597806,0.733163135967,0.731682726029,0.730224289031,0.728845704862,0.727571887212,0.726410021436,0.725357181708,0.724405233843;0.683214185137,0.682959585594,0.684146591606,0.689397810556,0.726326532627,0.708463654065,0.710331975006,0.719548588664,0.737065143019,0.696821499266,0.653555987021,0.608626590047,0.639429249179,0.696467794768,0.716990424186,0.722930705211,0.72986766945,0.739700398461,0.752991041335,0.766572500719,0.760506851334,0.764555061368,0.80011843922,0.758183988442,0.723746717047,0.630239480122,0.681223474389,0.713399556979,0.721795270068,0.724890062994,0.726333251256,0.727280408666,0.728210745219,0.729378078287,0.730967849335,0.733150908321,0.736009063839,0.739107501323,0.740865601432,0.74008988924,0.737917912111,0.735568182172,0.733388015524,0.731423428149,0.729675568648,0.728134675125,0.726781995661,0.725594014766,0.724546808992;0.683094921779,0.681447225589,0.682351102778,0.689462204646,0.709497474671,0.726846883381,0.730454923386,0.741223585987,0.749371026053,0.694027793806,0.618401313741,0.621583209426,0.679472524086,0.729353485095,0.715657961711,0.720482651097,0.726411499373,0.734923841097,0.753841991857,0.772702615501,0.753588603791,0.756881224994,0.772713748898,0.759421437309,0.724483389629,0.678906636705,0.690944057175,0.712121366604,0.719953018075,0.723345409481,0.725151666981,0.726429518037,0.727677317883,0.729214832994,0.731356633325,0.734561090549,0.739621961061,0.747318295251,0.752706041891,0.748189692353,0.742589532423,0.738545194948,0.735373875309,0.732736382179,0.730523109166,0.728666280158,0.727102111223,0.725773239566,0.724632161018;0.686466150016,0.678398871362,0.675222013289,0.679295164483,0.695252977419,0.713848166888,0.728199729734,0.746344622434,0.760779545085,0.727546670631,0.688677335873,0.683842158398,0.698834877303,0.718760559059,0.721739127099,0.721754288389,0.724283381774,0.730010295034,0.738207666694,0.743619058531,0.744163321132,0.747556596564,0.760158146021,0.752867415163,0.730452267698,0.716268630584,0.713187124281,0.71695199137,0.720483733337,0.722785490622,0.724363700379,0.725684717344,0.727085303066,0.728864712332,0.731409595644,0.73544384897,0.742880298803,0.761858897367,0.809958686326,0.759860768254,0.747802722916,0.741948640143,0.737571514643,0.734071332358,0.73129823,0.729095047472,0.727318672078,0.725859101244,0.724636947886;0.706563412877,0.672305710484,0.661590430776,0.657728729061,0.669897130992,0.693872747814,0.723695266178,0.805909711756,0.762170103225,0.735817732776,0.708302055948,0.700437820727,0.708798043227,0.78304753521,0.754402890662,0.724739276011,0.722178662348,0.726140472835,0.731262179385,0.734327407724,0.735982183621,0.73792225502,0.739661148765,0.736868275764,0.729806528253,0.723565728832,0.720580915117,0.72045514026,0.721469743752,0.722653113745,0.723798845536,0.7249893326,0.726393376443,0.728240239261,0.730885181825,0.735005622653,0.74220924272,0.757069130493,0.774864113978,0.760784051253,0.753049425925,0.746222027008,0.739959321278,0.735262244868,0.73185706336,0.729323637773,0.727370113624,0.725813172,0.724537050336;0.67853873667,0.659495217952,0.641279699888,0.617585532981,0.565803439608,0.657347209235,0.70681039972,0.694753144875,0.701233954284,0.720308986564,0.719965935459,0.704115709326,0.706886829275,0.719737433437,0.727511587973,0.718675890613,0.718018278971,0.72520651576,0.734076438152,0.731138653243,0.730202906945,0.731011666446,0.73163438494,0.730622919308,0.727917836769,0.724893992802,0.722794150253,0.721932977603,0.7219605253,0.722467002144,0.723242747038,0.724250901974,0.725560225145,0.727320346078,0.729783048578,0.733365724644,0.738704100686,0.746187830956,0.75397997814,0.762620430745,0.769219855218,0.753259189563,0.742154579362,0.735928907055,0.731985630793,0.72923915606,0.7271959092,0.725601937924,0.724313333658;0.663728596803,0.646526705303,0.613832913246,0.583016144005,0.562824643054,0.613457573694,0.635698404098,0.640385030742,0.610061863833,0.587964086419,0.713776460248,0.702237921269,0.699970825554,0.703562935316,0.706235191304,0.706705157921,0.709834794446,0.72349484617,0.785427705971,0.728446212896,0.725309415674,0.72631056711,0.727768103636,0.728177029845,0.726961425594,0.724954447243,0.723225639838,0.722207837017,0.721867932904,0.72203227365,0.722563064981,0.723404290523,0.724574958434,0.726158639655,0.728303480611,0.73122548838,0.73518567942,0.740463104627,0.748193654148,0.768172781866,0.838297165479,0.757190795723,0.742153865968,0.735446221808,0.731463248428,0.728753553489,0.726757441927,