KLF4_OAC1=[0.504546767781,0.503256460409,0.50180633218,0.500379703242,0.499249933379,0.498618435987,0.498655578897,0.500920637843,0.508121099506,0.51481966996,0.492984357207,0.510171868069,0.573864933556,0.646042765639,0.611234841016,0.582422635315,0.598342574244,0.588083887407,0.543197341735,0.516038725721,0.500625497719,0.488847263803,0.468563153145,0.462035564054,0.490389565561,0.506919966129,0.512653858304,0.510763261352,0.504361762724,0.498232555559,0.496690545542,0.498698899798,0.501586148265,0.504361501429,0.506864426863,0.509102169591,0.511082046962,0.512789007278,0.514197969635,0.515292577779,0.516078242431,0.51658392305,0.516854672071,0.516941290865,0.516892163845,0.516748817343,0.516544478869,0.516304391437,0.516046926438;0.503686232492,0.501651374382,0.499080421232,0.496142131688,0.493335784302,0.490897565983,0.486879133271,0.478339036747,0.495921300256,0.516257150458,0.524870480861,0.540827362028,0.563939947406,0.582989526913,0.592384570411,0.56221155216,0.58209625671,0.539199506856,0.509337610405,0.47522484104,0.472072997698,0.47668922414,0.478753123299,0.48618784104,0.501243401277,0.51312292173,0.513047259221,0.509256701508,0.505435077987,0.502577164723,0.501558122242,0.502293275213,0.504042149617,0.50620809377,0.508489051202,0.510734527178,0.512837053997,0.514692881313,0.516208218104,0.517325751093,0.51804348114,0.518409110257,0.51849683844,0.51838421603,0.518138696102,0.517813168307,0.517446397112,0.517065320002,0.516687709839;0.503306575955,0.50042542602,0.496317633965,0.490757318711,0.484673968448,0.480953695962,0.474367085672,0.434260358352,0.488876970594,0.524430967873,0.544650971966,0.568308593393,0.57199670503,0.559388947185,0.545987391985,0.53763020594,0.526952649763,0.507199875494,0.472607159741,0.426076613484,0.443152662586,0.455304650844,0.471803933358,0.490291994633,0.518078408569,0.561292550037,0.519563253959,0.508762998209,0.505038759401,0.503521898318,0.50331607325,0.504154360462,0.505754673756,0.507840743936,0.510203100925,0.512676434458,0.515090439797,0.51724670406,0.518950348792,0.520083225414,0.520651420418,0.520758972489,0.520542672916,0.520124852817,0.519597708155,0.519024855481,0.518447587637,0.51789101496,0.517369047076;0.503799533504,0.500168359292,0.494331507313,0.484323008071,0.465677849153,0.462368795775,0.465580260484,0.394878758227,0.527998958476,0.541974866248,0.561960757659,0.598018072865,0.590810306456,0.55064705293,0.520607099962,0.383742199477,0.507655856741,0.498065541137,0.399363894613,0.445257597889,0.421384113968,0.375222630319,0.458259654118,0.489189676492,0.513613377632,0.539906698323,0.513226227314,0.504733799805,0.502840606831,0.502801407977,0.503578903167,0.504966581979,0.506887109726,0.509263010826,0.512008312926,0.515005034436,0.518046228336,0.520790946655,0.522836176638,0.523940213476,0.524171798022,0.523794899807,0.523074437633,0.52219627526,0.52127428789,0.52037436935,0.519532027646,0.518763595597,0.518073678392;0.505642238106,0.501687116097,0.494918315888,0.481554995078,0.446710940963,0.446167789604,0.478659058288,0.494471818953,0.535830133862,0.564316087649,0.57609078276,0.613338001338,0.648872867812,0.575319597729,0.48780483641,0.498517456512,0.504368539264,0.604637507572,0.466843958453,0.413379285547,0.434770942396,0.431852533712,0.476497333814,0.49569523883,0.497678094285,0.493953229062,0.493190733964,0.496562308223,0.499187812422,0.501200890077,0.503106322259,0.505199089656,0.507643223689,0.510535408595,0.513935166637,0.517839979553,0.522062355575,0.526013989578,0.528727867856,0.529608255066,0.529024434061,0.527713309502,0.526165352295,0.524610840513,0.523152202003,0.521833835985,0.520669239556,0.519654474765,0.518776756277;0.509357553617,0.505561821795,0.499587432209,0.488059982799,0.429280566167,0.47115413578,0.493681572888,0.491937801096,0.45858456021,0.512659320753,0.551372032338,0.579904121138,0.561023870415,0.533472517887,0.510216973181,0.500102802599,0.495612927061,0.487775950551,0.455649043451,0.429863285444,0.454956644484,0.480852098101,0.579222489233,0.519795603836,0.490950855782,0.428776456409,0.465108147201,0.48851166053,0.495746207811,0.499541964583,0.502410711185,0.505159800877,0.50816303064,0.511674800376,0.51594219125,0.521232023,0.527668239424,0.534459386133,0.538786520255,0.538547812881,0.535789850899,0.532682078467,0.529838330717,0.527337717606,0.525180681962,0.523349181447,0.521810070083,0.520522469929,0.519445302506;0.51591833363,0.511698254249,0.507333920113,0.504247232577,0.511505267731,0.53053346492,0.52279746852,0.504221778584,0.439010926815,0.489064059958,0.557181381232,0.557473785135,0.512114170095,0.457165657567,0.494589024676,0.491885431583,0.486111333845,0.475345763724,0.444430473442,0.415934101702,0.46569575796,0.493307188919,0.541540767711,0.533698815761,0.495477380831,0.462230876211,0.471142057501,0.487069802981,0.494189347324,0.498458085211,0.501815833054,0.505021658014,0.508495956681,0.512598563338,0.517792108103,0.524844837341,0.5351404212,0.550034215016,0.560708727136,0.553735453297,0.54483221052,0.538667051924,0.534019073576,0.530282784401,0.52726113001,0.524832464044,0.52288349484,0.521313267802,0.520038899764;0.529582055371,0.519423573785,0.514516103568,0.515486617902,0.52660387083,0.53271608971,0.515197261734,0.493412017229,0.452115656814,0.464719457053,0.495930010996,0.502060205217,0.495232962705,0.486265873136,0.484152948501,0.481447773427,0.478210654655,0.471685960077,0.462345764434,0.46054539439,0.472987875884,0.491824191376,0.527939960162,0.526064100518,0.498696755481,0.487001130325,0.485608717254,0.489807217322,0.494218083977,0.497977343362,0.501395171452,0.504830350279,0.508614704665,0.513138986885,0.519017476248,0.527498178777,0.541954369962,0.576803507744,0.663071186376,0.575200994511,0.554817946121,0.54540430072,0.538581209947,0.533280580938,0.529232002057,0.5261550049,0.523796109516,0.521961574141,0.520512384125;0.568463808622,0.52529323848,0.518473874225,0.52041680318,0.531811480823,0.534584498595,0.512896231601,0.578477212223,0.477834951876,0.470859472097,0.467475678251,0.47696057659,0.487659231967,0.593832968738,0.437029820232,0.468191311996,0.470370852245,0.466522552151,0.463260793118,0.46578297015,0.473586223342,0.484221124878,0.494958122033,0.497753226928,0.49331287397,0.489770985623,0.489361916503,0.491405730493,0.494449998979,0.497714081026,0.501044253578,0.50455238619,0.50846960065,0.513151434414,0.519196994453,0.5277893357,0.541763613021,0.569193758311,0.601642173426,0.57762531351,0.564845050491,0.553667799807,0.543482272501,0.536036861687,0.530838846254,0.52714416288,0.52443794167,0.522397881492,0.520821275355;0.535884783921,0.521823164603,0.5175084108,0.524736728839,0.493867508196,0.535823878286,0.553069759032,0.487838270419,0.467111139838,0.436815401177,0.418197922633,0.45304040561,0.469858744747,0.477349929187,0.457301715938,0.462914160419,0.462992247339,0.454701405523,0.446143697688,0.458990514725,0.46961078313,0.477337721673,0.483068865757,0.486090858485,0.486987886746,0.487618913659,0.489054900898,0.491376194169,0.494243238866,0.497364905307,0.500646387118,0.504150503498,0.50805104057,0.512634091375,0.518355068286,0.525956980514,0.536563120228,0.550852135751,0.565566549239,0.581665226961,0.594067024604,0.566772841781,0.548047249219,0.537884498562,0.531706309734,0.527601226057,0.52470150583,0.522561661112,0.520930027464;0.520316096623,0.514421727875,0.50350724253,0.520367167945,0.54519653808,0.52680442358,0.510037374137,0.486413478825,0.428615385248,0.360308228358,0.383747838066,0.43158573419,0.454795346318,0.462662553909,0.462567318816,0.461004578249,0.45719646209,0.441253042142,0.349161016928,0.451228490239,0.465531610493,0.471809040682,0.475236845088,0.477683039322,0.480552536396,0.483855586071,0.487167552154,0.490414334059,0.493637117369,0.496870736827,0.500169632313,0.503632772955,0.507412673514,0.511726787378,0.516878273286,0.523273278672,0.531386144046,0.541714819254,0.556260986414,0.59224134266,0.716089332707,0.574404479292,0.548769173663,0.537732548771,0.531449556457,0.527371922488,0.524518058786,