LATS2__poly=[0.694904882173,0.695931825261,0.69711122946,0.698433400311,0.699870664923,0.701366147404,0.702812879442,0.704005705602,0.70453623001,0.703703332375,0.700816609855,0.697915493815,0.704281920815,0.711791024104,0.717008463621,0.723718237174,0.73153485563,0.75549476537,0.758974371212,0.77357707014,0.771380794578,0.762594251868,0.807283350611,0.758602403027,0.725928574905,0.75965287256,0.769896788854,0.78391497177,0.784395407368,0.7830246327,0.799140482715,0.794331992286,0.841991799939,0.874799517315,0.822364696936,0.821217985499,0.823256328702,0.802742422813,0.786360175087,0.77852217134,0.772806181533,0.768089177229,0.764030472418,0.760474223376,0.757325147077,0.754515027936,0.751991314281,0.749712104214,0.747643360101;0.692745187465,0.693771346726,0.694993391893,0.696414026867,0.698019578334,0.699768244637,0.701571699209,0.7032485478,0.704241313193,0.702723630702,0.694785835782,0.660772665528,0.732203768197,0.715216027607,0.723790429168,0.729287874621,0.723871282314,0.653870094496,0.756999802748,0.7746053205,0.782205161972,0.670086489695,0.74216253785,0.756657300649,0.753536526136,0.751043324959,0.744852574195,0.751916988842,0.773565747005,0.778551632264,0.778311094349,0.786719006694,0.810517652711,0.83418143671,0.81269742863,0.780232287547,0.778273381065,0.786874074704,0.781527036729,0.775546583852,0.770415211249,0.76602767884,0.762216091263,0.758861433952,0.755880450837,0.753211728086,0.750807818915,0.748630901292,0.74665020107;0.690329259338,0.691336453006,0.692594788884,0.694129173234,0.695957249495,0.698081007716,0.700476744637,0.703199115578,0.706819530151,0.707917815463,0.698014138052,0.671710927191,0.655868017583,0.7204578429,0.732511015754,0.737885795213,0.74446789359,0.788247837909,0.828024225072,0.77769837327,0.776996248501,0.751420633408,0.742189394578,0.750007202641,0.72042175343,0.738962711553,0.730791947009,0.72562133346,0.766034717684,0.775716907935,0.778148508389,0.772523462715,0.67597910472,0.794573319706,0.835123538777,0.796886928712,0.786937216036,0.78251518856,0.777134175796,0.772029930822,0.76749335149,0.763523725089,0.760033085474,0.756937192645,0.754169673244,0.751679279535,0.749425726786,0.747376625957,0.745505440198;0.68760299786,0.688555121039,0.68982179218,0.691459834182,0.693540601723,0.696165271409,0.699444659621,0.703288552476,0.710842220195,0.773873428798,0.707081563962,0.708289015927,0.711576970554,0.741787331667,0.755368657479,0.746845422572,0.756459918523,0.783697935512,0.777270097314,0.782914731939,0.801691255798,0.752506492135,0.734213544733,0.714869197395,0.696105074763,0.726835445456,0.745177542583,0.764279198157,0.757139327978,0.762767625996,0.769916176244,0.748014851072,0.723397921395,0.775762965618,0.804245896713,0.803630312548,0.796347954419,0.780342789355,0.773075045321,0.768201769899,0.764168594603,0.760652386363,0.757534183882,0.754742669336,0.752226236927,0.749945119276,0.747867638902,0.745967946171,0.74422455463;0.684504412989,0.685340702795,0.686555594908,0.688241667761,0.690535682838,0.693718010927,0.698608270829,0.707172407225,0.701894588783,0.685229187286,0.698427491793,0.739135278271,0.722992045926,0.753738661184,0.752938837806,0.75153918605,0.759812990811,0.765632764581,0.763762374587,0.756710827161,0.748803015792,0.738363320008,0.723318060262,0.680368188381,0.691205876138,0.722438779519,0.737127042406,0.74644226017,0.750800782849,0.754104067955,0.754578270551,0.744226109098,0.746416484799,0.768084838462,0.779711913352,0.781552110013,0.778374441439,0.7728394246,0.767892125107,0.763896197876,0.760494118675,0.757486593311,0.754781718344,0.752328128592,0.75009062022,0.748042070821,0.746160356764,0.744426885065,0.742825751845;0.6809666652,0.68159553851,0.682658857279,0.684279432368,0.686629323102,0.690053116212,0.695767570283,0.713463656453,0.698413796431,0.568470705879,0.675121914518,0.689090588868,0.712713645168,0.733862407947,0.746026615267,0.755861687189,0.789911958599,0.766785052995,0.75373114744,0.706778910808,0.719987096892,0.726315475131,0.718818948349,0.70018255739,0.702771273846,0.719842276618,0.73191353899,0.742188265248,0.746481549293,0.74807267674,0.749250476451,0.75027807082,0.756380245384,0.77922028493,0.776032971181,0.770477430131,0.768117014618,0.765229858747,0.76215061944,0.759240911966,0.75656872566,0.754112614214,0.75184640977,0.749750195326,0.747808156304,0.746006698435,0.744333630159,0.742777848364,0.741329205415;0.67692197329,0.677214425858,0.677982734515,0.679377022128,0.681568897195,0.684768971145,0.68922378737,0.694285652742,0.69581921708,0.693486272137,0.671650582181,0.570623335001,0.702642892708,0.746276772166,0.753728591423,0.76407623353,0.765862528676,0.757292627441,0.752750905633,0.708931221851,0.714040350837,0.721148398116,0.719145072621,0.713946881775,0.711492389192,0.715258985233,0.726742729849,0.765193395024,0.746481468862,0.742912022597,0.74440883191,0.747385828445,0.753129885867,0.763913942408,0.764849970212,0.761565600856,0.759992673417,0.758364514719,0.756489806975,0.754511790225,0.752541772479,0.750632095599,0.748804738545,0.747068594038,0.745426353304,0.743877291766,0.742418655469,0.741046491287,0.73975618682;0.672306413966,0.672084611688,0.672359480527,0.67332561036,0.675177380186,0.678069559423,0.682071139567,0.687310966844,0.697018255103,0.714583352719,0.69293100174,0.683348089545,0.841028668049,0.743737502501,0.75310104119,0.765445830071,0.760053857454,0.745589044264,0.746656848796,0.729502201554,0.72088069548,0.720337546308,0.721786519777,0.716541653905,0.704536979477,0.691327878954,0.711504865805,0.731134364133,0.735543196337,0.736164741599,0.738253622179,0.741317434418,0.745460417636,0.749942781218,0.752474562665,0.752995055302,0.75278585537,0.752137350818,0.751138024877,0.74990693286,0.748550872061,0.747143582582,0.745731140235,0.744341592536,0.742991823934,0.741691687897,0.740446488198,0.739258535825,0.738128167286;0.667068470125,0.66608387883,0.665575758471,0.665826868028,0.667124381552,0.66967770816,0.673614600222,0.679097476092,0.686284764661,0.693550181611,0.703227974829,0.752928713988,0.726486472506,0.753974422573,0.757415450172,0.741788067681,0.738036736995,0.735309844623,0.741531393275,0.725622894462,0.717384586421,0.717393887508,0.738039032361,0.721516266407,0.696275051105,0.596697335342,0.697396646821,0.717613834619,0.725108136085,0.728467951424,0.730882061306,0.73366719899,0.737305512098,0.741084235026,0.743948329115,0.745615297329,0.746371340211,0.74649681726,0.746173275342,0.745537069595,0.744695351933,0.743727731626,0.742690312223,0.741621531903,0.740547379011,0.73948524149,0.738446564684,0.737438664208,0.736465972438;0.661189114561,0.659087881729,0.657336214458,0.656385207756,0.656759406748,0.658775513583,0.662544273589,0.668274037043,0.675940375885,0.685061806924,0.69659058602,0.710451804125,0.714290553606,0.725780837899,0.748205390092,0.716955027324,0.727323141349,0.727731314089,0.719464316003,0.708923174951,0.705454017445,0.707932110531,0.710217598773,0.707366380685,0.700249338273,0.695528985045,0.703601499074,0.712965827553,0.718394952493,0.720901362707,0.72238006976,0.723881726009,0.728390308357,0.733386868017,0.737018533571,0.739369638405,0.74075540025,0.741444832276,0.74163321903,0.741462646743,0.741039491201,0.740443459068,0.739733360651,0.738951933862,0.738129917072,0.737289258089,0.736445514163,0.735609602067,0.734789064381;0.65472696553,0.651016103294,0.647229959305,0.644083415317,0.642852746708,0.644091460194,0.647211246247,0.653074627882,0.662808226988,0.674365727571,0.685719005901,0.69513873002,0.698547539693,0.694734511428,0.688458875129,0.630189373853,0.708331122054,0.748684183786,0.707520301948,0.668424419519,0.680438281252,0.699907029105,0.690634202662,0.693378246242,0.698458866679,0.701539102893,0.70586554036,0.710536818521,0.713484325985,0.713013896125,0.71304811091,0.699147961122,0.71811277539,0.726642137198,0.731268968158,0.734118644016,0.735907266303,0.736977053973,0.73753295242,0.737713987592,0.737621105026,0.737329885274,0.73689735775,0.736366457983,0.735769358585,0.735130056294,0.734466370239,