LCK_OAC1=[0.166291258724,0.166517532206,0.166748971974,0.16698194435,0.167202732341,0.167335115902,0.167291030431,0.167523825593,0.168972080201,0.169878141379,0.16113134273,0.164758247693,0.17954691566,0.157612121284,0.169601629942,0.178114444046,0.173901828247,0.185895350391,0.214014264338,0.23456435093,0.254835789074,0.281133131569,0.323401644031,0.347001480766,0.322407804996,0.313664405731,0.315508340196,0.32060480607,0.324756382132,0.325302169597,0.319507518247,0.309872870526,0.300283329558,0.292051676914,0.285227364236,0.279562813502,0.274770997291,0.270582321033,0.266765714036,0.26314589705,0.259613208559,0.256119071697,0.252659231035,0.249253640426,0.245930442214,0.242716340791,0.239632209844,0.236691931192,0.233902886248;0.163665335389,0.163647275927,0.16355841484,0.163381277677,0.163134399149,0.162641918574,0.160927691778,0.156853788758,0.160622771863,0.164550249169,0.163737989226,0.164919175229,0.169455120363,0.169268399914,0.164755627321,0.165937147128,0.165565368522,0.195540319269,0.210602888338,0.217131050499,0.234078645643,0.255128557328,0.274943514303,0.286997584503,0.287251062092,0.286528763134,0.29183077314,0.297717254397,0.301306032011,0.301952690977,0.299507663189,0.294878059967,0.289497266946,0.284335832866,0.279780197019,0.275871815488,0.272479661081,0.269392865294,0.266389856589,0.26330173645,0.260050617913,0.256645122323,0.253145726656,0.249628190129,0.246161041579,0.242796853325,0.239571380073,0.236505930965,0.233610616107;0.160958700071,0.160683141351,0.160199517989,0.159382104542,0.158382176277,0.157758012657,0.155017999838,0.139505348637,0.153273873251,0.160540628931,0.159600688274,0.152901447141,0.156916609831,0.172711059585,0.177607972689,0.159573633124,0.179052883175,0.202902589349,0.208425496267,0.200655816851,0.218062377066,0.231823321554,0.246895518954,0.258112204665,0.257186692547,0.242317554159,0.271402726471,0.281231902234,0.28511353627,0.286139147854,0.285214498586,0.282993345304,0.280174411517,0.277331407245,0.274795099696,0.272657816203,0.270812022107,0.269001923813,0.266921928481,0.264356808479,0.2612724325,0.257786634475,0.254073830551,0.250292772892,0.246561130673,0.242956505827,0.239525024738,0.23629007962,0.233259523314;0.158172196974,0.157667100084,0.156755753169,0.154825913244,0.150402669289,0.150880662114,0.152033702258,0.12398266262,0.150898364054,0.157835346854,0.154592738779,0.134680235044,0.128921759531,0.182522694641,0.197479727253,0.140419199215,0.201588274439,0.230405734926,0.19665633242,0.227352301885,0.211563760849,0.185169248938,0.225586194433,0.241861860699,0.246798034851,0.244017026952,0.264510424217,0.272000261681,0.274295306731,0.274813813191,0.274418335327,0.273470119031,0.272308301028,0.271260111411,0.270563001254,0.270291515873,0.270282033874,0.270089549914,0.269119117426,0.266987239421,0.263772089684,0.259853053375,0.255617102388,0.251334178107,0.247165971766,0.243201729145,0.239484795354,0.236029626816,0.232833169184;0.155266733726,0.154641165904,0.153498131019,0.150738806075,0.141993278991,0.145415344182,0.160201302808,0.164424990784,0.163790667257,0.157438547821,0.15355544407,0.141176508071,0.134958543329,0.192905008997,0.257980633017,0.2071037933,0.224245474881,0.406112243372,0.26804592883,0.301429805337,0.227158819529,0.205140939357,0.216493468773,0.232284212236,0.250315909122,0.268527383948,0.273312161319,0.269527839608,0.267231220545,0.266264681912,0.265816857784,0.265591835636,0.265616155084,0.266071519855,0.267177440161,0.269066642929,0.271561712001,0.273831550863,0.274416197257,0.27238320023,0.268273278309,0.263206514619,0.257933420912,0.252805469675,0.247976364709,0.243509347308,0.239419089121,0.235692654216,0.232303018631;0.152086427269,0.151527706467,0.150558059737,0.14800530967,0.131773993463,0.151515559679,0.173514548962,0.188809363746,0.24522894828,0.187332659469,0.165269196367,0.158819047275,0.177158013202,0.201719328616,0.212098238415,0.210562401774,0.219072950345,0.235761296024,0.244405234982,0.255325953782,0.227712030574,0.213257064841,0.180016993741,0.219775726528,0.25525717165,0.352412287624,0.301082166351,0.269035068465,0.261286276822,0.258943093307,0.25841206153,0.258733075184,0.259722903466,0.261530364034,0.264498542734,0.269080025024,0.275532542279,0.282700632939,0.286256356102,0.282900650004,0.275749675034,0.268161690653,0.261098427966,0.254688791398,0.248936222901,0.243812914548,0.239265370136,0.235226322759,0.231627009132;0.148190088685,0.148024657322,0.147567193945,0.146316083041,0.143329404365,0.151061911582,0.203245985514,0.216319605232,0.191502423883,0.177729450029,0.160832700747,0.167149194056,0.207459210319,0.281174204594,0.210383126031,0.205412080098,0.209006970878,0.214067234989,0.209561947256,0.199286126026,0.214331633572,0.209350977962,0.196079745581,0.209834732087,0.24479100978,0.292827873738,0.281349475275,0.260548976561,0.253717436629,0.251632676591,0.251476378438,0.252394437742,0.254240819064,0.25725503838,0.262044645601,0.269786756557,0.282662109831,0.302850234603,0.316735851497,0.303287723348,0.286839895468,0.27471188784,0.265029539201,0.256861757436,0.249909983548,0.243989331218,0.238924168337,0.234555340679,0.230750156493;0.142101366592,0.14376266953,0.143879234946,0.142973821265,0.141768020681,0.148185879364,0.173269748257,0.177377722711,0.174249174505,0.202203026824,0.179751340101,0.181327776219,0.19657251256,0.209006758525,0.197159610425,0.196830060796,0.200422226144,0.203611011238,0.204476120729,0.205297680269,0.207494839991,0.206366812601,0.197949064322,0.206629406455,0.228932655973,0.244537230813,0.249019711527,0.246543786088,0.244504696344,0.244004924618,0.244663637289,0.246251967686,0.248834855191,0.252791827554,0.258978351798,0.269309161527,0.289057546054,0.340787246906,0.473334562049,0.33374279899,0.299511044773,0.282479639329,0.269554676531,0.259082772144,0.250657018896,0.243846729395,0.238257442775,0.233584833553,0.229608473095;0.12841830288,0.139452160155,0.13944685232,0.136821700246,0.132491336448,0.135158163815,0.137972124793,0.107171458523,0.153304622547,0.188662991155,0.180302936237,0.179709272038,0.180307648542,0.140516572347,0.162992336118,0.186572798638,0.193437368487,0.196427902909,0.198251071675,0.200609456761,0.202951089466,0.204401257489,0.205847139091,0.211025810796,0.219821531538,0.227818638303,0.232571298359,0.234476762234,0.235386106085,0.236417196339,0.237949647556,0.24015878696,0.243286358123,0.247788106321,0.254543482332,0.265384080611,0.284763898156,0.32540653957,0.374258354783,0.334515268125,0.312368567347,0.292719400694,0.274627286339,0.260897686418,0.250782098674,0.243118163932,0.23709720572,0.23221080053,0.228137445855;0.135926825517,0.137267540368,0.134896271744,0.128272752366,0.10998044135,0.123114130197,0.122404157671,0.137126731047,0.146466399378,0.165592144515,0.18453977277,0.177140025159,0.175328002634,0.172331891628,0.172776337953,0.1836902795,0.189426518858,0.189621811386,0.188034776043,0.194233458035,0.198562323787,0.201251266449,0.203884404291,0.207694565904,0.212759937867,0.217916435284,0.222074044018,0.225022106106,0.22722633814,0.229233869863,0.231428410123,0.234092262231,0.23752614367,0.242160603555,0.248690796762,0.258278202775,0.272703415983,0.293073085791,0.314294688524,0.337890857868,0.355814440719,0.310743541727,0.2791869302,0.26124630245,0.249688185465,0.24148923224,0.235275728556,0.230341203773,0.22628528664;0.138531937246,0.1359048071,0.129616661688,0.122856001925,0.117356416149,0.126437668439,0.129713961188,0.126129946125,0.129726283458,0.150052994773,0.181759578535,0.169710870182,0.172291752819,0.175549093723,0.18028200625,0.186354284542,0.190021880138,0.185510476176,0.146899045265,0.189359901765,0.194880336564,0.19735981008,0.199378455372,0.202056602692,0.205842769301,0.210105700559,0.214020055648,0.217290849832,0.220049753898,0.222582341626,0.225175062654,0.228091177241,0.231608241893,0.23607286252,0.241958285149,0.249904485991,0.260668900671,0.275057083777,0.296268900002,0.351725083544,0.54754135646,0.320173293458,0.277620061339,0.258370422032,0.246752465301,0.238711067347,