LEFTY2__poly=[0.554345581195,0.561223258006,0.568614810461,0.57657975102,0.585175485014,0.59444646491,0.604410539106,0.615049586313,0.626338711309,0.638485936919,0.652423748114,0.668234153904,0.676662568477,0.672964234041,0.67122231648,0.674856807887,0.687724120346,0.717895844019,0.691744485723,0.68640446156,0.667724423359,0.63862077559,0.473409111496,0.569614529822,0.513628880968,0.502280143768,0.476880883311,0.453385980166,0.481631810488,0.480931291296,0.392964272438,0.414585826151,0.32824036991,0.276699744189,0.324347141432,0.29871131165,0.287013101342,0.324934642761,0.356882879567,0.372275602258,0.382139516047,0.389053747429,0.394081210174,0.397795334766,0.400552860989,0.402594181884,0.404089297481,0.405162343834,0.405906099794;0.555826227499,0.56312743451,0.571052224748,0.57970356664,0.589197886317,0.599651698803,0.611158597797,0.623763228394,0.637351456867,0.651679123383,0.669655115012,0.708497101789,0.761676880521,0.692700923723,0.679102171231,0.678540520467,0.691335445132,0.734847759752,0.693756018998,0.690012212647,0.695753511291,0.69787719782,0.607110332501,0.581705662541,0.530745338489,0.49809187788,0.467901827924,0.440646183972,0.470455024665,0.465372286609,0.428693097752,0.389026702899,0.336431331309,0.301603709862,0.310313673301,0.303011862741,0.310661574208,0.333928631937,0.354971129559,0.369710797666,0.379817879248,0.386963234783,0.392146151561,0.395963856413,0.398794318647,0.400890502421,0.402429425144,0.40353922273,0.404315065645;0.556887948618,0.56456722287,0.572979747843,0.582286736823,0.592698119373,0.604468137201,0.6178618222,0.63319258107,0.651196384116,0.668436429011,0.68164050614,0.711839456096,0.783249615222,0.704702938454,0.687754790543,0.6821117097,0.689084472454,0.739903294174,0.774185765617,0.691807389212,0.682182909364,0.641387251897,0.604321726914,0.603490167415,0.534471168583,0.494771012426,0.46013204403,0.435697474019,0.464473700551,0.451650627296,0.396921946207,0.354118913492,0.295150279076,0.306468238152,0.252279705391,0.264462044155,0.287689133223,0.333398260735,0.355699400588,0.369619758447,0.379191535197,0.386028503404,0.391021436572,0.394714980746,0.397461940217,0.399501749262,0.401003284052,0.402089399758,0.40285168608;0.557474789257,0.565459769991,0.57427020599,0.584133019674,0.595388690715,0.608548393153,0.62429181348,0.643099955342,0.668353488257,0.752586023024,0.691053543524,0.7048957909,0.70791038234,0.713729032411,0.708707682008,0.685115784261,0.688832201975,0.71689878183,0.699532105513,0.69739360342,0.713869777533,0.629807009072,0.589443633649,0.561821246952,0.542672198431,0.499804886397,0.458462810055,0.420971114636,0.442925290281,0.426275549516,0.381166968057,0.32418792037,0.32783337694,0.323018247624,0.296464721347,0.294287462052,0.306778432275,0.340859021678,0.359844675424,0.371774497312,0.380099211828,0.386156331207,0.390647625426,0.394007033357,0.396524871652,0.398404408605,0.39979262739,0.400798512413,0.401504510451;0.557549427902,0.565743877322,0.57481420707,0.585036743105,0.596877988411,0.61121367058,0.629990513957,0.657281786936,0.677402072531,0.692105574336,0.695677298917,0.728714666853,0.700138059394,0.717175230798,0.69948022674,0.684064399178,0.685223412905,0.687032637956,0.681621510501,0.669143316085,0.643977049578,0.609182493891,0.572562592542,0.51825019746,0.503142844196,0.493826353771,0.469931267129,0.450618678298,0.439175743721,0.422789109289,0.398002367954,0.37052927437,0.355413895588,0.345641767446,0.337546757284,0.33719593745,0.343904607989,0.355870485156,0.367029646325,0.37565124627,0.382166488459,0.387110159259,0.390874614574,0.393741038676,0.395915064226,0.397549974472,0.398761848761,0.399639792199,0.400253013746;0.557105226625,0.565403404052,0.574565178784,0.584867393102,0.596799211207,0.611342819945,0.631093738051,0.669734548303,0.686658906522,0.738153426572,0.696233404927,0.699599868727,0.6955820083,0.692565468799,0.686015079796,0.682207498626,0.71819407152,0.684906037341,0.675281686475,0.664923679725,0.628992116959,0.594644817297,0.562695088871,0.525504086553,0.503829656918,0.489444548137,0.468787719087,0.447927891661,0.435361344847,0.423618305324,0.407722952103,0.390378212638,0.373211198277,0.339562886059,0.347194773784,0.357490426864,0.362406545415,0.368356293484,0.374617721013,0.380212968685,0.384847263378,0.388563905943,0.391495458237,0.393779794215,0.395538107066,0.396871363813,0.397861968401,0.398576650889,0.399069335347;0.55617459716,0.56448739162,0.57358664108,0.583690171784,0.595173795014,0.608703923591,0.625414365654,0.646142715138,0.668846875384,0.690580968423,0.69778119572,0.752271052809,0.706419501779,0.708788038799,0.690530910987,0.678672185497,0.670880607816,0.665026296438,0.669137809083,0.648052494096,0.614770305145,0.584214751427,0.558232726924,0.531979616592,0.507052816166,0.484647217711,0.46139986417,0.396016807565,0.424451987782,0.424034617935,0.413051643005,0.399984436988,0.385706315209,0.36725194217,0.365946226916,0.371617464574,0.374653866407,0.377786639836,0.381227384491,0.384599001532,0.387621491623,0.390187119248,0.392290888328,0.39397282675,0.395287775113,0.396291710819,0.397036147418,0.397566260742,0.397920677918;0.554828297361,0.563114823514,0.572067959704,0.581806195164,0.592537225623,0.604601448231,0.618480705903,0.634943539045,0.658105729069,0.691319012369,0.68979202508,0.736115293919,0.846626285203,0.704030281793,0.686705080367,0.64470052082,0.619272176831,0.64183731682,0.647461185964,0.622051618039,0.596259189,0.575130244182,0.55871726259,0.533994560752,0.501372887918,0.468884321166,0.456393010194,0.437862914542,0.431095914248,0.425363304738,0.415612986922,0.405257117687,0.39554308177,0.38742649098,0.383477968469,0.383005505412,0.383672574927,0.384922393593,0.3865678843,0.388372143085,0.390129415162,0.391713404219,0.393067347713,0.394178946926,0.395059938534,0.39573319759,0.396225444104,0.396563403387,0.39677194384;0.553162761192,0.561460190391,0.570301938154,0.579683032643,0.589638595316,0.600290217855,0.611853195168,0.624685372351,0.63925788927,0.654285490309,0.673187125082,0.733604317105,0.696113794867,0.710441554203,0.699844196509,0.659400169799,0.638976454972,0.632238297845,0.63526377128,0.604734467603,0.580844179118,0.565764862294,0.582991491452,0.542761750589,0.495003481341,0.405704894108,0.453636254935,0.447342550337,0.436581380431,0.425436090794,0.41421423882,0.405480395036,0.399657255813,0.39532445484,0.392359378548,0.390783131352,0.390180798908,0.390212844723,0.390667586666,0.391369476589,0.392170037436,0.392961102807,0.393675889149,0.394280341323,0.394762546542,0.395124034286,0.395373700572,0.39552391972,0.395588200021;0.551274512142,0.559724630057,0.568657707332,0.577909540567,0.58729602236,0.59677648334,0.606419796119,0.616189090068,0.626054966538,0.636364815941,0.64893126067,0.663182628683,0.66472582435,0.67681832454,0.706656063921,0.67909479016,0.656081341129,0.630198648932,0.604651540986,0.580145272524,0.562713635852,0.551169045172,0.540104163849,0.520476863578,0.494850250677,0.472731665257,0.460383631279,0.449550074989,0.436780827464,0.421208818877,0.402777544553,0.395763275588,0.398148486549,0.398332279613,0.397083542866,0.395693170969,0.39462571551,0.393955546105,0.393630385834,0.393560143509,0.39365068551,0.393821645641,0.394013539353,0.394187356056,0.394320615569,0.39440272085,0.39443093234,0.39440732733,0.394336676751;0.549217905727,0.558086048625,0.567573536878,0.577306700999,0.586583656107,0.595194925782,0.603588743181,0.611187138694,0.61717109405,0.622450077953,0.627352026566,0.630187179387,0.633964630981,0.648059867421,0.66056223286,0.690528566611,0.64488565721,0.659022959715,0.588164011717,0.539527983225,0.536951206534,0.542889460209,0.518748066065,0.502941966277,0.489472570361,0.475127244766,0.462168684792,0.449700996782,0.435521117107,0.414953290361,0.356687700443,0.361960550929,0.394069529331,0.399543753868,0.399801668818,0.398752181327,0.397511226594,0.396427968576,0.39558683887,0.394974195158,0.394542575605,0.394238642019,0.394015472952,0.393836792855,0.393677051596,0.393519719771,0.393355125857,