LEFTY1_OAC1=[0.322797096363,0.327951201326,0.333878429819,0.340853946201,0.349258169297,0.359327003358,0.370386942911,0.378992796472,0.379613220893,0.373484365057,0.348406685502,0.351554100405,0.378347462751,0.332780004333,0.360126731936,0.389247507982,0.439354407751,0.464281267169,0.42954198945,0.411402814195,0.397430095011,0.387939916029,0.392651390785,0.392167698558,0.366638038152,0.351756871229,0.337378111809,0.323256150127,0.311343189418,0.30279667649,0.298485610556,0.296923661114,0.296186692149,0.295568440838,0.294922155766,0.294217253327,0.293425193307,0.292505159528,0.291417799653,0.290144759364,0.288700116697,0.287126800731,0.285481917696,0.283820893519,0.28218757212,0.28061135809,0.279108902788,0.277687484123,0.276348314398;0.321692360269,0.327024322174,0.333208169202,0.340716155616,0.35062442004,0.36464799979,0.384671601627,0.410842842912,0.402242591847,0.385928542354,0.378128241067,0.382943069456,0.386731585907,0.372451516314,0.363268998735,0.399886910756,0.385486239671,0.408020977502,0.403115944102,0.41222268281,0.391831878986,0.370218187706,0.3642535794,0.362879226462,0.36170442683,0.357447744681,0.34238485659,0.327126791025,0.315761482423,0.307840452203,0.30275355306,0.299701025544,0.297831721412,0.296581101852,0.295654357965,0.294882501118,0.294130205911,0.293266362242,0.292179636473,0.290814023535,0.289189127803,0.287384141764,0.285498863464,0.283619955063,0.281806346639,0.280090103123,0.278483776183,0.276988098388,0.275597688475;0.319955003065,0.325304325465,0.331323261354,0.338314099519,0.348063272557,0.366042016354,0.398543120932,0.472825867121,0.426377981446,0.396034257206,0.394971668533,0.423935441562,0.428478414408,0.396043819252,0.391097272664,0.457970262335,0.425710508345,0.386977597759,0.372975716247,0.421712739375,0.374207835405,0.341477555347,0.339616388823,0.346639761698,0.369375013992,0.415562399866,0.350271661315,0.327540847335,0.316000308881,0.308722860499,0.303864423788,0.300628697591,0.298497275921,0.297108615139,0.296217665415,0.295630524453,0.295140811858,0.294506201054,0.293497021131,0.291997717062,0.290064735588,0.28787383994,0.285614932432,0.283424393517,0.281374056772,0.279488648676,0.277766558419,0.276194520374,0.27475580878;0.317553164306,0.322874525323,0.328419930074,0.333141252514,0.334569798069,0.353395381445,0.404382131537,0.536214228731,0.440170886883,0.393539922568,0.388560687667,0.437041249268,0.508043039198,0.396868533473,0.376082067224,0.288549161739,0.385419878696,0.377983940222,0.302695293833,0.340517364393,0.31283041458,0.26383017568,0.310071079853,0.327056345737,0.350682701305,0.380988542231,0.339482250477,0.321391706323,0.312496432161,0.306857144948,0.302914963117,0.300140246621,0.298271427949,0.297140939883,0.296621289176,0.296565107847,0.29671681735,0.296647994301,0.295859669278,0.294099201525,0.291558624027,0.288674572523,0.285819195333,0.28318785192,0.280839298516,0.278762874518,0.276923241253,0.275281859454,0.273804893594;0.314406718258,0.319942547186,0.325535299533,0.328597007553,0.318241652497,0.334668997523,0.383469255795,0.413050933818,0.428405000001,0.365664265846,0.364139108161,0.346733670085,0.315293932865,0.422103482865,0.348243040491,0.356724929827,0.367674036118,0.501076863755,0.342047685952,0.293216023905,0.297722342082,0.280141652263,0.291666639167,0.303931596904,0.314243901899,0.316325510202,0.312884957434,0.30971276907,0.306366010285,0.303254986092,0.300644275383,0.298648911507,0.297327456447,0.29672790224,0.296899818723,0.297843993337,0.299333665542,0.300602458417,0.300370654157,0.297935812299,0.294021690291,0.289821511859,0.286021425293,0.282801311494,0.280112526398,0.277848718245,0.275910682496,0.274221765737,0.27272641585;0.310153401027,0.316393490916,0.3234749371,0.329089330798,0.303281844466,0.34818989185,0.379826467124,0.389181929304,0.363378804709,0.38545594892,0.390470278427,0.386416024048,0.357379497958,0.363474904869,0.352035927458,0.345578190856,0.345657682619,0.343311342702,0.315899688447,0.289703787108,0.293937731704,0.286058358534,0.238629497366,0.278609793844,0.289720409418,0.261115353818,0.285212725138,0.298177847754,0.299849099152,0.299035013527,0.2976954997,0.296511137286,0.295819515174,0.295881891785,0.296997536064,0.299537914191,0.303727877224,0.308533683578,0.310000047323,0.305292647341,0.297837601294,0.291121962221,0.285946446476,0.282054267154,0.279058802912,0.276665528049,0.274681831545,0.272986811646,0.2715042063;0.303740548099,0.311298282631,0.320944775624,0.334201923707,0.363061489382,0.400765864564,0.406466096389,0.409926548514,0.404461209932,0.425416136051,0.438577211203,0.409453341704,0.346455288059,0.303238877069,0.328291632027,0.328059216429,0.325708368743,0.318440030586,0.294643847777,0.269525530544,0.289693337884,0.282897999193,0.259837853622,0.265441382899,0.280164540277,0.273021469861,0.282204569764,0.292036703015,0.294808935513,0.295079844672,0.294553593329,0.293986601867,0.293833111767,0.294511324104,0.29660934678,0.30119179924,0.310313724441,0.326192004033,0.336032721235,0.319963761241,0.302581571599,0.291683932959,0.284995514923,0.280621977456,0.277515427008,0.275133958514,0.273198020223,0.271557937802,0.270128752325;0.291952211396,0.303347931204,0.314929647936,0.330696739089,0.359926171993,0.384456092671,0.39072034787,0.397865991405,0.403520251617,0.418493569271,0.378452816213,0.353329459547,0.327580795547,0.306353167488,0.306396720817,0.309734271038,0.309833875837,0.30542690655,0.296864857163,0.29044403738,0.288927024822,0.283331331568,0.265887189881,0.267700710749,0.281082564122,0.284330105848,0.287008058051,0.289931886007,0.291394042819,0.29168019558,0.291449501969,0.291212167184,0.291385509135,0.292439854064,0.295143055815,0.301179948623,0.315451827907,0.359885307493,0.483519325955,0.340571758298,0.30382342814,0.289341884189,0.282265368929,0.278159900454,0.275359005032,0.273212688212,0.271447295461,0.269933330689,0.268601491992;0.263680407366,0.2937680357,0.304649108995,0.317138749625,0.344445302861,0.357066463815,0.361625777676,0.325029043026,0.434924353959,0.373372886045,0.338574407873,0.324621695813,0.307884305313,0.228080892997,0.258871882274,0.291786681285,0.296481476565,0.294241564783,0.290475024319,0.288509310529,0.287553438256,0.285479670131,0.28230839213,0.282196720661,0.284865931728,0.286661907221,0.287728943153,0.288478170644,0.288782744372,0.288678003364,0.288398073117,0.28822831736,0.2884783469,0.289551289082,0.292126643319,0.297647582195,0.309914489373,0.34072999232,0.377202194332,0.322738059051,0.292436195703,0.281355860358,0.277084688558,0.274575986179,0.272619112674,0.270942071995,0.269460673292,0.26813440223,0.266936981182;0.278285513793,0.2873516938,0.291246760652,0.291804579999,0.286733694737,0.327361875017,0.296934299853,0.334934025188,0.332538374865,0.288660383724,0.28439737928,0.299098269118,0.295262955168,0.281857806909,0.274120887185,0.283659010809,0.285764547729,0.280791543334,0.274579170503,0.28067443282,0.284563482989,0.286126601524,0.286825974402,0.287484976221,0.288009473093,0.287979127638,0.287549073286,0.286995788056,0.286408567907,0.28582208132,0.285319203885,0.28503598112,0.285157181192,0.285940427269,0.287779220176,0.291300764164,0.297307081136,0.304952442579,0.30422098814,0.282899002565,0.260386589265,0.26668914934,0.270159252499,0.270370529194,0.269559191629,0.26845871927,0.267312087127,0.266203492445,0.265160915734;0.282701835997,0.282356558442,0.275020802534,0.267226356671,0.262598535052,0.285418139385,0.291912124481,0.289144816189,0.309675495612,0.242546729415,0.253439679702,0.280398166346,0.287256541707,0.284271470297,0.280896327304,0.279621549993,0.277369611989,0.267540726761,0.21144967403,0.272971939774,0.281718789798,0.286437608438,0.290166453917,0.29227266103,0.291711766573,0.289542851889,0.2872657084,0.285414822601,0.283994972417,0.282913515837,0.282122163301,0.281635358589,0.281518799851,0.28187692223,0.282830539692,0.284425417524,0.286278926418,0.286570428708,0.280453905885,0.255218445,0.173843868205,0.254600756566,0.264541668114,0.266567966501,0.266580630035,0.265943737881,