KLF4__poly=[0.660549991654,0.662519129057,0.66473373984,0.667229482391,0.670041835824,0.673200837695,0.676727425123,0.680642380747,0.685026687001,0.690289702862,0.697654785309,0.707669477653,0.712221968092,0.706505953724,0.702522502069,0.703079609011,0.711732562278,0.736739089279,0.710661880047,0.706115137951,0.692891877576,0.685688766425,0.722387047861,0.601018619324,0.603840243613,0.583577460469,0.562391569044,0.516807051453,0.524189643126,0.511920535103,0.361481956355,0.442293670414,0.391895520492,0.3599108201,0.469270905807,0.433504907042,0.409201359526,0.455957499277,0.495019973428,0.51283509161,0.524780416908,0.534018658125,0.541631786824,0.548116545655,0.553752109513,0.55871781566,0.563138987454,0.567108030578,0.570695589364;0.661647886319,0.663820644839,0.666299461074,0.669144574138,0.672423966775,0.676203485201,0.680530889655,0.685425210406,0.690825469621,0.696747328052,0.706503611449,0.737029385492,0.783254066096,0.719321857718,0.705752767488,0.704020120013,0.714851329428,0.754810657501,0.717698192026,0.716759641594,0.726835046109,0.736761988439,0.665597220022,0.632693866344,0.617765454316,0.591419725467,0.547947904966,0.503113914554,0.501237212938,0.48712262911,0.474228682358,0.461507486137,0.447489815981,0.453256237425,0.441263552309,0.43431975034,0.444030466824,0.470120448554,0.49396447587,0.511153113448,0.523690338535,0.533427458095,0.541370970299,0.548070102232,0.553848311584,0.558912154498,0.563402862203,0.567422259554,0.571046765628;0.66258644125,0.664944319843,0.667672051888,0.670865818387,0.674652471807,0.679183339686,0.684600135011,0.691051547641,0.699005142484,0.705303183868,0.707383611157,0.728902576671,0.796099256166,0.723685345072,0.708167676741,0.702692770374,0.709564833298,0.75833252951,0.792169587524,0.720014511072,0.715972966206,0.685516737796,0.659244699965,0.667710846459,0.653920359444,0.600904845067,0.555575377739,0.520578696933,0.503105757968,0.488733096572,0.491725019712,0.472973430179,0.394078946328,0.424908378949,0.356915081789,0.408754102132,0.431185717597,0.473493092915,0.496518158444,0.512462232364,0.52456535115,0.534180184568,0.542091553037,0.548779810226,0.554549964286,0.559604625048,0.564084749068,0.568092574832,0.571704911972;0.663334689059,0.665844684865,0.668781740579,0.672285578899,0.676574433666,0.681988151523,0.688977802413,0.697759435089,0.710844798327,0.775093095809,0.698102466833,0.686448125292,0.709689173843,0.72405821683,0.720638188759,0.697596217112,0.701904017318,0.732049466127,0.720543030165,0.723578368051,0.74318945202,0.673378577114,0.643774677927,0.627090197319,0.620777776611,0.591601386638,0.578993496051,0.578564813919,0.528299733158,0.508912473284,0.48893590788,0.437189376989,0.433634406316,0.435546883321,0.414127539465,0.451471481243,0.457909529509,0.48313036344,0.502241165111,0.516204431475,0.527220695752,0.536232059694,0.543787368386,0.550247298973,0.555858860911,0.560795974937,0.56518458,0.569118466714,0.572669337861;0.663868591524,0.666483915814,0.669561590596,0.67327520212,0.677936138903,0.68417271332,0.693489571692,0.709226048819,0.717597982749,0.71752890084,0.691621046489,0.61431750528,0.691211597232,0.720016154249,0.702098047384,0.682619258335,0.680999217246,0.692238362839,0.697720762811,0.693855988249,0.677284809807,0.651863194055,0.624559849475,0.577133611548,0.573231452555,0.577286444968,0.566438600393,0.5518546607,0.53325969591,0.517172768742,0.499417288404,0.476546759637,0.464476796802,0.460254986904,0.460399895754,0.471611342011,0.484186675155,0.497441642636,0.510492248573,0.521756613366,0.531279249672,0.539381264443,0.546349574906,0.552410145317,0.557736325703,0.562460472998,0.566684241577,0.570486640933,0.573929983471;0.66417697399,0.666845097646,0.669975739965,0.673741437873,0.6784684934,0.684870380455,0.695002770944,0.720436412662,0.726742910422,0.762401079934,0.709186240555,0.698882243584,0.693946993469,0.688624355075,0.674662548983,0.657968353552,0.612578683763,0.670739225949,0.683662780794,0.684218908906,0.658798455664,0.634106767938,0.610896405336,0.581963157348,0.570403188551,0.566963010203,0.554848253452,0.538721040068,0.529333035749,0.521689108425,0.510859334487,0.498256743764,0.484709961064,0.448698294389,0.466858441091,0.488091633893,0.499443085003,0.509605113896,0.519324579932,0.528272003391,0.53627203668,0.543351136053,0.549610257821,0.555162861145,0.560113300893,0.564550976027,0.568550298629,0.572172597109,0.575468400787;0.664264590437,0.666942901506,0.670049998115,0.673714291986,0.678170529613,0.68387253947,0.691660101502,0.702172708189,0.713649168485,0.72346651648,0.719305604212,0.760647749778,0.705180497958,0.694591003325,0.651904633414,0.625769454206,0.639552998921,0.651913550059,0.668339164222,0.659368162984,0.638921374197,0.617739877996,0.598978708053,0.582403438275,0.569543713989,0.558199807071,0.543221328285,0.47486479854,0.516990385789,0.524353992023,0.518932578561,0.510740885342,0.500431387783,0.483905561418,0.489264255718,0.503216729206,0.512375682083,0.520355087644,0.527942186527,0.535122627585,0.541781156712,0.547866155118,0.553386263968,0.558381709797,0.562904296888,0.567006888514,0.570738675849,0.574143489409,0.577259572773;0.664148105838,0.666821826435,0.669877515765,0.673372856021,0.677408779896,0.682167526929,0.687932564837,0.695231047258,0.707502247846,0.727954616376,0.716385580287,0.746990624578,0.842654876187,0.667219662829,0.629504786678,0.63018731074,0.649879102303,0.630131421037,0.604110231163,0.615810166227,0.613917960389,0.599440171853,0.578468670866,0.567024785505,0.557238387741,0.538462058731,0.537316913698,0.526085231543,0.527131442156,0.528591225539,0.524584755813,0.519363850589,0.51445401366,0.511050752032,0.512528842265,0.517945633767,0.52407135154,0.530165051657,0.5361614578,0.541977012568,0.547512710262,0.552700392425,0.557511153675,0.561945326403,0.566020447557,0.569762389521,0.573199888102,0.57636151241,0.579274156236;0.663842475857,0.666537554944,0.669591470471,0.672981498054,0.676673196987,0.680659007049,0.684979868384,0.689779064998,0.695268486649,0.700023200747,0.706213590679,0.747536230603,0.68273153357,0.591267189044,0.574520438902,0.617357040208,0.627841640174,0.615720559354,0.581772380962,0.596410238179,0.59673753511,0.583021972633,0.527328418279,0.542067598583,0.547277726035,0.466849175464,0.536337954921,0.540389980608,0.537174275632,0.532188619896,0.52620104193,0.5227020594,0.522429351861,0.523624089319,0.526116422673,0.529895924108,0.534374430708,0.539114421788,0.543918565101,0.54867135731,0.553283547533,0.557689793362,0.561850333875,0.565747363421,0.569378919146,0.572753100715,0.57588367761,0.57878711803,0.581480729168;0.663336838195,0.666122258465,0.669324997827,0.672834851658,0.676448658723,0.679999582281,0.683373601727,0.686373998969,0.688791326308,0.690596683015,0.692557526374,0.691827577131,0.667056521425,0.62071024832,0.549823359263,0.607582754177,0.625614326729,0.60322735096,0.59873844742,0.590824579991,0.582841707501,0.57264203205,0.558933644188,0.555439582472,0.554838946826,0.549111077553,0.549079891847,0.54777297122,0.542098391346,0.531442232638,0.515933027299,0.51417214469,0.524208950054,0.531060554922,0.535614904769,0.5395153996,0.543359771487,0.547263079152,0.551204486159,0.555131808274,0.558988337839,0.562724428644,0.566303200172,0.569701507247,0.572908044827,0.575920438704,0.578742431331,0.581381607517,0.583847729113;0.662558385349,0.665523833471,0.669164144637,0.673298899807,0.67733317385,0.680882276674,0.684040867875,0.686180830317,0.686578611801,0.686024158198,0.6850400564,0.682368335796,0.674236945985,0.656985459251,0.63661297082,0.582765930591,0.625457537606,0.541661062165,0.596139602737,0.562147467968,0.558201692196,0.551087534646,0.548443718683,0.555727402061,0.560475046342,0.560262398436,0.558283114945,0.554402602226,0.546558779032,0.529134602158,0.461552506329,0.474806029271,0.52357039853,0.537239000043,0.543633720586,0.547866859598,0.551416825125,0.554767604818,0.558066811137,0.561340999394,0.564573509785,0.567735391976,0.570798619119,0.573741310375,0.576548954652,0.579213749167,