KLF5__poly=[0.726160313453,0.729130025086,0.73233074141,0.735801783588,0.739585257608,0.743720559768,0.748236874392,0.753147567265,0.758467805319,0.764367768438,0.771496671645,0.779953137489,0.783578565233,0.77902199482,0.775641994648,0.775821677234,0.782335239418,0.800996711944,0.779370518416,0.770459837653,0.741802947252,0.727733998005,0.79392250629,0.756966526524,0.746645638132,0.705871983135,0.674529727029,0.621195010012,0.620786758062,0.553145747491,0.630365659047,0.572970500846,0.590460337227,0.388373505127,0.54865983527,0.60407373538,0.552423523208,0.579517512211,0.593545475389,0.600650097137,0.606097044553,0.610562471631,0.61428119324,0.61739190481,0.62000005443,0.622191743053,0.62403796455,0.62559709513,0.626917015727;0.727726979069,0.730910694577,0.734377778929,0.738192585626,0.742432968242,0.747184384395,0.752528174303,0.758527313192,0.765155486363,0.772308184145,0.78195496947,0.805664230353,0.839463710305,0.790716658818,0.778852316583,0.775605097817,0.781498561745,0.809224817389,0.774861357183,0.764555639666,0.751259182377,0.752211608865,0.733458485045,0.733448168237,0.720215749487,0.69649289218,0.673540672769,0.640353712272,0.638576205629,0.619488853885,0.600187715675,0.585174089464,0.554485782488,0.525104519882,0.564930254938,0.564760138618,0.565741968248,0.582575342404,0.594573685639,0.602335055483,0.60785217727,0.61211599748,0.615561264167,0.618406916142,0.620783747844,0.622781576415,0.624467732461,0.625895146942,0.627106470582;0.729148932315,0.73252338493,0.736230886508,0.740368450594,0.745069305402,0.750504477213,0.7568677603,0.764407376443,0.773677881128,0.782543143281,0.788887105878,0.8067623624,0.852960777258,0.797152607969,0.782441123094,0.774910966158,0.775953824822,0.808812270171,0.829057091116,0.753556025821,0.738487007115,0.725192971179,0.715302530483,0.717556698381,0.679547390866,0.68442271752,0.681563065181,0.677721164219,0.657742996098,0.642743439466,0.62823043139,0.607240791905,0.499971762211,0.570881925079,0.617841812168,0.604604019249,0.551285744136,0.584526137121,0.597776099276,0.60516742577,0.610248263269,0.614093909822,0.617161480823,0.619680147624,0.621781280025,0.62354989562,0.625046598034,0.626317556013,0.627399422069;0.73040832389,0.733937525823,0.737836346305,0.742236944771,0.747347820453,0.753496408108,0.761140211845,0.770650574099,0.784341616337,0.837069001788,0.793914016572,0.800666727129,0.800248451592,0.801541687433,0.794583806925,0.773062075443,0.770402120754,0.786816483249,0.767145078807,0.739748014231,0.691148264576,0.711812436721,0.696419257201,0.672473090913,0.646752173174,0.666032021345,0.676717798352,0.685822042822,0.651905069722,0.639648949627,0.63836530627,0.615307980518,0.564256719058,0.587315230559,0.598101920193,0.612756038833,0.581205188427,0.594367072474,0.60357729064,0.609235839702,0.613316659037,0.616485848658,0.619048354957,0.621169982155,0.622951364066,0.624459462728,0.625742481818,0.626837294672,0.627773317436;0.731499808266,0.735138245431,0.739155919537,0.743707635693,0.749069831549,0.755786042465,0.765108106542,0.77973758835,0.789711892662,0.796120410689,0.795230598181,0.814827217697,0.792859188382,0.802139706135,0.785651343553,0.76692204973,0.756601612,0.754463058717,0.751094669268,0.736003899041,0.71488576552,0.701183530736,0.681710427586,0.634298059056,0.636074331954,0.655029654064,0.657578740501,0.653503450283,0.644345760524,0.636730049025,0.6286113227,0.610591245814,0.600953792187,0.609522230465,0.612723556875,0.611200267133,0.607224875251,0.607572784811,0.610788460528,0.614037895081,0.616822217546,0.619161739205,0.621134926932,0.622810352231,0.624240765906,0.625466499126,0.626519180116,0.627424377018,0.628203284694;0.732436807472,0.736139427234,0.740193281924,0.744743873316,0.750066982353,0.756749438534,0.76641748094,0.787907634486,0.79524926777,0.825253371402,0.792510586667,0.79092315163,0.786389302282,0.783187840555,0.775232355798,0.761549106403,0.742157067044,0.723032675721,0.743137820548,0.739549258506,0.715112067009,0.694019830122,0.674401511092,0.647855043639,0.641557000777,0.646613674241,0.642830762619,0.634128041943,0.632963674982,0.633650840219,0.630453979599,0.625298538149,0.624992414303,0.649369331332,0.635325813519,0.621608678903,0.617595894662,0.616585792371,0.617342380151,0.618808145797,0.62040841904,0.621927512439,0.623300806187,0.624518073603,0.625587435882,0.626522469652,0.62733767502,0.628046935978,0.62866303897;0.733254975338,0.736993705819,0.741019768925,0.745432812426,0.750422735267,0.756350288784,0.763856828533,0.773376867547,0.783401239592,0.791493956461,0.787422695187,0.818470081998,0.786968275303,0.793121601845,0.781475167474,0.770832967985,0.740669306344,0.724908014858,0.735460056063,0.724347693983,0.704431587159,0.68456782561,0.667411887683,0.65330766089,0.644326445292,0.638200649783,0.628708167711,0.556896367517,0.614674726197,0.632133230456,0.634274797968,0.633547996938,0.634804826001,0.643242762497,0.638134501846,0.628779899298,0.624759470858,0.6230922494,0.622732047686,0.623091380789,0.623786649892,0.624600886149,0.625424841169,0.626207595564,0.626927616991,0.627577863025,0.628158400385,0.628672741641,0.629125986546;0.734009816513,0.737792336897,0.741778959512,0.746001148999,0.750533676036,0.755513778228,0.761126734531,0.767643355507,0.777261910954,0.791153897482,0.772312023221,0.740166848127,0.880512313034,0.788771184486,0.782743275261,0.779072725748,0.756787907338,0.721454611336,0.682448874412,0.690475022694,0.686464958333,0.670665135998,0.649022130558,0.639217473295,0.632401378764,0.616381443566,0.621517472891,0.615902727034,0.625458700241,0.636074722257,0.639598830339,0.640036206013,0.639646677837,0.639135051517,0.636629058828,0.632812164749,0.629839613351,0.628015696231,0.627082964946,0.626755890129,0.626801113593,0.627053800664,0.627408981073,0.627803996668,0.628202998459,0.628586293926,0.628943746479,0.629270844474,0.629566377567;0.734767159806,0.738653520887,0.742667881535,0.74676234108,0.750901562293,0.755084361752,0.759328833133,0.76364666726,0.767862701239,0.769834282579,0.767488060436,0.784778803042,0.773626810994,0.795979520896,0.790363784376,0.764541786022,0.745245793629,0.718255992342,0.668623602252,0.677627007976,0.673690721367,0.6567034313,0.594392536904,0.61290476884,0.622054932381,0.534561206232,0.620057383655,0.632399861997,0.63831338526,0.644025520903,0.647791450974,0.648084079493,0.645655355099,0.642564336706,0.639396330007,0.636328117131,0.633753059811,0.631855008578,0.630585906977,0.629812228814,0.629393836007,0.629213894052,0.629185748613,0.629249456073,0.629365269142,0.629507544275,0.629660100356,0.629812986915,0.629960322856;0.735586377892,0.739703109063,0.74391761119,0.748083481266,0.752032313,0.755673145079,0.758971799125,0.761803308265,0.763974468644,0.765415217991,0.767272300416,0.771789357479,0.772734194529,0.779148633764,0.790161538063,0.751276967467,0.747241643698,0.728595481077,0.700315890193,0.677244722362,0.661732343076,0.647461773659,0.631506099494,0.628738490046,0.630688364569,0.62825542854,0.634061721905,0.640880414978,0.646667418862,0.653901657139,0.663104542086,0.662536401427,0.653879807546,0.647426722885,0.642960055276,0.639579053433,0.636933737425,0.634901584922,0.633392795851,0.632310198288,0.631557111306,0.631048184868,0.630714491352,0.630503679883,0.630377568104,0.630309017177,0.630279051691,0.630274553082,0.630286537723;0.736494293065,0.741044194091,0.745788832924,0.750453175051,0.754555895774,0.757906453653,0.760736843868,0.762724881691,0.76349766577,0.76400513879,0.76552208538,0.768802456841,0.772429753665,0.771786872401,0.76012261217,0.687359202173,0.746835167469,0.762507286788,0.702745517905,0.645765910202,0.634647382512,0.623594418439,0.61970828595,0.628622390867,0.636140655262,0.639595900512,0.642985328354,0.647201638452,0.652755905178,0.663360775336,0.705306683504,0.695339584543,0.662215661026,0.651624161911,0.646016904299,0.642259313985,0.639457017844,0.637287983323,0.635601602002,0.634299758524,0.63330366753,0.632546786574,0.631973976202,0.631541065746,0.63121371567,0.630965807412,