KLF5_OAC1=[0.52752521142,0.527030937539,0.52656801369,0.526087494148,0.525500024743,0.524845017103,0.524273823441,0.522709764915,0.518098053639,0.516234269494,0.543745040232,0.538325203494,0.492375768465,0.410154130339,0.423342798944,0.435871995248,0.471683352964,0.488367010469,0.450004310647,0.431424800106,0.422340691271,0.41560834381,0.400811341968,0.396788148292,0.421843792638,0.435803621117,0.440436081796,0.44105357729,0.441122121245,0.442329489962,0.446434356314,0.452222625037,0.457726976808,0.462482634947,0.466605445533,0.470233273742,0.473433322164,0.476219111955,0.47858143845,0.480515612344,0.482038069991,0.483189137799,0.484025302547,0.484608248347,0.484996217111,0.485239360665,0.485378297435,0.485444533678,0.485461724679;0.530421576871,0.53022132673,0.53027877365,0.530566420044,0.530783205464,0.530936893307,0.533232647102,0.540963528992,0.525239846927,0.508909783385,0.505279745761,0.493155466793,0.466609471463,0.434359374898,0.400883257093,0.390019110084,0.383359774289,0.434612380927,0.431779833649,0.408446044881,0.406416703857,0.410850054853,0.413673172432,0.42189654641,0.437586439443,0.450057799366,0.45037435933,0.448405491258,0.448143250893,0.449587415994,0.452565588472,0.456558559282,0.460866945811,0.465073315199,0.469031853779,0.472695255855,0.476017202204,0.478928943548,0.481357990911,0.483263037296,0.484657302253,0.48560401788,0.486192415245,0.486513531877,0.4866462665,0.486652926579,0.486579924693,0.486460392883,0.486317138309;0.533476460676,0.533588142096,0.534437913001,0.536391932831,0.538745371681,0.538945502971,0.542344665003,0.579327026098,0.526631008817,0.495533019936,0.483100689141,0.474013374394,0.442881528184,0.434928331137,0.416575764154,0.356984285717,0.383580797643,0.42344066248,0.435482888603,0.381268688913,0.388224161665,0.395877133617,0.409711467947,0.427965253764,0.459035301362,0.508499592624,0.463416594687,0.453639738659,0.452354965151,0.453798265955,0.456544990919,0.460031627889,0.463889572313,0.467872848423,0.47183726005,0.475677423727,0.479265412996,0.482428477318,0.484987423408,0.486838319288,0.48800512617,0.488612575576,0.48881731604,0.488758283676,0.488540626353,0.488237830891,0.487898704839,0.487554126911,0.487222492064;0.536632584006,0.536861433138,0.538530899367,0.543706782263,0.556860101433,0.555281263631,0.547270380945,0.612370769391,0.480106792366,0.471690437938,0.463030064643,0.450281043026,0.367393084864,0.43376295517,0.428880227631,0.297492866306,0.396451351896,0.417566851942,0.508832861338,0.408397140443,0.371829900957,0.326053954365,0.395362880376,0.424687750116,0.454434389722,0.487379378783,0.460651795853,0.453677063446,0.453918190644,0.456221217583,0.459324307033,0.462870456105,0.46671274585,0.470766499448,0.474970052062,0.47923631048,0.483380635299,0.487069665807,0.489898816588,0.49163183413,0.492359898371,0.492378347732,0.49197998996,0.491370835643,0.490678499263,0.489978330057,0.489312484464,0.488702067122,0.488155189734;0.539957117693,0.539709150076,0.541211917665,0.548371774853,0.575598033736,0.569849464574,0.530407891627,0.504828783333,0.456900256438,0.438918050707,0.446420364817,0.456826005908,0.378019538757,0.415728038697,0.475045644786,0.425455482834,0.413259386282,0.321909631726,0.397431876426,0.367203233233,0.381710446189,0.36954061058,0.395242291972,0.418395722066,0.434359270822,0.439723260046,0.443222850422,0.448909708439,0.453603450448,0.457627294456,0.461450068359,0.465319655363,0.469373670504,0.473707309912,0.478395953224,0.483457957441,0.488716198982,0.493564771433,0.496993038626,0.498386188314,0.498155602746,0.497099414753,0.495749023949,0.49435629745,0.493035583604,0.491838540471,0.490783264854,0.48986877517,0.489084244294;0.543952242451,0.542248745389,0.541504061545,0.545537675009,0.593834034889,0.545982388618,0.512659156546,0.49303149034,0.446807187023,0.47233805675,0.476212835341,0.460514300287,0.461886372279,0.458607694413,0.458364270654,0.446071752339,0.431683915642,0.415570407608,0.396820101545,0.380824313491,0.39942558333,0.403143127388,0.349983402762,0.414117532026,0.425979175815,0.382077316798,0.419798494635,0.444312330341,0.45338421271,0.458921334638,0.463384510783,0.467586567066,0.471910953763,0.476627770845,0.48200838696,0.488350219453,0.495799749643,0.503527304247,0.508544754654,0.508633896705,0.505992677922,0.50294091489,0.500137998204,0.497672910576,0.495550216674,0.493754250279,0.492252817892,0.491005110187,0.489969757217;0.550159486597,0.545589467483,0.540712766596,0.535482722323,0.519323898965,0.490325341118,0.484987460033,0.483093559351,0.483877519558,0.50185105911,0.530155642415,0.461204214354,0.492831761814,0.532570137031,0.474903059147,0.458101958377,0.444808488109,0.430285259146,0.401537407204,0.375250436311,0.415477143232,0.427088259964,0.449374933799,0.456264095114,0.437376697545,0.415926087068,0.428656997055,0.446279752158,0.455073387726,0.46080642871,0.46544666991,0.469796576562,0.474310173166,0.479378379753,0.485502588629,0.49351032397,0.504883606015,0.521071458115,0.532699214398,0.525508441089,0.516237016524,0.509851443912,0.505056280401,0.501211123512,0.498109544758,0.495624970281,0.493639422732,0.492047749444,0.490763717265;0.563531667717,0.551335227022,0.541675918712,0.532378479283,0.515943205272,0.500065007602,0.494473224952,0.502428327409,0.56340527892,0.548013019122,0.52096079529,0.503491052303,0.504135925182,0.506172882411,0.480798472772,0.464544326918,0.453452183264,0.442081555166,0.429944884062,0.425222443279,0.432438991442,0.444128256898,0.476343740873,0.475143888158,0.451486304314,0.444649735889,0.446480501263,0.452645533877,0.458466772608,0.463346243608,0.467704664975,0.471963652222,0.476497909448,0.4817362114,0.488340994269,0.497646267361,0.513242340647,0.550446908919,0.642197682425,0.548995962747,0.527450121275,0.51753548132,0.510357841288,0.504785590974,0.50053382876,0.497306864586,0.494837464684,0.492921561022,0.491412922978;0.601570878175,0.557910722966,0.544019251898,0.53373999718,0.535243164214,0.537822140067,0.515108369581,0.39024735242,0.597287991144,0.569570125937,0.526772334678,0.511858517028,0.509519381019,0.604612337673,0.440937366061,0.463532256511,0.458381916953,0.449020432996,0.441440445079,0.439899899903,0.443323262597,0.449564861049,0.457215644484,0.459160486084,0.455687943559,0.453880687793,0.455052941301,0.458282026715,0.462201887637,0.466144058094,0.470030248503,0.474021725936,0.478386152637,0.483513387511,0.490046879347,0.499247076053,0.514125032901,0.543245295426,0.577666260208,0.552210713843,0.53865885931,0.526799319252,0.515986061387,0.508074784929,0.502545030396,0.498609539732,0.495723720677,0.493546860235,0.491864800827;0.575554167062,0.559877186938,0.547488659231,0.525510945646,0.478461819718,0.546295930833,0.577704952967,0.542390978236,0.562253788878,0.543873990684,0.515400188183,0.510833567368,0.506068492606,0.500017942847,0.470283139305,0.468248776895,0.461441410159,0.447458536698,0.43427037126,0.442482523458,0.448795218614,0.452771183613,0.455671025619,0.457059707642,0.457383019524,0.458076327308,0.459804417951,0.462425404592,0.465532295511,0.468835899835,0.472261867871,0.475895105558,0.479930714784,0.48467803049,0.490623110593,0.498555375764,0.509666741494,0.524679379725,0.540149471228,0.55709386802,0.570133831143,0.541138509982,0.521214682917,0.510362959173,0.503737485732,0.499315157944,0.49617763359,0.493853447331,0.492076199481;0.566976052217,0.563500391928,0.564169064811,0.538793672158,0.505636293994,0.543237677548,0.547756340666,0.552654278654,0.537016842326,0.595536782856,0.502481355008,0.50008178241,0.501563115061,0.495501349665,0.485208184476,0.475455554563,0.464637302513,0.442663715439,0.346295630859,0.443010148218,0.452976522095,0.455576185431,0.456076985654,0.456377665739,0.457762808721,0.460075597054,0.462727067973,0.465502905491,0.468355852122,0.471278516873,0.474310414479,0.477549045931,0.48115232062,0.485348030104,0.490455131776,0.496902055259,0.50519018715,0.515846833352,0.530989507877,0.56882781932,0.699664405593,0.549613914105,0.522322172642,0.510487292209,0.503696134603,0.49925315751,