LIN28A__poly=[0.577576463536,0.579266148731,0.581077573923,0.582986606567,0.584942650204,0.586858719363,0.588618813198,0.590140786877,0.591476699171,0.592561639066,0.592105552229,0.588528567004,0.592137076988,0.6083480317,0.62150714883,0.634102800439,0.644506934503,0.643645200611,0.688975311705,0.740862415541,0.764440595326,0.785775378673,0.835031909013,0.816884985365,0.824337276936,0.815354509021,0.82314197021,0.838492179451,0.846644802027,0.873934603427,0.900551392368,0.874463293334,0.892442421341,0.911046653953,0.871687394823,0.869819552776,0.864923131158,0.836647596497,0.810070457325,0.791814850449,0.776789197501,0.763797618003,0.752321469024,0.742056176056,0.732792889453,0.72437643124,0.71668626536,0.709626140883,0.703117690497;0.573464727165,0.574997147051,0.576662487184,0.578436441521,0.580252487747,0.581959941962,0.583269098008,0.583798730908,0.583634213219,0.58407419266,0.582832315157,0.55257836484,0.484144129212,0.604722329883,0.622750868455,0.636768986501,0.642167476986,0.590090856807,0.698999309218,0.736140561276,0.77391441941,0.808927660449,0.789045723617,0.803933616807,0.8112044642,0.810452962627,0.818748599436,0.834061423347,0.83849013775,0.848235639843,0.854589114782,0.860486032191,0.875468115971,0.885269329593,0.867365758239,0.859506621066,0.846337831489,0.825301596355,0.804829406708,0.787508854532,0.772846782309,0.760131986169,0.748899941417,0.738850030959,0.729774794556,0.721522062245,0.713974990438,0.707040885782,0.700644461669;0.569098675737,0.570459297267,0.571980308293,0.573656419851,0.575441788394,0.577168943411,0.578309675312,0.577447323448,0.572184203647,0.569290433367,0.580619968249,0.589914960684,0.686488157875,0.613699693505,0.619015425185,0.637252698734,0.659889583672,0.728056786206,0.783572019433,0.714923564639,0.734489586957,0.758422880506,0.772485794355,0.803149140316,0.813719565946,0.804259812162,0.811841312114,0.824201738493,0.827435254666,0.834760623632,0.843815426865,0.855197771718,0.874986011656,0.864637275407,0.882185398577,0.869307655986,0.850274056443,0.818115234717,0.797425478966,0.78106996607,0.767197564226,0.755091449072,0.74434289952,0.734686524502,0.7259370603,0.717957705754,0.710642919464,0.703908551885,0.697685853469;0.564448392149,0.565607410581,0.566965890954,0.568561162832,0.570438612034,0.572622370921,0.574826236837,0.574644437637,0.559617066406,0.436763267102,0.580751708635,0.606114875604,0.610613248697,0.602659367701,0.588797655912,0.632136299579,0.663867072189,0.714729915671,0.71650188757,0.713628761036,0.750829878845,0.743835096874,0.756465817122,0.774177698315,0.78943392911,0.78853234149,0.799763259199,0.815638658174,0.808402910288,0.815537984887,0.831467146681,0.852793296906,0.846652285695,0.84360809126,0.850661250797,0.845418404317,0.832075817657,0.805944111277,0.787424334894,0.772665571146,0.759991509326,0.748787571056,0.738735917208,0.729632895856,0.721333055886,0.713725939213,0.706724184892,0.700256665786,0.69426422619;0.559477830781,0.560381575403,0.561519034333,0.562974425993,0.564919155253,0.567802696956,0.573061909911,0.584460178068,0.580892453432,0.575815730038,0.585061885178,0.633505516352,0.599542046934,0.61938799851,0.605172529365,0.624016235505,0.649648614737,0.681484530974,0.703904460954,0.715363241873,0.721946063944,0.730995801739,0.743696864194,0.767522405486,0.772894183046,0.772555518912,0.779699852586,0.786890912152,0.791463030892,0.797807547038,0.806927657857,0.816642257807,0.819835173812,0.819838023128,0.818500826223,0.812600076404,0.802358662373,0.788635281167,0.774976992713,0.762620101747,0.751497014041,0.741414678998,0.732219484728,0.723793287107,0.716041928828,0.708888130092,0.702267129077,0.69612381567,0.690410742667;0.554150883993,0.554719230923,0.555531798031,0.556689037561,0.558392780616,0.561213891793,0.567442929372,0.593483990942,0.590971097608,0.639797252782,0.56467210748,0.559459981842,0.575351303662,0.59109660776,0.599310290362,0.608479555938,0.590182492402,0.666986295058,0.699290642917,0.718182009665,0.716241650936,0.720388467765,0.731179592996,0.746499258908,0.754306227309,0.758036154883,0.76513933439,0.773179284154,0.777537912604,0.781332847743,0.786727887041,0.792330579252,0.797419284631,0.811378840526,0.802162157327,0.790698291885,0.781822631689,0.771967296845,0.761654183637,0.751597060436,0.742097359862,0.733225685167,0.724971158101,0.717297442354,0.710161396462,0.703519636241,0.697330971389,0.691557261708,0.686163615695;0.548437346848,0.548567433205,0.548924312647,0.54959007373,0.550665574285,0.552299527937,0.554647023717,0.556085076527,0.545319455021,0.526429641641,0.521867479573,0.44101721839,0.549006061422,0.594915922138,0.581283112179,0.581559828808,0.61928394782,0.656350657993,0.696333362699,0.706082036469,0.705983425118,0.710258536362,0.719758641506,0.729816547365,0.738352928719,0.745895778044,0.754649840562,0.786838481055,0.76897364661,0.766532141724,0.769591232493,0.773456163369,0.777677814126,0.784104477678,0.780193727944,0.77162777027,0.764253277695,0.756527917565,0.748402518132,0.740198176676,0.732177093448,0.724482910552,0.717179038046,0.710285082934,0.703798042192,0.697703498288,0.691981536688,0.686609941362,0.681565949216;0.542315228438,0.541881751262,0.541641479205,0.541666850877,0.541968125335,0.542362059376,0.542076819009,0.538448955706,0.522070047527,0.486020722551,0.504675401025,0.456738806964,0.740642620535,0.559195065411,0.557759258451,0.587227160289,0.63234733813,0.647110232324,0.680373380016,0.686107760425,0.691777294657,0.70114540835,0.713959771466,0.722294422857,0.729742168759,0.741217583479,0.743824086685,0.750843462318,0.75167112886,0.751996778303,0.754556060731,0.757268075263,0.759344695173,0.760189828158,0.758181300206,0.753684215568,0.748175698763,0.742062612844,0.735525438102,0.728781702774,0.722029990606,0.715412343057,0.70901646179,0.702890652655,0.697057585856,0.691523969906,0.686286802345,0.681337312919,0.676663444623;0.535771293222,0.534610942115,0.533597031652,0.53285030632,0.532416260036,0.532110423255,0.531316788471,0.528739813581,0.522736651917,0.515037114801,0.502125940731,0.42710564877,0.510640857888,0.488071205945,0.504607576063,0.569049220766,0.607509431257,0.636791148347,0.672154266587,0.674849725042,0.68165393461,0.693557187089,0.7261604139,0.721587963324,0.721767780839,0.764849242615,0.732046174068,0.731890348388,0.73499325451,0.738598757188,0.742312231235,0.744396641323,0.744460501172,0.743331088114,0.74106199643,0.73763460885,0.733338090415,0.72843358927,0.723108198978,0.717529631553,0.711848405144,0.706185206716,0.700627267326,0.695232697583,0.690037342767,0.685061126023,0.680312989834,0.675794477498,0.671502248302;0.528809723254,0.526686878248,0.524606606511,0.522829148082,0.521611765981,0.520942516733,0.520494344803,0.519885054584,0.518680163877,0.516143372372,0.509834904768,0.501140661842,0.512637518256,0.509963650786,0.482117451928,0.553513960482,0.586092266639,0.632343579967,0.649770893971,0.663735389862,0.674915079296,0.685611074381,0.697168629331,0.702555235283,0.705987549272,0.711757059762,0.714159569128,0.71686437503,0.72144285555,0.728174917163,0.736969837591,0.738351747208,0.733334013865,0.729512982197,0.726416404798,0.723205065831,0.719590040541,0.715552013375,0.711163721773,0.706527226822,0.701748196076,0.696921122891,0.692122368128,0.687409170829,0.682821878857,0.67838724892,0.674121672788,0.670033896132,0.666127154379;0.521483780331,0.518054139806,0.514350947079,0.510865587742,0.508496615845,0.507515225884,0.507238975225,0.508100415755,0.510723228679,0.513185103812,0.513634809692,0.512457281009,0.513754956953,0.525154725759,0.552042330592,0.613362510747,0.604591222707,0.67095343469,0.644737181432,0.670463061539,0.677740225501,0.686274046243,0.691741182057,0.691264391024,0.691906131111,0.694940567727,0.698562190571,0.702817055988,0.708785555801,0.719420620702,0.756120477781,0.749675705198,0.724210457241,0.716875111659,0.712979716523,0.709836054654,0.706684843837,0.703304828154,0.699664890164,0.695806077896,0.691794434669,0.687699334011,0.683583188783,0.679497372262,0.675481606646,