LIN28A_OAC1=[0.357066806174,0.361285925228,0.365955411488,0.371104487444,0.376858926275,0.383438887248,0.391277214896,0.402242030446,0.420159747118,0.446445270085,0.502753603356,0.521333344579,0.512317041912,0.589566310455,0.558113420796,0.527040920526,0.550390116218,0.579981984799,0.564637999721,0.562663419294,0.564648022179,0.571985705077,0.592196529055,0.6035433354,0.58646366232,0.577435981224,0.571526644547,0.565742866288,0.559500374961,0.551852629935,0.540969502789,0.528289621482,0.516283652286,0.505761042095,0.496690221144,0.488842157818,0.481965536809,0.475825880054,0.470220234898,0.464989551084,0.46002597332,0.45526976077,0.450697092854,0.446305130096,0.44209985039,0.438088493336,0.43427587129,0.430663128164,0.427247796088;0.351283379341,0.355306512339,0.359641123589,0.364147012851,0.368873076437,0.373932493737,0.378209623033,0.379844926934,0.404115356256,0.435377141631,0.465559155738,0.483539174717,0.493001463542,0.513692095777,0.529291630841,0.481372061241,0.459599140845,0.522629334748,0.54267753272,0.564461255734,0.561178946711,0.556032361485,0.560695366414,0.566490783811,0.56943998369,0.568856057904,0.560539231091,0.551236171827,0.5429729609,0.534770638075,0.525883157854,0.516509351001,0.507376840535,0.499002258927,0.491553927421,0.484987296976,0.479151267768,0.473846792151,0.468872997007,0.464071674154,0.459355134024,0.454703359318,0.450138789408,0.445699109177,0.441420001968,0.437327985143,0.433439145692,0.42976040782,0.426291578709;0.345016678323,0.348971773876,0.353108744305,0.356765087707,0.359609034088,0.363197079323,0.364596602203,0.340910868179,0.392240357037,0.428231602821,0.450416178076,0.475360270017,0.481392155135,0.473649816171,0.471724144928,0.479856958987,0.481133909371,0.505323634933,0.539502136013,0.581245871189,0.55771968598,0.541586460515,0.541519213469,0.549952733713,0.56860734848,0.601806456886,0.557609332241,0.540941241046,0.530625688867,0.522062079592,0.514046855435,0.506319019356,0.499014311083,0.492336651889,0.48639558577,0.481171693263,0.476524342078,0.472217817347,0.467986559999,0.463634824117,0.459103541041,0.454450578195,0.449781296732,0.445194653323,0.440763196079,0.436532668095,0.432527516865,0.428756789939,0.425219084332;0.338154213474,0.34233164659,0.346920905107,0.350143584774,0.34585877285,0.347962228108,0.353815886405,0.307742254143,0.426638093652,0.436234150301,0.446796264899,0.456749227279,0.479649842979,0.439641969247,0.43345448175,0.335651626147,0.459325717728,0.483117331052,0.586419531718,0.535683737485,0.545470131533,0.503805929133,0.523050331446,0.53850537315,0.556702730051,0.578299566329,0.548117921934,0.531263350111,0.520111461843,0.51135833266,0.503866894424,0.497183533346,0.491194697557,0.48593093997,0.481435163036,0.477675125337,0.474470003223,0.471446643924,0.468126577815,0.464186490111,0.459644731932,0.45474877905,0.449760519339,0.444862248381,0.440160619599,0.435711403996,0.431538128466,0.427644088775,0.424020439304;0.330344174974,0.335044835198,0.34140474615,0.34922363913,0.3462207723,0.3421459736,0.356848032758,0.375391064074,0.426721179223,0.458333801667,0.457511352033,0.446387354658,0.369145660513,0.36851433333,0.385055873697,0.426335455746,0.440403509846,0.360426687855,0.490957748283,0.546713223736,0.52068080643,0.509057992791,0.5250192927,0.535361355281,0.541027487012,0.546551894971,0.53731645584,0.522091561974,0.510300324764,0.501477917725,0.494460149208,0.488629290597,0.483746261796,0.479775370924,0.476764344982,0.474733297789,0.47349904823,0.472412902583,0.470364613856,0.466620470681,0.461528711298,0.455879075403,0.450204014297,0.444749561471,0.439619367997,0.434852108518,0.430451614402,0.4264019615,0.422677279636;0.320892894085,0.325993354374,0.334272388172,0.350550864716,0.430347194629,0.378229333366,0.34951092026,0.349033355233,0.341461511225,0.399437565022,0.438889294609,0.463761123641,0.437492426152,0.419252836439,0.419953296794,0.430333225352,0.437583986608,0.444337997262,0.462678906549,0.487951215896,0.495038752658,0.513278443133,0.601881869076,0.547196539026,0.538581589353,0.586904845891,0.544128545661,0.51376749824,0.500310642963,0.491657065048,0.485267505716,0.480295696418,0.476457829048,0.473744425784,0.472319135111,0.472451125138,0.474288328159,0.476959950739,0.477262158963,0.472702743291,0.465499391087,0.458092851824,0.451181409775,0.444853367326,0.439105316051,0.433911192609,0.429226075683,0.424994889041,0.421161527844;0.308703241731,0.313851382237,0.321897417831,0.336455214059,0.368891472396,0.380879599885,0.320686307901,0.308740635725,0.31045371956,0.379342153941,0.4586130047,0.466315878585,0.453097796996,0.492468969395,0.438087697181,0.432929948227,0.433796152624,0.436130215758,0.426197784882,0.414643501609,0.470503070439,0.499683435957,0.548919423688,0.546333753467,0.52644945058,0.540203709525,0.522511291546,0.500506012807,0.488886038576,0.481373665771,0.475954505986,0.471936158212,0.469124808067,0.467617411346,0.467795898318,0.470476273235,0.477230140965,0.489659895596,0.497782919612,0.4859917722,0.472064870434,0.461407939934,0.452646883915,0.445093621742,0.438525539122,0.432803011333,0.427792198979,0.423370762631,0.419435670765;0.291023266261,0.298352169367,0.304517719698,0.312138987327,0.328403778853,0.333200942742,0.297621750685,0.286655670272,0.301517804865,0.37066907342,0.393109939236,0.411463132429,0.433200345531,0.454699502257,0.445732215024,0.433820203035,0.427900773631,0.426868822407,0.427706164808,0.435834209776,0.455168469568,0.478881818067,0.519525049495,0.522462352836,0.502665555156,0.498272575924,0.492188560634,0.483508858087,0.476162869122,0.470595569406,0.466426679269,0.463425275956,0.46158148798,0.461121791946,0.462630583495,0.46748177811,0.479536064554,0.515426536259,0.611410675645,0.506732421873,0.479758687814,0.465568061136,0.454488547816,0.445301160441,0.437708132425,0.431390059745,0.426051559319,0.421462749242,0.417455527596;0.257745328722,0.282122489338,0.285106077488,0.283178739841,0.275837030153,0.274045913365,0.264820434047,0.199763976298,0.277058343931,0.343096949248,0.366605849812,0.386260904861,0.415446549717,0.56428893537,0.501994629413,0.434132277358,0.41871844168,0.414678282789,0.416691704722,0.425749844191,0.439750189841,0.455939711574,0.471628145814,0.478631392657,0.477550824214,0.475280783853,0.472027891056,0.467745525701,0.463422034091,0.459700242443,0.456781453102,0.454747528161,0.453737031166,0.454050254326,0.456305291038,0.461831072273,0.473907894467,0.501967996092,0.536468841184,0.505493972721,0.487572323391,0.471534205806,0.456688024151,0.445146011654,0.436363621056,0.429477352523,0.423882618522,0.419196902257,0.415176495878;0.266824125854,0.27022828692,0.266569573485,0.254501558181,0.218728825028,0.244932313207,0.245082205327,0.2780739286,0.290394979469,0.332025501072,0.358000162197,0.363497711311,0.389463205808,0.423067717859,0.439020204778,0.415956341822,0.403366016623,0.394977431525,0.390909303394,0.407708713429,0.423624921596,0.437200381323,0.448355220331,0.455354951893,0.45800785301,0.457938393063,0.456370663687,0.454002177671,0.451417699984,0.449054087286,0.447174626362,0.445957848733,0.445596160397,0.446381138787,0.448805120804,0.453713061506,0.462420283402,0.475758892579,0.489957424539,0.506133313848,0.518261338394,0.483322109494,0.458465314034,0.443838450309,0.43404745833,0.42683232767,0.421163131117,0.416507930045,0.412563498038;0.2656162699,0.260047393778,0.247557410599,0.234454776048,0.224771193032,0.246650434782,0.268291492008,0.310654785361,0.29391020234,0.264657022262,0.298970304996,0.337997153893,0.364228188575,0.381889632092,0.390505473588,0.389484963155,0.384939232639,0.372808883857,0.297924308874,0.390524808951,0.409874290727,0.423362371228,0.434321181706,0.441758104003,0.444805472702,0.444835557028,0.443602609032,0.44196554708,0.440297862253,0.438826413846,0.437722056379,0.437136642831,0.437241091503,0.438266013154,0.440543364861,0.444535947255,0.450801172987,0.459939231166,0.474344782358,0.514571703735,0.6604212191,0.488687001909,0.455599328496,0.440052448933,0.430290719579,0.423269731061,