LOX__poly=[0.365083507852,0.359099628832,0.352630278984,0.345619216961,0.338011298192,0.329760928705,0.320842752569,0.311259290948,0.301018961569,0.289948836036,0.277316541136,0.26311027451,0.254717195522,0.255839544044,0.255514020255,0.251442765632,0.241323737135,0.220274093385,0.251859297118,0.302017232294,0.280189463362,0.254086265606,0.197183145206,0.226265960973,0.222726618449,0.23950149877,0.236867548824,0.227149946199,0.230002329733,0.200669496019,0.169380791268,0.249253331319,0.354776177832,0.230116296536,0.28619889687,0.279363153162,0.311884349994,0.325892263114,0.326976924491,0.331735889542,0.337668201257,0.343919162093,0.350154491604,0.356221429021,0.362049681434,0.367610240295,0.372895440238,0.377908720399,0.382659202465;0.366121783659,0.359916326532,0.353141076874,0.345704362306,0.337502917456,0.328432060451,0.318403230711,0.307363863596,0.295386909705,0.282650702086,0.266798210753,0.234072712207,0.190095681307,0.243366709434,0.252412243514,0.251565603797,0.241345520618,0.209369089917,0.252374220547,0.292744680063,0.321018465485,0.236079227551,0.248662372779,0.241266496446,0.242707386483,0.247975127882,0.243638104689,0.23684991868,0.263517041546,0.26069645549,0.244810946013,0.254410255617,0.257205958674,0.25054681885,0.275260092511,0.28353272816,0.30245716183,0.319826946243,0.327766154591,0.334129396224,0.34047472109,0.346823538112,0.353054819313,0.359082984272,0.364861523618,0.370369964213,0.375603485233,0.380566251555,0.385267371969;0.367587073234,0.361209041412,0.354177499031,0.346353207648,0.337556642228,0.327570470015,0.316164688938,0.303061383108,0.287622754366,0.272638257681,0.260730617712,0.234703787949,0.175318914109,0.236979779576,0.24863917576,0.251531348441,0.245186779648,0.205413874397,0.179809544902,0.247336816064,0.250454820712,0.26003554677,0.260816446852,0.251743751492,0.280952501289,0.261522742891,0.251412295846,0.248031066325,0.283951258656,0.284110437184,0.25200182117,0.242207566753,0.223334476663,0.265887299828,0.274416612533,0.267998158648,0.333589492443,0.326710705677,0.33094498839,0.3372527543,0.343770083229,0.350191658998,0.356416890325,0.362396882693,0.36810775247,0.373540889398,0.378697263448,0.383583689651,0.388210371412;0.369523195418,0.363044833408,0.355844040505,0.347727692426,0.338409387308,0.327460530233,0.314308205974,0.298533674109,0.277267916276,0.206577404501,0.257235311533,0.24447059924,0.240138917189,0.233141825464,0.234941785707,0.251939766475,0.247716094983,0.224648362357,0.236683507306,0.233609892361,0.212469458267,0.259331050128,0.269952192922,0.280410725935,0.299975598296,0.276148743482,0.261020032241,0.249103187618,0.273289760805,0.273074521175,0.254405551579,0.22963219951,0.251516723929,0.279165383965,0.297510764095,0.294267350462,0.334812096342,0.331285479519,0.334869851963,0.341120677843,0.347687462416,0.354112823309,0.360289623628,0.366187974097,0.371800323596,0.377128365507,0.382178832051,0.386961492671,0.391487907085;0.371958653635,0.365473610643,0.358231996326,0.349999890284,0.340387519788,0.328664216824,0.313193466406,0.290519261884,0.273901371501,0.261757921555,0.258655777969,0.229671127333,0.251589989632,0.234266903383,0.245560602388,0.255465643213,0.25368677418,0.25331819388,0.256807077188,0.257248490257,0.262233250158,0.27108981529,0.275893272169,0.266932077328,0.274081003944,0.280401526285,0.277115734643,0.276056931347,0.279564145556,0.279815693839,0.274917749107,0.269249412711,0.274335837684,0.285840069568,0.297116858272,0.308944370734,0.322192341891,0.331659313186,0.338792016341,0.345624732484,0.3522635317,0.358632506291,0.364703063097,0.370472223304,0.375946049567,0.381133966334,0.386047010246,0.390697162943,0.39509695026;0.374896584062,0.368509021773,0.361382908342,0.353283386874,0.343803728223,0.332129585832,0.316078558902,0.283927605125,0.270606288427,0.227477576775,0.265438230164,0.262473667175,0.262748942832,0.25991576012,0.259558988553,0.258087455004,0.228948325229,0.265627543056,0.301736130026,0.273111272331,0.276052851256,0.282358295631,0.284143847152,0.280305004743,0.282409843735,0.286753539119,0.285983007102,0.283956342133,0.286542127272,0.289569282977,0.290031937585,0.289966264612,0.290470108248,0.27722202008,0.296013544643,0.31526718086,0.326843194653,0.336094012648,0.34390612508,0.350955274339,0.357545360437,0.36377111103,0.369666848728,0.375252304167,0.380543091996,0.385553243416,0.390296067676,0.394784524018,0.399031358547;0.378307403749,0.372111755151,0.365249808659,0.357533484375,0.348652309458,0.338070541082,0.32488941842,0.308530835707,0.291051975979,0.275584998169,0.275129371103,0.229766680528,0.265546240068,0.252773905899,0.257988724038,0.255312779971,0.260668113948,0.282661580921,0.327268020993,0.289869249676,0.288351590682,0.292330939691,0.293083391004,0.293004252652,0.293420111929,0.293614104007,0.291361557548,0.259843035108,0.288866737694,0.299151442065,0.302210079581,0.303814011278,0.30437120911,0.300874790355,0.310287685483,0.324369134283,0.33448065858,0.342913949455,0.350377852284,0.357194655105,0.363545573403,0.369522156396,0.375170343995,0.380516705789,0.385579828384,0.390374814468,0.394915123438,0.399213375434,0.403281705414;0.382128370026,0.376185092614,0.369684667056,0.362515089604,0.354501570615,0.345388621295,0.334867047649,0.322511515649,0.305204914287,0.281156673696,0.297748755711,0.316656081651,0.150376847469,0.265095530236,0.265568623262,0.259314913976,0.270852617675,0.291283825113,0.289155374534,0.297453374283,0.300756596203,0.300776823907,0.297325917363,0.297959569534,0.29876490297,0.294101519441,0.298714071218,0.297640044863,0.303539153347,0.3098060273,0.312938962014,0.315389694528,0.31803730363,0.321461084282,0.327586493088,0.335708998687,0.34369546309,0.351070650719,0.357887427849,0.364242031083,0.370211557325,0.37584784959,0.381183725537,0.386240920741,0.391035476145,0.395580636327,0.399888277162,0.403969586234,0.407835373029;0.386271989616,0.380585259392,0.374457401111,0.367865997796,0.360761238747,0.353050381381,0.344636875195,0.335454537195,0.325656525958,0.317841740725,0.313307397823,0.279082431156,0.296164522171,0.266010180967,0.267036762304,0.291929091537,0.302313938941,0.304424602459,0.293209003113,0.305153378337,0.310062526057,0.308311421707,0.284002116482,0.297157827452,0.305089997305,0.26443165368,0.308494912901,0.315557123827,0.318430698005,0.320245547867,0.321421869023,0.324086387554,0.328725312036,0.334198471157,0.340289247428,0.346889375064,0.353558103631,0.360001061252,0.366129648623,0.371940613264,0.377453272599,0.3826884138,0.387663050807,0.39239055772,0.39688198163,0.401147145176,0.405195318326,0.409035564233,0.41267688682;0.390643368237,0.385140935135,0.379275283899,0.373138338909,0.366826888123,0.360322608876,0.353575337302,0.346769435356,0.340282361036,0.334347452931,0.327608616255,0.31822318157,0.316058622716,0.303724080133,0.277139680203,0.324327148235,0.339962226595,0.31757578396,0.317774476325,0.318017736098,0.318395878356,0.31754003446,0.31457535291,0.31715032812,0.32123111588,0.32219110127,0.326389168386,0.329807709655,0.330567020068,0.32820091657,0.32266957142,0.325618843219,0.336082035489,0.344544596806,0.351428271456,0.35768994126,0.363660011723,0.369394096034,0.374890973688,0.380150186457,0.385176509676,0.389976714185,0.394557598544,0.398925517533,0.403086565204,0.407046866858,0.410812778653,0.414390970197,0.417788421161;0.395169171758,0.389685322665,0.383775332186,0.377691393523,0.371926172197,0.366487835677,0.360814835344,0.355434228993,0.351279716098,0.347625224604,0.343674315664,0.339935002022,0.339824011751,0.343746816458,0.339129054483,0.316611730703,0.342477599659,0.295025390519,0.330211248674,0.316735451922,0.319253196336,0.319441945412,0.321889967848,0.330028923158,0.336627154536,0.340202296696,0.342657711649,0.343910587073,0.342653468821,0.335256076974,0.295536378219,0.307219409049,0.342272965838,0.354729530631,0.362388533901,0.368496194096,0.373976035307,0.37912689881,0.384046584195,0.388767234681,0.393299870214,0.397648755675,0.401816122734,0.405803864194,0.409614224311,0.413250089923,