LUM__poly=[0.277299920626,0.271805539407,0.265966791398,0.259753503576,0.253138746904,0.246105382463,0.238653988934,0.230808115509,0.222597374699,0.21391947924,0.204265856502,0.193674223622,0.187667193476,0.18920389385,0.190779273694,0.192104325088,0.194731638014,0.182055023531,0.175750778644,0.161287160801,0.154356611947,0.145308102082,0.114912456105,0.130503030022,0.127838608322,0.137066750752,0.133840524883,0.124590417131,0.120643644238,0.101257322731,0.0817529927169,0.106131159032,0.0944834922148,0.0833621775987,0.141841188182,0.215493477898,0.142116616012,0.156196372878,0.175389323449,0.189220210638,0.201316259206,0.21226921035,0.222295892043,0.231526798422,0.240059956351,0.247975043467,0.255338669484,0.26220724455,0.268628963487;0.278214306866,0.272514142544,0.266406839605,0.259837501547,0.252745976749,0.245075160881,0.236784419777,0.227863866677,0.218398765391,0.208551275149,0.196613670493,0.172487066493,0.14032765395,0.180574883831,0.189638159594,0.195233387116,0.210874633352,0.294771462288,0.188122450467,0.171520346831,0.152677076117,0.132010720327,0.14858061467,0.140729734299,0.138067052258,0.141204572368,0.137536848505,0.128279955842,0.127263156536,0.122019085887,0.119532253824,0.117695470232,0.108578169471,0.104791547033,0.129472294775,0.143071217122,0.150392045299,0.164146656345,0.179299513284,0.192938060862,0.205033622864,0.215932256664,0.22587039924,0.235002893931,0.243439585706,0.251264344431,0.258544488048,0.265335788828,0.271685418665;0.279458494775,0.273580609452,0.267231238441,0.260321164807,0.252735512573,0.244337207412,0.23498719175,0.224518604906,0.212504172955,0.201043067453,0.192084451916,0.172963106156,0.12944631091,0.175772768553,0.186259731884,0.192481889932,0.195476173653,0.167040290608,0.139184344263,0.197377114738,0.190496153338,0.171045752721,0.162400902414,0.142497526703,0.137021078195,0.14643037483,0.143226125717,0.136218980748,0.136183965186,0.132921210085,0.128236889775,0.121616211055,0.107753947322,0.120193000805,0.107787443169,0.121692133913,0.139092698516,0.167140197279,0.184404793025,0.198110292564,0.210007438066,0.220668480477,0.230375344764,0.239296096849,0.247543512103,0.25520025759,0.262330950407,0.268988377685,0.275216956884;0.281068446629,0.275057857423,0.268520237592,0.261326442229,0.253282854533,0.244098014444,0.233385423838,0.220888285816,0.204554505622,0.152108548567,0.189299215202,0.180052310198,0.177188729969,0.172517261159,0.174731185703,0.189050124141,0.188044001361,0.171925585296,0.184275265505,0.204418372276,0.184458333952,0.184860658454,0.176087172709,0.164894849998,0.155829037252,0.158903703918,0.152937043635,0.143216619133,0.151455110868,0.148460018467,0.138199011626,0.123103231273,0.130905853354,0.136314028388,0.132621561744,0.139043941492,0.151827070317,0.175456311429,0.19189265156,0.204951409266,0.216288112811,0.226481492193,0.235797678674,0.244388423501,0.252353833799,0.259766899653,0.266684698455,0.27315406923,0.279214719923;0.28306981152,0.276987532236,0.270346559404,0.262986430683,0.254635326262,0.244776917895,0.232240925359,0.214547950013,0.20157588013,0.192218774412,0.189944365643,0.16908013394,0.185756131274,0.173112049247,0.181444567565,0.18900643031,0.188118863979,0.188422764673,0.194919031133,0.204861358652,0.205637693483,0.19729613023,0.187502878912,0.171103834759,0.169027571106,0.171655844245,0.168846568997,0.166003072013,0.165168436807,0.162879458805,0.158226805288,0.152892111293,0.152839909119,0.1553740707,0.158814246462,0.165826154465,0.176182610288,0.18922007634,0.201947212829,0.21341803956,0.223796122457,0.233300681533,0.242080109951,0.250233917243,0.257833695725,0.26493469739,0.271581971569,0.277813719719,0.283663211772;0.285469941383,0.279385058149,0.27274740725,0.265393921089,0.25703624867,0.247089921522,0.233975305308,0.209132576907,0.198399244981,0.166217472907,0.194035287838,0.193417410362,0.195532376642,0.192901671934,0.191026294209,0.189006808425,0.167137066625,0.190507764407,0.205891828445,0.251756442368,0.229586491079,0.209600795471,0.198539641127,0.187708081474,0.18371436577,0.183332319999,0.180625146741,0.17720813123,0.176618804633,0.17643155658,0.174861701966,0.172973704931,0.171321955661,0.161801204725,0.171865871752,0.183745275956,0.193107777667,0.203064072397,0.213223381344,0.223034452197,0.232294561202,0.240981406052,0.249124224051,0.256761242887,0.263929278689,0.270661957031,0.276989865828,0.28294099313,0.288541101572;0.288251606798,0.282225775686,0.275693591065,0.26852492656,0.260497029728,0.251219191091,0.240036911586,0.226547225679,0.212289967164,0.199590149212,0.198286647297,0.169027487291,0.20718575369,0.191545451958,0.189224219783,0.185097131459,0.189061866455,0.203466804008,0.214158102421,0.253138225162,0.236797744612,0.217735046151,0.207516418768,0.200638991411,0.196261497957,0.193171263756,0.189325931943,0.167075410993,0.183955915697,0.188828165083,0.18922398186,0.188815238295,0.187910737648,0.184865071501,0.190423774194,0.199854919676,0.208061452943,0.216374839649,0.224870261626,0.23330887844,0.241499486562,0.249345160802,0.25680883171,0.263883294487,0.270575348421,0.27689834212,0.282868663763,0.288504001178,0.293822418201;0.291371726742,0.285439505654,0.27907655466,0.27220989499,0.264712579777,0.256384865704,0.246970060031,0.236103426361,0.221413589493,0.201323216069,0.207088119702,0.192290828116,0.576630042478,0.205620186375,0.191854044025,0.18425922988,0.194915046446,0.221915225538,0.260714819373,0.245779488307,0.231736717215,0.220781800067,0.210835232608,0.206167324117,0.203072106661,0.197279523262,0.198346113452,0.19599193149,0.198439934921,0.201249718873,0.202147055148,0.202756634017,0.203707894683,0.205497529244,0.209532479795,0.215538181978,0.222247365592,0.229313146769,0.236597420444,0.243935698549,0.251179474578,0.258225535675,0.265012799069,0.271509546841,0.277702455273,0.283589348309,0.289174773084,0.294467323585,0.299477990385;0.294767050963,0.288915775481,0.282717015899,0.276171662915,0.269248343654,0.26185607248,0.253856627667,0.245077614923,0.235422279112,0.22626558613,0.216626191689,0.183148283598,0.216804059141,0.191913162786,0.185165395974,0.197604198848,0.208198557155,0.227716397333,0.270555105588,0.246290089838,0.231314707856,0.222357326718,0.200342593057,0.206279383947,0.209262171703,0.179735987135,0.208213746393,0.211772390788,0.212685172566,0.213031529759,0.213089592461,0.214289352315,0.216996923938,0.220542043643,0.224889088355,0.230064090569,0.235825809833,0.241957213129,0.248309704963,0.254754549885,0.261178205505,0.267491305943,0.273630832204,0.279556162684,0.285243438369,0.290680597382,0.295863651454,0.300794062575,0.305476930269;0.298367920414,0.292516686435,0.286372398613,0.280040922975,0.273622714481,0.267091463101,0.260313278994,0.253218582874,0.245804416414,0.237985019784,0.228890511203,0.219028954084,0.216598475775,0.205327802462,0.182456413517,0.194630662056,0.204119985573,0.218552907406,0.231585819057,0.232545447823,0.228575187085,0.224521817324,0.219957873295,0.219914670854,0.221350222286,0.220963318437,0.223033748623,0.224729619507,0.224730346913,0.222708331118,0.21864635892,0.220453451227,0.227504117523,0.233422058634,0.23856469798,0.243637870064,0.248893799911,0.254358519933,0.259981386689,0.265687772772,0.271399948347,0.277048837416,0.282579451126,0.287951545668,0.293137774825,0.298121079258,0.302892199641,0.307447619553,0.31178796771;0.302123986822,0.29610300829,0.289725637056,0.283254503565,0.277147979357,0.27146863923,0.265715565681,0.259933179391,0.254272464815,0.247813887612,0.239974299266,0.231166972442,0.222991570446,0.218047201418,0.216319923914,0.197121739159,0.209971009795,0.194333407377,0.225336925824,0.219278403086,0.221574350166,0.221404066514,0.222694030322,0.228001673954,0.232354979472,0.23471997245,0.236381732181,0.237254799572,0.236419965131,0.231369263565,0.20403537896,0.212238209134,0.236706588843,0.24572928002,0.251644013768,0.256731464973,0.261649867802,0.266601841242,0.271627668466,0.27670536052,0.281790684539,0.286835466044,0.291796254245,0.296637780514,0.301333547018,