SMAD4_OAC1=[0.735672609714,0.736910958383,0.738290141471,0.739719761208,0.741068082362,0.742251112499,0.743191093363,0.7430360306,0.740290617749,0.737587533661,0.748624879251,0.73718242995,0.694031068196,0.598180895243,0.704531297191,0.717678748894,0.737792216924,0.767454223007,0.763797873148,0.763529104715,0.763933104857,0.767193947101,0.778223659269,0.785354802228,0.777964327535,0.775696898798,0.775658130896,0.77603834792,0.776348972991,0.775977876293,0.77395369768,0.770981649918,0.768245395835,0.766099115758,0.764500655357,0.763328075995,0.76246014364,0.761791043937,0.761234264593,0.760726024158,0.760226857007,0.759718975577,0.759200040272,0.758676154268,0.758156406187,0.757649617975,0.757162857333,0.75670102859,0.756267011905;0.7358720058,0.737542235748,0.739562314705,0.741845060001,0.744140230194,0.746386047071,0.749693255214,0.755512388132,0.747898453825,0.73911114536,0.736998024339,0.729253680439,0.711157750365,0.694664122576,0.723950272535,0.71618454133,0.677103445952,0.741346954846,0.754779919186,0.765078921143,0.761080386205,0.756974237101,0.7604036571,0.766027221509,0.770637545237,0.77354849939,0.772566526778,0.771234017146,0.770505307005,0.769793844113,0.768675186424,0.767220536559,0.765763673204,0.764534735232,0.763600557683,0.762933704703,0.76246347704,0.762102501615,0.761766637087,0.761393569835,0.760953622809,0.760447017456,0.759891792557,0.75931149546,0.758727681913,0.758157001507,0.757610875202,0.75709623344,0.756616540402;0.735910438069,0.738076226205,0.740984938324,0.744736719544,0.748805989015,0.75178496818,0.756815158195,0.779887251787,0.754129456851,0.736763158561,0.734130966953,0.736555740628,0.7167662038,0.719514032566,0.724352182438,0.74891642523,0.740205990008,0.743487235836,0.756538055253,0.772569062097,0.753943778284,0.740740492135,0.744472107885,0.755353158959,0.770391459577,0.79195652539,0.772821428921,0.768082871107,0.766509931505,0.765689166316,0.764994341352,0.764288131474,0.763631766393,0.763119378381,0.762800834192,0.762667706646,0.762658818714,0.762673424866,0.762601015968,0.762365014855,0.761950417028,0.761392876062,0.760746992112,0.760062651152,0.759376757274,0.75871356069,0.758087425226,0.757505629849,0.756970660686;0.735637414854,0.738244338977,0.742204344083,0.748508456214,0.759218911071,0.761786700139,0.761713432597,0.804105792939,0.75288195162,0.721754210599,0.725982289394,0.761007098279,0.685475174107,0.735244082051,0.728871977561,0.537554150331,0.72435593162,0.748129009166,0.783326376992,0.738097299907,0.735124134117,0.670812942096,0.722249763718,0.74599711255,0.763261856987,0.780092220029,0.769193883369,0.764954999101,0.763298488862,0.762545898411,0.762157695546,0.761938421888,0.761853236907,0.761930074365,0.762198203888,0.76265001046,0.763210390999,0.76372016953,0.763977580997,0.763853896276,0.76337202517,0.762652635189,0.761818695845,0.760955447413,0.760113468543,0.75932032195,0.758589129254,0.757924032648,0.75732382012;0.734913571931,0.737647666913,0.742319930645,0.751014195512,0.770718596613,0.771502467006,0.753734775194,0.746997304512,0.736217842684,0.670264728903,0.697516998203,0.767432053236,0.798895553733,0.78257787575,0.762318487602,0.72300141149,0.731701138888,0.795478942886,0.723059021727,0.663715184889,0.714716405491,0.700621439145,0.724276995054,0.74159425132,0.753220971392,0.763449370133,0.764703786057,0.762043791323,0.760479059516,0.759889093241,0.759797818386,0.759977882351,0.760363381453,0.760968208453,0.761833591112,0.762980905545,0.76433646524,0.765620083387,0.766354484904,0.766238339243,0.765446675552,0.764339176708,0.763155119935,0.762005240971,0.760937002785,0.759969214135,0.759105509095,0.758341053514,0.757666831376;0.733777789557,0.735958986967,0.740313421311,0.749610186523,0.784426030675,0.765154710363,0.748661244781,0.730602965116,0.663049805963,0.68842399528,0.709162763049,0.752447962955,0.760837731542,0.760307149372,0.748778008335,0.736589860107,0.734797058199,0.736141265459,0.723533858752,0.702823426905,0.717879937241,0.723761736671,0.768168690883,0.739902389932,0.747988493132,0.784142384892,0.769336492344,0.759824892984,0.7578222287,0.757472762116,0.757719367799,0.758276483961,0.75908481168,0.760185057389,0.76167841343,0.763700526007,0.766323709561,0.769165936344,0.77083126668,0.770266995935,0.768480975849,0.766549780733,0.764778384859,0.763205166434,0.761828887962,0.760638844365,0.759616646124,0.75873998474,0.757986472197;0.732854619526,0.733212179088,0.73570377689,0.742627563399,0.757860408073,0.766190839919,0.756738839895,0.74607965927,0.724033557792,0.69189072037,0.663776939938,0.746608982584,0.752460143436,0.77109623419,0.741825295625,0.734683884911,0.733168892945,0.734108793132,0.742645309952,0.753067421916,0.727187708188,0.719696408758,0.693503578015,0.698769282247,0.735421457429,0.760319508507,0.760487334546,0.755828621778,0.754930086564,0.755163428199,0.755828730661,0.756754520819,0.757941856932,0.759488466645,0.761596588917,0.764643748366,0.769323851892,0.776323127276,0.781265421744,0.777444596193,0.772671766949,0.769278888343,0.766660561515,0.764515681398,0.762746025725,0.761290417409,0.760091398119,0.75909739277,0.758265726099;0.734980277206,0.729783235692,0.72853086037,0.731996627952,0.742395996085,0.751169424914,0.751288877282,0.74794841691,0.734965447246,0.695053495178,0.712712945847,0.73058158564,0.740941722382,0.742432036831,0.728473570006,0.726502025586,0.729496944884,0.73241551611,0.735471264681,0.735002854184,0.728573207865,0.717743647631,0.680692992991,0.688977998844,0.727462179301,0.742933176035,0.749164377303,0.751012310667,0.752020871572,0.753018608687,0.754119159321,0.755373915232,0.756869359162,0.758760652025,0.761337622553,0.765218672988,0.772088573663,0.789145439591,0.831909531431,0.78780843387,0.77736443217,0.772403549772,0.768745948075,0.765860277992,0.763612900304,0.761864125543,0.760487018618,0.759384099889,0.758485056165;0.751363372085,0.724455778125,0.718305021239,0.71734242001,0.724051209682,0.736023224036,0.749082167148,0.796783422674,0.697436498114,0.716289838509,0.731225016591,0.734657777366,0.736480873063,0.781679310298,0.651261746328,0.712166626048,0.725435220591,0.731235016255,0.734199533649,0.733537384747,0.730184659756,0.72483583595,0.718567621451,0.720835285856,0.731063175446,0.739571906088,0.74482130825,0.747802080641,0.749702744613,0.751211385234,0.752632494247,0.754125344503,0.755825249534,0.757909693555,0.760675909425,0.764715071331,0.771446492253,0.784911521843,0.800915349571,0.788709445455,0.782113955765,0.776318288454,0.771019218961,0.767096530953,0.764306419363,0.762277443345,0.760752012232,0.759568531082,0.758625085941;0.726634323931,0.713148918048,0.703630219021,0.699590501201,0.6435804959,0.710355014974,0.743912116732,0.719055105147,0.724585701081,0.762218979653,0.76144053461,0.742829487198,0.735114136482,0.723806983784,0.695732149658,0.712653130067,0.724232974015,0.733759851633,0.741585520253,0.736569666359,0.732783252618,0.730589476614,0.72976857401,0.731582907447,0.735695995904,0.740076728441,0.743598600066,0.746191508132,0.748166056263,0.749830920785,0.751397019496,0.753009818923,0.754799018034,0.756921658934,0.759609743064,0.763236971304,0.768367990248,0.775346958168,0.782548943816,0.790456073993,0.796523899218,0.782691912526,0.77314614744,0.767893435362,0.764641813118,0.762434116336,0.7608357115,0.759623335275,0.758670727953;0.712234987815,0.699624783471,0.675340069967,0.675351913277,0.681772823054,0.676917620454,0.692894741951,0.690778742666,0.732879566908,0.787665495979,0.77701224812,0.75046217628,0.736316028776,0.726684232078,0.719034550916,0.718226068245,0.722860192795,0.736313328403,0.794806013413,0.738948906095,0.73434478575,0.734062742976,0.735352474326,0.737454642245,0.73965679167,0.741747099293,0.743734809329,0.745570633305,0.747251497364,0.748834618429,0.750398354814,0.75202507822,0.753805710491,0.755853375329,0.758320077097,0.761408730296,0.765357167372,0.770416192666,0.777591362007,0.795520505692,0.85755304897,0.786354304468,0.773368174678,0.767705610177,0.764428708194,0.762259703346,0.760706564957,