SMARCC2__poly=[0.98733232886,0.987600395081,0.987886769825,0.988193220058,0.988521416879,0.98887262172,0.989247305332,0.989644899923,0.990064594295,0.990511600467,0.991009385612,0.991557936703,0.991923295327,0.992000344842,0.992147169827,0.992443084776,0.992967752776,0.993878432969,0.993601836203,0.993839967436,0.993931999884,0.994127518299,0.99523744652,0.994482677875,0.994517534823,0.994066437006,0.994176166813,0.994570971211,0.994754090933,0.995622743932,0.99650241668,0.995535897364,0.996138538211,0.996779868379,0.995321386846,0.995223228789,0.995016067933,0.993943403132,0.992927749014,0.992218539842,0.991628832484,0.991115098825,0.990658568969,0.990248211146,0.989876415948,0.989537480904,0.989226933739,0.988941167817,0.988677218003;0.987268697614,0.987546214927,0.987844990867,0.988167979844,0.988518443426,0.988899537079,0.98931363446,0.989761590076,0.990239782095,0.990741057396,0.991340979268,0.992479152725,0.993960571993,0.992369669404,0.99221456924,0.992404946644,0.992927138333,0.994138555006,0.993515146164,0.993773571807,0.994285680896,0.994806203514,0.993905697435,0.994061067098,0.994063414224,0.993857077213,0.993978403964,0.994372221995,0.994426747881,0.994685817333,0.994844521777,0.9950007029,0.995496638257,0.99581829773,0.995132728337,0.994813762147,0.994298365776,0.993488586571,0.992696792133,0.992021038105,0.991444350436,0.990940969087,0.990493971524,0.990092353327,0.989728469721,0.989396666749,0.989092563005,0.988812649831,0.988554051165;0.987189243645,0.987474804111,0.987784598326,0.988123217633,0.988496527458,0.988911455861,0.98937494477,0.989894868816,0.990490026363,0.991065431368,0.991534637919,0.992452864643,0.994420355498,0.992546394898,0.992292577723,0.99234951273,0.992730865847,0.994120445533,0.99509587581,0.993623776847,0.993802823214,0.993488791669,0.993379868606,0.99397108836,0.994071604735,0.993579207685,0.993674921668,0.993970264483,0.993981335787,0.994155516081,0.994410152751,0.99476538685,0.995442035624,0.995028592637,0.995645876596,0.995143778815,0.994410456398,0.993182275446,0.992379825518,0.991739067055,0.991191748108,0.990711554246,0.990283445905,0.989897603788,0.989547122638,0.989226859501,0.988932810116,0.988661752569,0.988411031624;0.987092543697,0.987383980698,0.987702151891,0.988053546613,0.98844777242,0.988899022006,0.989425737596,0.990039991365,0.990833108551,0.993235589674,0.991658190761,0.992145739877,0.992353823161,0.992647404749,0.99267800672,0.992272850599,0.992565110022,0.993438287642,0.993281859857,0.993522562981,0.994191648365,0.992953322967,0.992771470777,0.992954776492,0.993182656989,0.992951765075,0.993168562226,0.99358934228,0.993232440719,0.993399050017,0.993903052989,0.994625593788,0.994357922354,0.994208014159,0.994438179861,0.994215264207,0.993690026363,0.992682146832,0.991959085286,0.991377831572,0.99087594015,0.990430573698,0.990029902219,0.989666299179,0.989334271311,0.989029607924,0.988748947695,0.988489529816,0.988249039819;0.986977747401,0.987272209066,0.987594703844,0.987953202801,0.988361053916,0.988843060512,0.989453835715,0.990306236102,0.990954444769,0.991452557747,0.991648964791,0.992655760694,0.99201086665,0.992605279364,0.992310564197,0.992102736514,0.992317343223,0.992553943386,0.992652011849,0.992648991317,0.992457580926,0.992202485179,0.992141821413,0.992558294822,0.992482251294,0.992268195585,0.992349391744,0.992469737757,0.992526085266,0.992668362594,0.992930994103,0.9932323247,0.993305103493,0.993267036008,0.993184377383,0.992934014927,0.992521893684,0.991978817522,0.991438658035,0.990948636047,0.990506482195,0.990105011498,0.989738437946,0.989402263056,0.989092863375,0.988807235448,0.988542840093,0.988297500076,0.988069328909;0.986844965958,0.987139336078,0.987461171984,0.987818532664,0.988225625126,0.988710772771,0.989348238701,0.990528088972,0.991082601717,0.992614454042,0.9915216794,0.991720560427,0.991738553269,0.991817251653,0.991842630885,0.991958419349,0.993014095268,0.992313860987,0.992249685572,0.992249493216,0.991769068284,0.991476894212,0.991439785187,0.991630855633,0.991649244006,0.991582115013,0.991674903181,0.991837631595,0.991895901446,0.991954236291,0.992088230387,0.992243872557,0.992391447792,0.992882623479,0.992505654212,0.992045354321,0.991685080194,0.991289143696,0.990877100761,0.990476084345,0.990097589228,0.989744288169,0.989415715539,0.98911041257,0.988826647872,0.988562674689,0.988316828791,0.988087564524,0.987873464616;0.986695571388,0.986987277418,0.987303877294,0.987651734149,0.988041933866,0.988494105383,0.989041326655,0.989707318551,0.990431633226,0.991129033503,0.991415447952,0.993042558686,0.99187426043,0.992103056342,0.991872730185,0.99197240797,0.991917647216,0.991650213352,0.99181336289,0.991498319898,0.991021588702,0.990747529731,0.990711399051,0.990767769625,0.990837698208,0.99092631888,0.991101734724,0.992172834045,0.991432395592,0.99127259128,0.991331259211,0.991431883337,0.991555454604,0.991770671129,0.991597286799,0.991248885733,0.990948338324,0.990636279802,0.990310485237,0.989983054133,0.989663907028,0.989358442822,0.989068987472,0.988796187151,0.988539822286,0.988299239077,0.988073578313,0.987861899234,0.987663247615;0.986532232395,0.986820282186,0.987129242489,0.987462463943,0.987826145871,0.988230692987,0.988690934451,0.98923018854,0.989969445374,0.991003619085,0.991030614178,0.99244331704,0.995662496395,0.991786783364,0.991627162925,0.991792701502,0.991421098596,0.990809516741,0.990904960285,0.990434132063,0.990097186723,0.989993722776,0.99010715501,0.990148293419,0.990220968397,0.990491459961,0.990474657286,0.990649655498,0.990613220499,0.990572241452,0.990627656768,0.990698201199,0.990751601822,0.990763174585,0.990668904551,0.990481571519,0.990257416278,0.990011694648,0.98975104966,0.989483646786,0.98921697948,0.988956389672,0.988705137846,0.988464974149,0.988236668,0.98802038142,0.987815910538,0.987622837943,0.987440628395;0.986358570749,0.986644619746,0.986947381476,0.987266254754,0.987602141892,0.987959090739,0.98834469492,0.988771539189,0.989255889454,0.98976119822,0.990387848321,0.99222738413,0.991212021754,0.99172537275,0.991610415959,0.99086492754,0.990403546749,0.990001155198,0.990111072837,0.989501304417,0.989189416702,0.989199510321,0.990081657738,0.989712964319,0.989569121227,0.991090367131,0.989768575218,0.989704212045,0.989780477205,0.989887965386,0.990008373513,0.990071987504,0.990061707329,0.990008396778,0.989913284638,0.989775033103,0.98960446933,0.989411453764,0.989203038829,0.988985571588,0.98876476186,0.988545178862,0.988330103884,0.988121696295,0.98792125937,0.987729486845,0.987546655051,0.987372762023,0.987207624971;0.98617836591,0.986467775288,0.986771511754,0.987083603129,0.987397782323,0.987712991879,0.988032903232,0.988359789883,0.988698097036,0.989065024435,0.989519388,0.990032099785,0.990134211792,0.990493554058,0.991393226159,0.990659555523,0.990031093792,0.98928290366,0.988699801684,0.988390094919,0.988241450659,0.988265032757,0.988460065262,0.988513922053,0.98855166035,0.988718941649,0.988778842583,0.988865606676,0.989035566199,0.989296340224,0.989642122697,0.989698329124,0.989504176775,0.989358328321,0.989241845817,0.989121477636,0.988985711288,0.988833680816,0.988668157668,0.988493072299,0.988312498461,0.988130071784,0.987948717949,0.987770615951,0.987597287558,0.987429728174,0.987268534219,0.987114010081,0.986966251805;0.985994132067,0.986296875423,0.986617903611,0.986943854103,0.98725131298,0.987533086227,0.987804505333,0.988052828999,0.988262659147,0.988478967145,0.988742593178,0.989044001443,0.989310003181,0.98946115715,0.989625729168,0.990550806964,0.989245973216,0.989522351688,0.987523206573,0.987669082837,0.987452661837,0.987501658116,0.987575619567,0.987498081016,0.987514902307,0.98765385342,0.987827401688,0.988029622358,0.98830002055,0.988754853215,0.990248011726,0.990011397023,0.98901664425,0.988744737351,0.988608834063,0.988501841807,0.98839368186,0.988275691814,0.988146735174,0.988008503746,0.98786364856,0.987714928228,0.987564809366,0.987415312308,0.987267992542,0.987123987903,