MASP1__poly=[0.218818271714,0.213798606607,0.208503789942,0.202910205501,0.196996465608,0.190748557584,0.184165987022,0.17726549929,0.170066869253,0.162484970389,0.154118929962,0.144964841947,0.139040239318,0.138185544629,0.136254547404,0.131861690354,0.123571129568,0.108501738877,0.11460567175,0.111758166885,0.111794976453,0.110207536537,0.0913740725041,0.108697321012,0.111522796062,0.125516467503,0.12935018034,0.128275730815,0.133936360274,0.121174384117,0.101248380404,0.130388551141,0.113118503642,0.0960767279394,0.145680462619,0.15957528037,0.206402994302,0.211481209882,0.20495541355,0.207244665569,0.211912798556,0.217320843318,0.222907470523,0.228439378754,0.233811691366,0.238977395661,0.243917697792,0.248628201613,0.253112013313;0.218726088016,0.213489817593,0.207927887197,0.201997555961,0.195651831649,0.188846291021,0.181550085068,0.173757666217,0.165537894448,0.157016836981,0.14691374964,0.127753767749,0.102792999128,0.130245971122,0.133413753119,0.130814223308,0.122608985099,0.102434562576,0.114474725563,0.111283635267,0.103689519991,0.0959908739372,0.115154263457,0.11524504689,0.118956299549,0.127987232281,0.131627298947,0.130587566912,0.139276965665,0.145176771275,0.154424760217,0.15533676775,0.13669195172,0.126676878499,0.153849176825,0.170534580636,0.183935946008,0.196754808902,0.203214809312,0.208692145184,0.214323551847,0.220044968262,0.225717777113,0.231250051212,0.236589999021,0.241711613508,0.246604483135,0.251267419996,0.255704594676;0.218887697664,0.213454974106,0.207645486266,0.201390148075,0.194599952987,0.187169535685,0.178994453992,0.16995470739,0.159745414554,0.149968427607,0.142074048461,0.126737607532,0.0938288482605,0.125629525788,0.130333804431,0.129939175554,0.124166276144,0.101165537978,0.0851695512952,0.112042289067,0.110501537424,0.118210011618,0.12284533628,0.114863364215,0.116589053248,0.131215367843,0.135505548692,0.137137387831,0.148389402623,0.163405218103,0.202672949826,0.212404423706,0.146330308569,0.152470404051,0.149412156752,0.217620467005,0.174482922963,0.19318988021,0.203373436364,0.21072409897,0.217147790735,0.22317309403,0.228936184683,0.234464623057,0.239759693046,0.244819497807,0.249644648148,0.254238909828,0.258608558124;0.219329751432,0.213733066983,0.207716058097,0.201179276993,0.193973487588,0.185875686989,0.176595124259,0.165949651455,0.152438134459,0.112324936359,0.138406644335,0.130310847098,0.126959882515,0.122292360179,0.122101591021,0.129318210448,0.125011115168,0.11101020708,0.114585547726,0.111669801394,0.101528832741,0.12533657026,0.131351688386,0.131375096799,0.131128300654,0.14071148476,0.142720854398,0.141868592283,0.162118269255,0.180008463884,0.22471462844,0.253063352732,0.178067116999,0.171011664284,0.1738791464,0.193183760932,0.18343799137,0.196894322278,0.206547637469,0.214128502526,0.220767489028,0.226884326923,0.232647175937,0.238123126937,0.243339657487,0.248309805149,0.253042113683,0.25754431723,0.261824512609;0.220069816505,0.214352637948,0.208190783329,0.20146157525,0.193956398299,0.185281392583,0.174556423073,0.1599518849,0.148848266329,0.140339210805,0.136903410822,0.120314893596,0.130914050074,0.121321725446,0.126415816033,0.130184542292,0.127076423804,0.123717827202,0.12287239411,0.124057152111,0.128910420378,0.135501842845,0.139428455502,0.135417585673,0.140978529846,0.150243053339,0.155101308733,0.160769173548,0.170466263871,0.182754800718,0.196822121211,0.197971330055,0.187176167977,0.183167656379,0.186071829141,0.192682244985,0.197676368613,0.204476753976,0.211904294549,0.218850927705,0.225261813999,0.231247239981,0.236892627396,0.242247821229,0.247340383504,0.252186555069,0.256797554206,0.261182707307,0.265350836876;0.221110251786,0.215320021096,0.209090296138,0.202297990008,0.194722884152,0.185919006741,0.174697646653,0.154732719638,0.145144467967,0.119836436137,0.137243937239,0.133846926318,0.133543228888,0.132419888617,0.132267514595,0.130659955667,0.113702325555,0.125339684077,0.126844267732,0.127721607148,0.137152005575,0.144267758906,0.147869545561,0.14820170794,0.152267577325,0.158777209109,0.163257658552,0.167402556829,0.175015270758,0.184045881235,0.191141708425,0.193546756363,0.191007483618,0.178421455993,0.187938769907,0.198859362918,0.205489364915,0.211795119946,0.218211283076,0.224498480227,0.230513430778,0.236231010544,0.241665586019,0.246836473895,0.251759390877,0.256446294119,0.260906862802,0.265149739913,0.269183256276;0.222433741519,0.21660882638,0.210380621717,0.203653998134,0.196261083937,0.187901758875,0.178068407849,0.166420504424,0.153983330309,0.142163029751,0.137117978973,0.110909927395,0.12951495903,0.12610658,0.13020880806,0.128938175976,0.129759822027,0.133693761488,0.130910878544,0.136387451888,0.145341409149,0.152019042162,0.155722152526,0.158671958946,0.162098650084,0.165862581974,0.168638232658,0.154286044507,0.176089680782,0.187093054759,0.192986964384,0.19610240718,0.196457427474,0.193184834063,0.198258849154,0.20673667784,0.213176805723,0.219129102025,0.224992528947,0.230762267529,0.236366338216,0.24176031466,0.246927993158,0.251867448334,0.256582304075,0.261078063817,0.26536092242,0.26943748862,0.273314745538;0.224003247099,0.218156670867,0.211963797145,0.205377349407,0.198307733845,0.19060376924,0.182053003832,0.172320967006,0.159538590712,0.142302160888,0.141229853038,0.118652828292,0.0681117727862,0.129517359153,0.133148944374,0.131513100031,0.13702446875,0.144873055938,0.141788415216,0.148749185765,0.155003115933,0.158900948754,0.160403488588,0.163910986099,0.167593896872,0.168345637285,0.17459234911,0.177677472152,0.184984631853,0.192430940101,0.197415807231,0.201019450629,0.203724110551,0.206243221971,0.210274049931,0.215679102147,0.221242952899,0.226724455052,0.23214343854,0.237483287482,0.242700845973,0.247758084084,0.252631399073,0.25730910481,0.261787009069,0.266065240548,0.270146449061,0.274034860839,0.277735768577;0.225768043677,0.219871280567,0.213686705782,0.20722836587,0.20048828842,0.193412370536,0.185898049864,0.177776978041,0.168843540642,0.15974492959,0.14902107656,0.119988113302,0.135652905238,0.128761391387,0.133513379394,0.150516122616,0.157147543234,0.156082141711,0.14957390054,0.157128734781,0.162528393814,0.164870463248,0.154908991788,0.165258022055,0.172956490744,0.152802397512,0.181681086,0.189316631725,0.194427265211,0.198665607202,0.202073128817,0.205833175999,0.210261077575,0.214777035154,0.219454204006,0.224413598858,0.229497907744,0.234581362539,0.239618676413,0.24458148575,0.249438938814,0.254162307769,0.258729881397,0.263127696073,0.267348099192,0.271387976986,0.27524734466,0.278928374527,0.282434750061;0.227676731278,0.22164401071,0.215351856781,0.208897361978,0.202381374588,0.195821571649,0.189165286575,0.182392618372,0.175466926079,0.168185275355,0.159768070799,0.150879800137,0.148982225936,0.144902044391,0.136869436771,0.177733092719,0.19083292277,0.164907341869,0.163582517233,0.165257805207,0.168203797527,0.171002894636,0.17280812734,0.17769892774,0.183502518624,0.187547555737,0.193468771611,0.198892313965,0.202565552385,0.204029587867,0.203091889261,0.207044557393,0.215423880138,0.222246622617,0.227855828787,0.232966461736,0.237877149779,0.242678193326,0.247391386575,0.252013987139,0.25653193797,0.260927640691,0.265185031506,0.269291868215,0.273240093077,0.27702531072,0.280646038407,0.284103013213,0.287398632747;0.229699838911,0.223374932918,0.216718152546,0.209942787949,0.203416671438,0.19723951356,0.191155066606,0.185356406898,0.180079994959,0.174658353716,0.168565487383,0.162145164616,0.156864720047,0.154766542876,0.156614224163,0.159198515269,0.17901879305,0.149523347905,0.1682752411,0.164026091747,0.168647244434,0.172375930299,0.177465111206,0.185812868282,0.19339441568,0.199238241293,0.204335040213,0.208553669098,0.211004127201,0.209304085881,0.186733192109,0.196108632539,0.220360073015,0.230014297854,0.236408248624,0.241677881305,0.246476177027,0.251040123305,0.255458314379,0.259760280529,0.263950279254,0.268022089709,0.271966372494,0.275774311641,0.279439145142,0.282956553636,