MASP1_OAC1=[0.087471832145,0.0852417839582,0.082968451665,0.0806633545119,0.0783373977473,0.0759713985222,0.0735276754805,0.0711612534673,0.069128074432,0.0664773709727,0.0596069416689,0.0566412203818,0.0566963635674,0.0474070117371,0.0508793311354,0.0529474342835,0.0505222533875,0.0525108622956,0.0587935013721,0.0625869045939,0.0654298618536,0.0673177311395,0.0671019859744,0.0682550935443,0.0744103531506,0.0793137685625,0.0837155496608,0.0881527926867,0.0927588710621,0.0977667971411,0.103636072033,0.11011391698,0.116644669906,0.122992375419,0.12908580068,0.134874432069,0.140288687734,0.145242234695,0.149653123685,0.153470301931,0.156690855153,0.159359090022,0.161550862196,0.163353941402,0.16485291062,0.166120991988,0.167217325613,0.16818741045,0.169064980413;0.0861115134004,0.0836985413338,0.0812014186123,0.0786356314963,0.0760496052942,0.0734163016705,0.0703659089152,0.0664711079513,0.0659235252643,0.065138189481,0.0619762531273,0.0590647162362,0.0571822336086,0.0543659923204,0.0512161976985,0.0503263042927,0.0489477428883,0.0563695848003,0.059526693269,0.060449286506,0.0640345077344,0.0678564002942,0.0706436053962,0.0735342355153,0.0768487877275,0.0806597806869,0.085883768023,0.09137526027,0.0967678619963,0.102287883662,0.108136450493,0.114309670607,0.120656145402,0.127031528171,0.133327884708,0.139435053156,0.145211070034,0.150484420654,0.155091555477,0.158931930974,0.162002722391,0.164388577315,0.166220453214,0.167634958394,0.168750930941,0.16966178353,0.170436384497,0.171123134135,0.17175463147;0.0847702534622,0.0821516236234,0.0793620624739,0.0763711892586,0.0733151663154,0.0705452518888,0.0670958731,0.0586800603028,0.0629289176511,0.0643197630336,0.0617861489971,0.0562544846983,0.0540862031066,0.0556741956126,0.0547320390071,0.0480037000048,0.0522370254134,0.0572654380164,0.0582032929466,0.0564370379334,0.0621286487972,0.0665944032905,0.0711564238015,0.0750935823002,0.0765025975727,0.0744121488703,0.0866510654865,0.0939199552381,0.100081097019,0.106052959377,0.112124059797,0.118393969185,0.124863261279,0.131487261583,0.13819094659,0.144844774024,0.151230366391,0.157040223737,0.16195569581,0.165785052039,0.168549445412,0.17043744915,0.171691839544,0.17252826561,0.173108867663,0.173545617846,0.173911573298,0.17425174837,0.174591856705;0.0834661624997,0.0806454827009,0.0775150690599,0.0738031669796,0.0689290069338,0.0664111821075,0.0644549046852,0.0510729419019,0.0613292936428,0.0640573918203,0.0616783693691,0.0508785218219,0.0443574923256,0.0547490859537,0.0552786718273,0.0407381880942,0.0559091560754,0.0573000122568,0.0504149656757,0.0609987622652,0.0608196505164,0.0559897156865,0.0700053355119,0.0761040416133,0.0784846384558,0.0789969316214,0.0889432000634,0.0965545452694,0.103207583974,0.109575870008,0.115943123294,0.122470129827,0.129249263536,0.136327566924,0.143700820223,0.151263618121,0.158717600353,0.165507490946,0.170959184864,0.174674763041,0.17679121863,0.177778220553,0.178101537548,0.178086507552,0.177932106743,0.17775357398,0.177613413856,0.177541061728,0.177545873196;0.0822044896475,0.0792445538392,0.0758578858278,0.0714959428172,0.0642449203772,0.0623996154247,0.0652209550537,0.0642322332006,0.0632852437258,0.0650109896993,0.0654168482534,0.055995327429,0.0467473919509,0.0503411255592,0.0536826271425,0.0592653251176,0.0605737093876,0.0480007606233,0.0601168458965,0.0587993424323,0.0645279535189,0.0648582156916,0.0712702516048,0.0772035127233,0.0817923179501,0.0855438361359,0.0917905045742,0.0993261880457,0.106392673862,0.11310483006,0.119765034719,0.126601333682,0.133792551545,0.141496328201,0.149845323084,0.158870850431,0.168276174949,0.177062510215,0.183576074971,0.186812888693,0.187437209554,0.186737509148,0.185566846074,0.184324680234,0.183188342575,0.182234689691,0.181487405456,0.180940440255,0.180572863004;0.0809288504574,0.0779648241705,0.0745633555448,0.0700500378745,0.0588931561864,0.0626798407354,0.065190558577,0.0661946614131,0.0658519805026,0.0823827142112,0.0868788791275,0.0689106663007,0.0626503845283,0.0607208810875,0.0623703678797,0.0648526075671,0.0659483921977,0.0657528780169,0.0648100688505,0.0644401853112,0.0698111226216,0.0718990119813,0.0630456895874,0.0769101939865,0.0833666565416,0.0788202154774,0.0914160936968,0.102163719237,0.109819621603,0.116787613135,0.123672194165,0.130792465207,0.138416527782,0.146843717251,0.156453453407,0.16769443239,0.180777454792,0.19433116675,0.203494505774,0.204679875057,0.201459568005,0.197585729941,0.194115185586,0.191182103983,0.188785480405,0.186893021032,0.185447176993,0.184377851938,0.183615236897;0.0794133281605,0.0766917882674,0.0735653993115,0.0696067898625,0.0639889492997,0.0606669358665,0.0618749206425,0.0625937540148,0.0663892712017,0.105827894421,0.15494237312,0.0777164386512,0.0687963540467,0.0608259062126,0.0672233924456,0.0692030699078,0.07055620378,0.071034409641,0.0686353738156,0.0661490133191,0.0748835544285,0.0767983725823,0.0738707991209,0.0788809079825,0.0870520860637,0.0890000057938,0.0970065110958,0.106273774237,0.113750660592,0.12071285125,0.127684020674,0.134994557859,0.142976500723,0.152078047738,0.163018067615,0.177082805802,0.196632224076,0.223968543677,0.243872145975,0.233321786459,0.219442352123,0.210240873401,0.203605320125,0.198489317874,0.194549939933,0.191575317664,0.189369573167,0.1877593103,0.186603039554;0.0768314544836,0.0752153468606,0.0725654443503,0.0690613185497,0.064725670083,0.0619617271601,0.0614543723079,0.0606713946802,0.0615982744618,0.0777489835596,0.0896588881397,0.0801513224068,0.0726865003373,0.0684731515124,0.0697524325608,0.0722794687158,0.074344525324,0.0756279372405,0.0762678156436,0.0777564908092,0.0807257417083,0.0826002014849,0.0808446738886,0.0849140933807,0.0931487594819,0.0987026521175,0.104691636529,0.111414213234,0.118144264079,0.124857889932,0.13176379352,0.139125262051,0.147292539558,0.15681012244,0.168660326175,0.18494295179,0.211419057027,0.272795588172,0.422094522781,0.272663304488,0.23905531844,0.224226986866,0.213807222718,0.205956340213,0.200202424931,0.196060390168,0.193094460827,0.190972928332,0.189458751836;0.0701399679205,0.0738076823818,0.0713806642838,0.0675679792078,0.062888168944,0.0613383597565,0.0598640602657,0.0450374550733,0.0582833065008,0.067237703125,0.075151834926,0.076131718379,0.0734564211846,0.0553382911943,0.0641768058571,0.0742061134355,0.0775696136029,0.0793998673234,0.0810509651254,0.0834073712462,0.0862131528136,0.0887963836295,0.0911610266436,0.0947695860036,0.0997721884518,0.10503712839,0.110587913733,0.1165151366,0.122701887897,0.129111941634,0.135845443301,0.143107528543,0.151225821775,0.160739073239,0.172617664003,0.188844506879,0.21423435079,0.262546185344,0.319238092757,0.279370498876,0.258731069716,0.240837725853,0.224635113521,0.213077627594,0.205309176469,0.200054958544,0.196435301345,0.193900749783,0.192106661309;0.075016009279,0.0734884032291,0.0700453494157,0.0646943506479,0.0541368492451,0.0598358048857,0.0600748846179,0.069460970144,0.071980794041,0.0666400372276,0.0685105745277,0.0742157138855,0.074960174638,0.0732538749438,0.0731072556784,0.0777874060509,0.0806937710282,0.0817328556561,0.0824474636906,0.086954962484,0.0909245925959,0.0942517925419,0.0974961581755,0.101207700409,0.105605026195,0.110516887355,0.115797383221,0.12138570231,0.127243939603,0.133380767943,0.139879683388,0.146909745915,0.154748736958,0.163842124853,0.174922823976,0.189218518004,0.208607107465,0.234204401905,0.260425376485,0.288891460332,0.310966012009,0.265655735737,0.234933027148,0.218723532553,0.209237656533,0.203225317162,0.199211917901,0.196441225024,0.194486835245;0.0772014359621,0.0734542606485,0.067976232614,0.0627186114028,0.0588727723501,0.0637799271502,0.0693248405819,0.0820442022413,0.117426656074,0.0699992435863,0.067216197951,0.0737310937223,0.0770111027295,0.0784556444405,0.0799653802434,0.0821091761161,0.0839821170789,0.0834802729045,0.067928360864,0.0901300571222,0.0953440976791,0.0990439620077,0.102425845288,0.106102665477,0.11045995557,0.115387656154,0.120631880536,