NACC1__poly=[0.88671172704,0.888456055204,0.890335721225,0.89236384663,0.894552907025,0.896912581932,0.899447150028,0.902154219128,0.905033453856,0.908148869488,0.911754665053,0.915894805773,0.918256632344,0.917704441586,0.917867228371,0.919644932151,0.923977315451,0.932689153772,0.928344142095,0.929537677466,0.9287972103,0.928919218243,0.940277451649,0.928595466735,0.928356922167,0.924047836574,0.927993761723,0.934988959178,0.938605083721,0.949393026611,0.959594643565,0.947835305855,0.95382789801,0.960481137415,0.942212120939,0.942556643976,0.942554710408,0.932934364419,0.924205460577,0.918726606709,0.914332599034,0.910550529751,0.907198671213,0.904181630255,0.901438920413,0.89892770157,0.896615613662,0.894477224055,0.892492003318;0.88628799985,0.888102416775,0.890077769692,0.89223663795,0.894604353585,0.897206293702,0.90006307637,0.903185338793,0.906547203463,0.910095451859,0.914600058125,0.924548538622,0.938292539331,0.920539301538,0.917354638678,0.917849692309,0.922096395523,0.93425825798,0.925823353164,0.927068813302,0.930924930973,0.934386382821,0.918077963744,0.91374829793,0.910888414324,0.913634479404,0.921692003778,0.930739225467,0.93370744026,0.937813346667,0.939607671233,0.940139574077,0.943254553321,0.942736559875,0.930490443558,0.931564882079,0.931333817251,0.926422108854,0.920982079107,0.9162999753,0.912293058599,0.908766933025,0.905603237075,0.902730477203,0.900101207148,0.897681051593,0.89544350868,0.893367303433,0.891434898782;0.885739017925,0.887614521807,0.889678369845,0.891966408613,0.894525547882,0.897413540546,0.900691845853,0.904437629943,0.908844620692,0.913023270109,0.916124114403,0.92372733592,0.942376475004,0.921244193392,0.916673517452,0.915471622122,0.918080079129,0.93251055513,0.942614779732,0.923568152019,0.923039225879,0.914409757279,0.904029201209,0.892718499047,0.861122982647,0.897403025599,0.913998602435,0.924420523446,0.927853270607,0.931354205412,0.934235142266,0.936534305354,0.939925071986,0.91683013309,0.89194934671,0.927237884234,0.930412187134,0.922176771164,0.91733499303,0.913363537253,0.909834193342,0.906637565931,0.903714762447,0.901025876394,0.898541330011,0.896237818394,0.894096187746,0.892100265739,0.890236164906;0.885046115011,0.886967377909,0.889102707206,0.891503335962,0.894247371961,0.897456028066,0.901295679702,0.90588529465,0.912121433897,0.934039181515,0.917014059422,0.920030211058,0.920076658878,0.920921253355,0.918939637109,0.912157759213,0.913624179976,0.922447700227,0.919330215282,0.920634292647,0.92640704235,0.905006965303,0.890323464087,0.866634964414,0.844488626181,0.884874616473,0.906301604448,0.91966576816,0.919268351597,0.923042973919,0.928936403107,0.935605343456,0.926979982634,0.908363986806,0.888455118038,0.916251685931,0.922550936862,0.917244676389,0.913398849328,0.910113559916,0.907075933672,0.904237093342,0.901583251715,0.899103184067,0.896785152833,0.894617344658,0.892588352687,0.890687436331,0.888904632398;0.884191430177,0.886136859834,0.888315357352,0.890789686629,0.893668027274,0.897163578561,0.901774845266,0.908579653424,0.913390868495,0.916633343778,0.916691531406,0.924707095597,0.915389922561,0.918708297841,0.912055404414,0.906395585001,0.90666303043,0.908321743485,0.90880355738,0.907877802285,0.90336327279,0.894607532566,0.879393782472,0.828649820344,0.842957777075,0.881715044459,0.898312562486,0.90764439539,0.912480286175,0.916110399803,0.919423151447,0.921570468629,0.919120300558,0.913285220586,0.909583176889,0.911518160896,0.913015919393,0.911676568793,0.909278877821,0.906696849048,0.90413055133,0.901643355735,0.899263139914,0.897001615373,0.894861724161,0.892841626093,0.890936947273,0.889142052407,0.887450770196;0.883159426211,0.885103635946,0.887289449522,0.889779013961,0.892683112877,0.896237823293,0.901110685135,0.91097371051,0.91488031348,0.928107908323,0.915386228979,0.914703509104,0.911386526656,0.907680629056,0.902254477511,0.897847499204,0.908565096144,0.899215298671,0.89895185252,0.899938043209,0.894022753084,0.887468395313,0.877495081051,0.856471748414,0.861631711475,0.883101168833,0.895428037297,0.903621007959,0.90789576866,0.910452321176,0.912528208883,0.913718324759,0.913921676232,0.917888370921,0.913109656861,0.909574255435,0.908521511116,0.907190371151,0.905358682003,0.90326993764,0.90109611902,0.898925893896,0.896805499141,0.894759485559,0.892800318517,0.890933384783,0.88915984607,0.887478339908,0.885886019452;0.881936899707,0.883855345805,0.886015443922,0.88846436615,0.891278785446,0.894601843931,0.898696296798,0.903747295826,0.909162299563,0.914086338974,0.914617690294,0.928283504746,0.91208200971,0.908611679128,0.896239118441,0.882334996398,0.876917412292,0.879231124999,0.883265882326,0.884195677181,0.883758788606,0.882237278363,0.879872368495,0.877277749366,0.879892387244,0.887461098809,0.895506480028,0.911815100114,0.906171209161,0.906039311221,0.907369691205,0.908420032794,0.909259466759,0.911082835327,0.909255674662,0.906411953826,0.904786221614,0.903320646877,0.901695789086,0.89991134776,0.8980378796,0.896137433495,0.894252603673,0.892410582946,0.890627986718,0.888914379339,0.887274658793,0.885710647498,0.884222154185;0.880509766153,0.88238306952,0.884499452969,0.886883560201,0.889562910699,0.892580486677,0.896003645357,0.899972634155,0.905554812519,0.913657795982,0.911575130592,0.922623735192,0.95311217944,0.903817755596,0.888046106438,0.840055092974,0.82158445861,0.851991311061,0.826653704277,0.854856866464,0.87144284343,0.877271861912,0.881121480145,0.882838539729,0.885741449616,0.892007641633,0.895089373272,0.899689045364,0.901243539402,0.90205733278,0.90326938131,0.904171878446,0.904631609619,0.904650200603,0.903826004682,0.902442888265,0.9010527958,0.899664289201,0.898193703143,0.896625000158,0.89498531134,0.89331151056,0.891635766417,0.889982294472,0.888368037278,0.886804217724,0.885297814064,0.883852740396,0.882470735172;0.878855459304,0.880669560233,0.882746689485,0.885090044258,0.887677216717,0.890473409751,0.893447139625,0.896599720602,0.899963288271,0.903066076937,0.906700653662,0.921697428939,0.906392892425,0.904117483524,0.889868853766,0.859789357786,0.845929339925,0.841276804195,0.808135605764,0.844202895051,0.863969599616,0.872409895849,0.886786509227,0.88562700717,0.886720154944,0.905373194878,0.893522747029,0.894647770416,0.896737242048,0.898664389284,0.900316131511,0.901105867284,0.900997714321,0.900446657047,0.89960137694,0.898531924729,0.8973517945,0.896104234299,0.894785003993,0.893394231639,0.891947199034,0.890466855189,0.888976359711,0.887495455471,0.886039504344,0.884619750005,0.883243991786,0.881917308263,0.880642697774;0.876930493212,0.878667756111,0.880733622102,0.88311904238,0.885741039346,0.888486444985,0.891238450433,0.893858876977,0.896234407013,0.898358081205,0.90057032484,0.902287035179,0.898078370285,0.89288836689,0.887015955881,0.849808498213,0.843943016733,0.829068235821,0.841310624117,0.853304205037,0.860427184083,0.864482164662,0.871936770695,0.878144977813,0.882474262679,0.886719681272,0.88902915231,0.891056441583,0.893476892815,0.896437206848,0.899955849128,0.900501830302,0.898539357098,0.897036987976,0.895889834254,0.894826317032,0.893746640899,0.892621658648,0.891441240673,0.890205752578,0.888924744521,0.887613365819,0.886288348557,0.88496528858,0.883657355101,0.882374953334,0.881125881533,0.879915689671,0.878748084581;0.874653410065,0.876262763409,0.878362920674,0.880971577265,0.883870755913,0.88682074463,0.889709132944,0.892196170709,0.893973913,0.895294907067,0.89633295752,0.896669490812,0.894898777058,0.888220090216,0.869601948463,0.781074951787,0.835439935794,0.741842258873,0.84475058389,0.86223009907,0.856529332867,0.841327570217,0.859333117096,0.872416352473,0.878414069401,0.882382895528,0.88528387893,0.887777740479,0.89053689351,0.894793148538,0.908639301673,0.906218690832,0.896622213926,0.893818093854,0.89235108933,0.891245077146,0.890226172619,0.889203926812,0.888147830009,0.887050786093,0.88591695342,0.88475621309,0.88358072054,0.882402678585,0.881233077814,0.880081137913,0.878954187079,