SNAI2_OAC1=[0.102866666911,0.0992866101833,0.0956439145558,0.0919691576457,0.0882990469317,0.0846464191067,0.0810178608405,0.0776456302145,0.074873024008,0.0717285516275,0.064348574455,0.0614414823632,0.0620107171734,0.0523929257257,0.0568694029947,0.0598498638189,0.0577158587446,0.0605665066443,0.0683921988326,0.0733453620392,0.0771642972311,0.0798166810855,0.0799159238333,0.0815856671153,0.0892020469065,0.0952940617308,0.100748860566,0.106206812,0.111825679394,0.11788407563,0.124933914486,0.132668229484,0.140417151465,0.147901050986,0.155044937905,0.161805730029,0.168123992379,0.173924024771,0.179133915213,0.18371106111,0.187658692081,0.191024847053,0.193887190633,0.196334116632,0.198450301248,0.200308960355,0.201969353299,0.203477309572,0.204867112076;0.10095751703,0.0970470451216,0.0930092304553,0.0888783646028,0.0847326564967,0.0805771001591,0.0760680539048,0.0708513212682,0.0694823156217,0.0682340312732,0.0649642554073,0.0623781633057,0.0611549796914,0.0590329737777,0.0564919457341,0.0563417709484,0.0555382674109,0.0647150378875,0.0690327809198,0.0707050902113,0.0754376105339,0.0804164644843,0.0841271536796,0.0879117309254,0.0921554716155,0.0969486592954,0.103396192573,0.110120268162,0.116674319443,0.123326009609,0.130313324163,0.137627651754,0.145084885644,0.152514530299,0.159798129725,0.166825779501,0.173462010454,0.179545280102,0.184923013211,0.189503990044,0.193291161851,0.196371221352,0.198874654636,0.20093656777,0.202674277946,0.204180122111,0.205522457999,0.206749699853,0.207894885503;0.0991285617208,0.094855199509,0.0903343211347,0.0855485387462,0.0806737120802,0.0761194499929,0.0708966266075,0.0607121822344,0.0639241960128,0.0646184719506,0.0621100213096,0.0572675272083,0.0561957346871,0.0591896465574,0.0594859912438,0.053207859196,0.0588831557924,0.0654719866639,0.0673330952059,0.0659283429971,0.0731586344252,0.0789274611075,0.0847746805391,0.0898336090986,0.0918082212724,0.089506554998,0.104392010611,0.113251038223,0.120714834314,0.127881620151,0.135091796225,0.14245818954,0.149975848093,0.15759006007,0.165219623551,0.172735285693,0.179925785813,0.186496704858,0.192145093443,0.196691798769,0.200163101241,0.202745809617,0.204677772312,0.206169694649,0.207380059508,0.208418618373,0.209357407453,0.210241323331,0.211096598284;0.0974241333828,0.0927903636085,0.0877281500106,0.0819550631604,0.0748849450901,0.0703508028194,0.0663286906029,0.0508877449464,0.0591629263505,0.0603960966542,0.0581339949041,0.0491265054691,0.0443972848828,0.0568006081734,0.0591597094301,0.0447270602812,0.0626668367098,0.0653064157728,0.0582371825633,0.0712301456048,0.071640955945,0.0664105482197,0.0834902793839,0.0911492338792,0.0943002944904,0.0951315848581,0.107266134605,0.11653103088,0.12456828101,0.132178806271,0.139693555651,0.147293871787,0.15507781138,0.163090999557,0.171326877831,0.179681571668,0.187866663689,0.195348436476,0.201481756265,0.205890167546,0.208712731728,0.210407088303,0.211425106369,0.212082203686,0.2125715527,0.213005465153,0.213445406437,0.213921002635,0.214442569483;0.0958757410018,0.0909574099656,0.0854524707792,0.0787792254675,0.0689571835507,0.0648939171659,0.0652373452431,0.061164205869,0.0567140514109,0.0550173941864,0.055056415097,0.0499182698475,0.0446738382191,0.0509047019378,0.0566432094207,0.0645707312905,0.0676336531198,0.0546234132682,0.0694364802156,0.0687145951265,0.0761078149413,0.0770524953061,0.085146401586,0.0926292497987,0.0984430116719,0.103180921338,0.110859907052,0.120024568668,0.128538777618,0.136526616831,0.14433717233,0.152225537568,0.160381711845,0.168964983265,0.178105277323,0.187832482522,0.197859835764,0.207225941951,0.214343629108,0.218256948174,0.219615363531,0.219664093926,0.219225952345,0.218686224759,0.218216275232,0.217890836741,0.217733612154,0.217739846812,0.217890593037;0.0944438199104,0.0894061833926,0.0837383361516,0.0767223138693,0.0625717176033,0.0641345868619,0.0635293329959,0.0602179238227,0.0536475203489,0.0560104024134,0.0565071092835,0.0547252646343,0.0571304807645,0.0601384718937,0.0651852629412,0.0703750495003,0.0735584380563,0.0748733794004,0.0749782100878,0.0754686543693,0.0825381946085,0.0856316877975,0.0755083957745,0.092498829238,0.100564136502,0.0952681233079,0.110613065894,0.123653040652,0.13285665121,0.141114538834,0.149136915739,0.157280065248,0.165825160181,0.175071502357,0.185389072745,0.197210572298,0.210736767364,0.224645018955,0.234263772697,0.236163259096,0.233795467759,0.230770319211,0.228102698526,0.225921076769,0.224224399362,0.222981855982,0.22213872075,0.221628526114,0.221385304834;0.0928894514483,0.0880362613695,0.0825453252311,0.0759642012039,0.067491452254,0.0613250925541,0.0591998078041,0.0553547044018,0.0509244846566,0.0529203946784,0.0539280842269,0.0571381883338,0.0614787110688,0.0598548898339,0.0701730040619,0.0751949193693,0.0789052383063,0.0811554682261,0.0796911017048,0.0777565516689,0.0888575046463,0.091786060716,0.0887643945864,0.0951590601154,0.105304808941,0.107846603511,0.117645723061,0.12888629382,0.137849068927,0.146061669992,0.154133068806,0.16242459007,0.171277132394,0.181133091416,0.192689299362,0.207183782656,0.226881570093,0.253982816247,0.273852927871,0.264430668452,0.251800846378,0.243640087661,0.237915801136,0.233621961433,0.230428316684,0.228131058143,0.226542448633,0.225496860026,0.22485960189;0.0902616230919,0.0866351801744,0.0815724758617,0.0753244104278,0.0679917277475,0.0621164450115,0.0581450845848,0.0533853434527,0.0490396241393,0.0533979130478,0.0600007674766,0.0642356288574,0.0666042797339,0.0682119056264,0.0734441659378,0.0791136810559,0.0836956883574,0.0869371452959,0.0890611777656,0.0918864274242,0.0962584961038,0.099162548641,0.0975412354811,0.102817265644,0.113057769914,0.119965115985,0.127309443603,0.135445537584,0.143476110248,0.15135201495,0.15929745398,0.167586355678,0.176569212858,0.186777838162,0.199160630279,0.215735542753,0.242030528889,0.301743149238,0.445641973885,0.302948775285,0.271385057153,0.257810415137,0.248440941075,0.241509309679,0.236559945863,0.233126565109,0.230791559432,0.229237813354,0.228239297016;0.0829549369059,0.0855431788986,0.0806521652092,0.0739185345259,0.0660140183278,0.061077122113,0.0558521995778,0.0391379954666,0.0478023503042,0.0537995866788,0.061780088056,0.0674120359629,0.0704050299387,0.0565106180209,0.0687032904788,0.08225568434,0.0882382333886,0.0920877496329,0.0953841319102,0.0992419884197,0.103429206927,0.107180343721,0.110521111242,0.115247110037,0.121565134452,0.128105971522,0.134896586148,0.142040755767,0.149383149988,0.156859666539,0.164561839391,0.172691620052,0.181569946563,0.191719088097,0.204073306513,0.22053518992,0.245717736362,0.292793790249,0.347774206452,0.31019459405,0.29103987438,0.274510734912,0.259592100624,0.249098798346,0.24220486507,0.23768853637,0.234708169217,0.232738886386,0.231452100986;0.0895523036419,0.0859817123352,0.0798679551623,0.0713261081373,0.0570600099778,0.0592755435579,0.0545452115486,0.0563637714264,0.0545958441635,0.0534298439538,0.0597290759262,0.0696476422718,0.0749044379349,0.0770164951581,0.079956722629,0.0876711921171,0.0930380777501,0.0958667029314,0.0979617258155,0.104321016235,0.10986724152,0.114481479053,0.118855272495,0.123676744579,0.129228287634,0.135308323259,0.141738825462,0.148439980529,0.155354058775,0.162473077261,0.169870266169,0.177707481766,0.186253503875,0.19593810726,0.207465435311,0.222011422396,0.241370771428,0.266602081017,0.292349632797,0.320166831164,0.341803012816,0.299057979015,0.270262560375,0.25531325233,0.246761047079,0.241499789628,0.238121131177,0.235903570665,0.234440931164;0.0932811606019,0.0870678774456,0.0785882551179,0.0701325028483,0.0628476959722,0.0635319264245,0.0614065264726,0.0563286920154,0.0536650550223,0.0513032686049,0.0598006153751,0.0720225580739,0.0798855923667,0.0850332856484,0.0895968552254,0.0943546156559,0.0983762485014,0.0992142736066,0.081610818247,0.109156056852,0.116144870767,0.12114750622,0.12562729115,0.130350580058,0.135804472725,0.141860991765,0.14820862965,0.154710373815,