NANOG_OAC1=[0.857693473496,0.862162917399,0.866785827237,0.871528698407,0.876349624475,0.881239974164,0.88619910758,0.890906973025,0.894884110181,0.899492541853,0.910114903294,0.914543685289,0.914213876871,0.92797393872,0.922369013632,0.918922172081,0.92244355279,0.919298434027,0.909666323295,0.903997034389,0.899938336894,0.897496026838,0.898395502485,0.897354156002,0.888994394302,0.882765479237,0.877534785864,0.872514070571,0.867523325641,0.862248886307,0.856076865647,0.849399348469,0.842982781207,0.837099996271,0.831757213302,0.826891399485,0.822426627022,0.818287951617,0.814407518433,0.810729989675,0.807216230347,0.80384322551,0.800600478975,0.797485082568,0.794497495755,0.791638817589,0.788909387625,0.786308263043,0.783833181425;0.859229767447,0.864108378474,0.869235797419,0.87457533566,0.880028709525,0.885601261976,0.891794282899,0.899123566879,0.901106728953,0.903055610441,0.908004424868,0.912086592118,0.914333110056,0.917895599731,0.922053943585,0.922923566985,0.924700228093,0.913064964211,0.908137951455,0.906818965278,0.901564786901,0.896138245694,0.892496199299,0.888902242818,0.884890309262,0.880381415394,0.874067190553,0.867696084638,0.861824428861,0.856143156272,0.850393401545,0.84460692397,0.838998119625,0.833730096216,0.828860307154,0.82437713953,0.82023158439,0.81635562321,0.812677857265,0.809139625658,0.805705979281,0.802365895182,0.799124077818,0.795991456973,0.792978880445,0.790094306068,0.787342133818,0.784723510648,0.782236976462;0.860632270469,0.86596257241,0.871717120341,0.877936318136,0.884386126866,0.890494101445,0.897700237383,0.912233292189,0.907559177651,0.906695345984,0.910630401116,0.918044576978,0.920146967576,0.916593017037,0.916944512156,0.926429373293,0.919391998247,0.911275337758,0.909680114939,0.912471986104,0.903887005358,0.897420510994,0.891048100129,0.885893419406,0.884820261178,0.889171211108,0.872527129643,0.86373993305,0.857024964723,0.851046795709,0.845420503086,0.840041976129,0.834937538453,0.830163570578,0.825751365655,0.821691758289,0.817934324829,0.814393892954,0.810972020399,0.80759248777,0.804226924863,0.800889832117,0.797614627211,0.79443407271,0.791372463499,0.788444946809,0.785659155848,0.783017135736,0.780517033002;0.861841248019,0.86761675996,0.874081589913,0.881665174091,0.891250719487,0.897290558375,0.902720992375,0.925120505643,0.912818251499,0.911089427908,0.914740877499,0.928413679252,0.935860239236,0.91876626844,0.916311496304,0.937435699941,0.913323085152,0.910672443882,0.921212791029,0.904682068794,0.905180582061,0.913085810278,0.892001865483,0.883536506023,0.881076015793,0.8816921689,0.868580600789,0.859495348962,0.852355616405,0.846187974336,0.840626875166,0.835509107065,0.830780831227,0.826439806232,0.822492546245,0.81892303203,0.815664463981,0.81258037832,0.80949232628,0.806272716792,0.802915945286,0.799502414587,0.796121898289,0.792838042057,0.78968831966,0.786692162746,0.783857296965,0.781183905603,0.778667502019;0.862815166066,0.868923871828,0.875956911299,0.884792892348,0.898401881661,0.903686928297,0.90251800636,0.90809258621,0.914491941577,0.917049616655,0.917332001039,0.925651506593,0.934195097913,0.925966001718,0.918710232764,0.908550482017,0.905429577587,0.924551582366,0.905213572815,0.907267034374,0.898450015601,0.898370397384,0.889038402209,0.880820754822,0.87507040627,0.870988139159,0.863591602436,0.854844826162,0.847414786193,0.841159184404,0.835704118134,0.830834525268,0.82645581675,0.822543912338,0.81910747747,0.816149518396,0.81360341989,0.811234482481,0.808633027772,0.805513339686,0.801980783031,0.798311192382,0.794694994647,0.7912213578,0.787928254245,0.784829885297,0.781927355786,0.779214075294,0.776679365071;0.863615394622,0.869813696496,0.877003015474,0.886277186965,0.906361883286,0.903064381522,0.903010433754,0.907203642799,0.916750755199,0.912896878401,0.912529882646,0.916227346663,0.913875908648,0.91085938113,0.904981349421,0.899021577423,0.8959817956,0.895535473502,0.896686514745,0.897231017246,0.888888509454,0.886054589815,0.900740747356,0.87999324364,0.871394022981,0.880076137768,0.863138831721,0.849835059214,0.841880661966,0.835684897689,0.830449350121,0.82588453536,0.821881283942,0.818426128323,0.815570862565,0.813410519122,0.812002635681,0.811039290567,0.809349379581,0.80598274213,0.801710252197,0.797417631725,0.793363837608,0.789584048597,0.786078977656,0.782840225097,0.779851535412,0.777092047979,0.774539840912;0.864597285826,0.870436216557,0.877270752795,0.885807500749,0.897320394441,0.905457698089,0.907386743533,0.912039849907,0.917917630887,0.914063875494,0.912899739302,0.909336206806,0.904706562616,0.909384546917,0.896019053343,0.890665873136,0.887157609603,0.885621171145,0.889135788147,0.893101052566,0.87920277146,0.876615318574,0.882093600498,0.875267115411,0.864027524462,0.863078990549,0.853399987616,0.842616731943,0.835310403507,0.829569736768,0.824737758877,0.820568390473,0.816982775694,0.814007489951,0.811776479913,0.8105877771,0.81102560338,0.813706508319,0.814997197192,0.809044203668,0.802317896752,0.796840296109,0.792116599494,0.787897528294,0.784104706659,0.780688889767,0.777601182856,0.774795578034,0.772232339054;0.867177192098,0.871114675591,0.877207453071,0.885135054008,0.894793238135,0.902234975382,0.906575937804,0.911989396098,0.916680562292,0.907128456747,0.896361666045,0.892919932558,0.893324263653,0.894399838938,0.889384299171,0.883489318025,0.879011326807,0.876268161407,0.874906632065,0.872400443727,0.867697488357,0.865076914634,0.868742024375,0.863440125697,0.852184355559,0.846012625425,0.839915935537,0.833438172005,0.827700325771,0.822786114917,0.818533619585,0.814843996696,0.811704369918,0.809193086718,0.807524358487,0.807208593877,0.809684753407,0.821155400149,0.85533444804,0.81487763992,0.803281711655,0.796495662155,0.790916700229,0.786098507075,0.78193828581,0.778320602453,0.775135625943,0.77229620158,0.769737379861;0.876765983272,0.871351664267,0.877076280732,0.885655362027,0.896128505191,0.901896845673,0.907844427599,0.932852213703,0.912637500781,0.892557572491,0.878085781794,0.879850406956,0.883303718105,0.910671121021,0.895001784756,0.877478812313,0.871207049232,0.867750071774,0.864773446065,0.860734474918,0.856058056594,0.851973668903,0.848712294415,0.84416391056,0.838354841447,0.833174967021,0.828424261724,0.823806009541,0.819448493521,0.815465212918,0.811882862013,0.808718194318,0.806022455503,0.803912118918,0.802624543145,0.802665586417,0.805279146267,0.814044612639,0.825506303688,0.812421008922,0.804235781675,0.796766368203,0.789763161405,0.784059295587,0.77946452254,0.775655858515,0.772403950485,0.769561944075,0.767034930944;0.865698961628,0.869279973147,0.876753605131,0.888098858091,0.90876174271,0.903002686106,0.907955398968,0.900237870862,0.893427386699,0.847964764822,0.839860756622,0.868528794776,0.872807993062,0.876404356257,0.876431298617,0.868226873885,0.863118118367,0.861251615127,0.859923181315,0.852036802081,0.844896858543,0.838811763949,0.833312618171,0.828281248437,0.823930805769,0.820344618598,0.817142857908,0.813995042116,0.81084662903,0.807775796228,0.80487648061,0.802236911177,0.799954669347,0.798162071405,0.79706402579,0.796997894582,0.79848334992,0.801868560665,0.805752399345,0.810561886653,0.813975940116,0.799238759073,0.788357878935,0.781466948834,0.776502905909,0.772597564833,0.76935337288,0.766563412426,0.76410833758;0.858775458533,0.866173072686,0.877205928413,0.888416626835,0.897935055186,0.89428215364,0.894612794954,0.899035752254,0.896615362412,0.887590137771,0.871526960245,0.866321456907,0.863829712937,0.862578543923,0.860568767139,0.857290569068,0.854424607686,0.855551948619,0.88246525689,0.84359930701,0.83338732381,0.824960507621,0.816978937904,0.810791996455,0.80775427331,0.806599268138,0.80556090385,0.804036558552,0.802073981367,0.799872631234,0.7976205381,0.795470268056,0.793554162337,0.792007165883,0.790989732091,0.790704912357,0.791389263004,0.793295793479,0.797370390154,0.811625549523,0.86740140256,0.799182500924,0.785031984892,0.777783212061,0.772856245006,0.769064010186,