ZNF281_OAC1=[0.894759694208,0.896183760676,0.897815388319,0.899580999051,0.901404067521,0.903264090052,0.905215684367,0.907156401489,0.90896985655,0.912230728098,0.921905495928,0.9272264387,0.929377705823,0.943310341651,0.941969313983,0.942539047076,0.947795135875,0.948223032293,0.944532339126,0.943356098442,0.943059256857,0.943554103383,0.945695295028,0.946610200258,0.943676097879,0.941847933949,0.940499820073,0.939227111795,0.937942333513,0.936502932762,0.934638619351,0.932543788617,0.930566454836,0.928821422797,0.927303635774,0.925979375869,0.924811384607,0.923764604236,0.922808410431,0.921918505141,0.921078059688,0.920277327439,0.919511900209,0.918780537943,0.918083386336,0.917420860055,0.916793089877,0.916199729409,0.915639954062;0.892693304305,0.894312097642,0.896228323467,0.898317051755,0.900391562097,0.9023681722,0.904679496369,0.908010693091,0.90683134151,0.906744508986,0.911621218227,0.917606066452,0.923217078772,0.930809803762,0.938778501814,0.94352526557,0.948223234579,0.943501715478,0.943199130361,0.94486693978,0.943997164053,0.942946113585,0.942777282829,0.942520787267,0.94195548683,0.941069978825,0.939257938087,0.937403196527,0.935766912972,0.934198017456,0.932578728889,0.930927302314,0.929340820459,0.927889158722,0.926593774593,0.925446109279,0.92442243201,0.923492127543,0.9226243369,0.921794454069,0.920988250147,0.92020152242,0.919436443272,0.918697578343,0.917989339523,0.917314908239,0.916676026169,0.916073162628,0.915505801199;0.8901381608,0.892050716188,0.894455540144,0.897223128143,0.899960574736,0.901938543843,0.904263660301,0.91322584895,0.90275220593,0.896735613517,0.900752928493,0.912186165904,0.919259856459,0.923122906663,0.931043596084,0.94436219415,0.943618825423,0.941861938788,0.944005206458,0.948268070268,0.945519382515,0.943961983338,0.942404563213,0.941425383418,0.94241137464,0.945883818767,0.939072268796,0.936119399886,0.934138869897,0.932477098407,0.930950432123,0.929510633577,0.928168904464,0.926948696437,0.925861598999,0.924901605606,0.924045703438,0.923257330582,0.922495687414,0.921730230483,0.920950521947,0.920163460434,0.919383171329,0.918623088698,0.917892967291,0.917198771646,0.916543445669,0.915927751855,0.915350980833;0.886812692768,0.88913221799,0.892286597993,0.896392491243,0.901980057103,0.90363316452,0.903232311313,0.918966107662,0.89391861027,0.873307178992,0.879744522599,0.907069889444,0.919445200089,0.915178274036,0.926683744503,0.951610092451,0.938871926679,0.9414115523,0.951314497543,0.943998940315,0.946671158483,0.952951857857,0.943481443349,0.940852158687,0.941193319474,0.942874465678,0.937881111007,0.934846123932,0.932709432689,0.930992135104,0.929518249522,0.928211393388,0.927046437611,0.926021166904,0.925136816065,0.924384893463,0.923736051122,0.923133301947,0.9225043602,0.921799539265,0.921019220164,0.920197704944,0.919371878371,0.918567331215,0.917798806029,0.917073737929,0.916394936632,0.915762319346,0.91517408076;0.88221543837,0.885072630559,0.889175713933,0.894912097794,0.904761953794,0.90587260429,0.897704925458,0.890796692407,0.877837757197,0.814366018545,0.842688444936,0.883821929133,0.756943925347,0.913384051708,0.927273040142,0.929209378791,0.933691687586,0.950945760029,0.942034691376,0.946143976386,0.943592604662,0.945704921532,0.942717584062,0.940308992181,0.939078251097,0.938555339345,0.936377906288,0.933549229742,0.931307828656,0.929567835802,0.928150853873,0.926957855516,0.925945898728,0.925103122853,0.924431245446,0.923929162442,0.923567053238,0.923247710244,0.922806416723,0.922132842645,0.921274774426,0.92034544276,0.919421303294,0.918537352934,0.917707961782,0.916938105649,0.916227735069,0.915573963836,0.914972495969;0.875386937869,0.879118279688,0.884351096417,0.891431352525,0.908740755677,0.902302054789,0.89521918034,0.880834667187,0.808410182917,0.855190728607,0.87804422689,0.891079708066,0.886329067554,0.907463719139,0.918809677037,0.924048363817,0.928671714589,0.933377300961,0.937941787976,0.94134456317,0.939341847079,0.940178621704,0.949650767748,0.940936671851,0.938352442787,0.943822250244,0.937166413693,0.932272598135,0.929806466295,0.928092933471,0.926766109302,0.9256964689,0.924835483209,0.924175433942,0.923734990221,0.923549345783,0.923637116758,0.923869251799,0.923775895921,0.922988557808,0.921826375126,0.920643780025,0.91954188574,0.918532877188,0.917615600016,0.916785635712,0.916035841428,0.915357618536,0.914742250727;0.864016240083,0.870189789065,0.877151929763,0.88464217142,0.895129525544,0.902332182225,0.901170006166,0.895874963092,0.878786181824,0.889843451144,0.904181359468,0.907290052633,0.908217763628,0.920749162659,0.91835268399,0.921815977487,0.925328401557,0.929092963315,0.935028228555,0.940367579929,0.935500019748,0.936631146498,0.941486936967,0.9399212706,0.936168282436,0.937117641131,0.933927418006,0.930219025924,0.92803197775,0.926494600393,0.925316612903,0.924391851422,0.923685634833,0.923206196885,0.923004242934,0.923194785518,0.924004232773,0.925665465982,0.926722475731,0.92488806467,0.922749254833,0.921095914708,0.919727333092,0.918542494142,0.917508358767,0.916603997026,0.915809300927,0.915105842784,0.914478039985;0.839709637367,0.857334756791,0.867589166768,0.874209986207,0.883700348573,0.894647589579,0.902902163104,0.909967908842,0.915967450688,0.912082483967,0.908484750568,0.909309755303,0.913155747442,0.91862185889,0.920196483827,0.921376510957,0.92329373571,0.925887573951,0.92884250712,0.930756029935,0.931224137517,0.932535756775,0.93658828419,0.935946194957,0.932349417342,0.930930421553,0.929383964595,0.927565773476,0.926010054634,0.924772135012,0.923791175953,0.923027433051,0.922473430446,0.92215675209,0.922157978538,0.922673729464,0.92426449453,0.929356894938,0.94325808036,0.927870229343,0.923830111001,0.921665128297,0.91996183196,0.918541831023,0.917361365954,0.916373313943,0.915533947868,0.914809093907,0.914173636081;0.769822551208,0.845591872774,0.857330874774,0.857044368695,0.861825990202,0.882283226088,0.904535591373,0.937649482104,0.927176218745,0.921899160954,0.91550590314,0.913723975687,0.916055831294,0.937488120875,0.929622605344,0.921845802071,0.921907445468,0.923683264974,0.925582565998,0.926751129155,0.92746881481,0.928323164169,0.929295064663,0.929285798095,0.928306821442,0.927264195966,0.926174697835,0.925020344425,0.923929372911,0.922984431761,0.922207236504,0.921603378779,0.921187443563,0.92099829963,0.921121928394,0.921748892323,0.923355778007,0.927320152607,0.932254010495,0.927632098964,0.924922537362,0.92249337741,0.920243432949,0.918482978505,0.917132534447,0.916065320958,0.915192279139,0.914456843604,0.913822807042;0.827258067037,0.848873291567,0.851029818763,0.826917481297,0.746561510915,0.858488880169,0.90446471619,0.913059691393,0.92175553653,0.92784046736,0.924008500891,0.916823108587,0.916291435167,0.919615224307,0.922084084311,0.920118616709,0.920504742,0.922896310868,0.925537767187,0.92476542293,0.924553704174,0.924904161129,0.925317983079,0.92538460315,0.924995121733,0.924330708412,0.923539670204,0.922706726167,0.921905095093,0.921189458471,0.920591206892,0.92013054617,0.919830484191,0.919729168896,0.919894733472,0.920447572363,0.921577780162,0.923406092978,0.92538027443,0.927661408905,0.929364332454,0.924171504644,0.92045846086,0.91825046959,0.916756994799,0.915646267662,0.914766743011,0.91403989655,0.913420780522;0.855521368359,0.859450902745,0.858675513212,0.82766750155,0.790696630933,0.863904727342,0.896796467791,0.916226045069,0.926030583565,0.933580798251,0.92728521382,0.917973972333,0.914905249936,0.915262239254,0.91635343775,0.917286200318,0.918785348011,0.922610879984,0.939647295427,0.92321379623,0.922040332244,0.922188892507,0.922598237186,0.922793078146,0.922532150065,0.921950656373,0.921267869975,0.920591429042,0.919965844463,0.919417009507,0.918963954797,0.918623752129,0.918416878917,0.918373093482,0.918537527117,0.918975035459,0.919764945751,0.920993441069,0.923010036515,0.92882818057,0.950166699114,0.924904120646,0.919987332334,0.917649811569,0.916166256581,0.915089395435,0.914246256574,