RNF2__poly=[0.854308164126,0.8567742095,0.859483411919,0.862457690481,0.865715746801,0.869269622708,0.873120871554,0.877258611536,0.881670115681,0.886417052161,0.89178554842,0.89778781487,0.901589312397,0.901860173585,0.902946538926,0.90584222783,0.911572115434,0.922186289668,0.917562640557,0.919173538331,0.918219857972,0.917253124744,0.926613737815,0.889543162547,0.855237296257,0.902243731201,0.915997883336,0.926449784279,0.931597997331,0.944444057285,0.956520763361,0.9454314911,0.953457574238,0.961650446073,0.944855034955,0.94420335076,0.942241272939,0.930295927558,0.919104716049,0.911475124504,0.905225760861,0.899842500484,0.895101841231,0.890872537072,0.887064764958,0.883611980022,0.880462665104,0.877575824541,0.874918194206;0.853106440285,0.855647106359,0.858475134041,0.861627303391,0.865140879735,0.86904904582,0.873373976282,0.878119776573,0.883239085199,0.888645382303,0.895256574028,0.908451126148,0.925983854107,0.90580553816,0.903145054974,0.90472793784,0.910470900471,0.925035210194,0.916021537237,0.918055607379,0.923079341008,0.927660480412,0.910327600833,0.905383213299,0.902979595883,0.906999855139,0.915034849465,0.924253761728,0.927447177944,0.932554481343,0.935890823697,0.938878214805,0.945726575093,0.950219496695,0.942670666798,0.93947479928,0.933993414639,0.925148342871,0.916564980097,0.9093418463,0.903258709523,0.898006122446,0.893382576959,0.889257971716,0.885542799528,0.88217165891,0.879094543834,0.876271956297,0.873671952564;0.851656079657,0.854247054356,0.85717359617,0.860493550888,0.864275004424,0.868594094255,0.873524337073,0.879150731865,0.885694356031,0.892013329711,0.897052699539,0.907593491454,0.931176685001,0.907335629677,0.903389546416,0.903285412704,0.907289684748,0.924294528543,0.936166168998,0.915907384012,0.916884141301,0.910732610028,0.906735951961,0.91288055924,0.913901222234,0.908803012431,0.913067737592,0.919679162772,0.921964286184,0.92594936534,0.930557703207,0.936060354125,0.945128111361,0.940894683678,0.948789628574,0.943415893129,0.935398223873,0.921759341034,0.913090321771,0.906293223544,0.900562284138,0.895584560268,0.891181897152,0.887239016641,0.883675806509,0.880433414581,0.877466682831,0.874739800642,0.87222366261;0.849919899111,0.852523123478,0.855509666299,0.858963315682,0.862997267881,0.867771657639,0.873492718308,0.880291378025,0.889263346638,0.917813055544,0.897975392922,0.903214594935,0.90499341357,0.90782945815,0.907378407736,0.901374932959,0.904275195213,0.914784867956,0.911962275822,0.914255891798,0.922200438878,0.904315253508,0.900439419282,0.901914283431,0.904949919731,0.902751446146,0.907529689806,0.915193566696,0.91253165582,0.916521196137,0.924382064004,0.934469098588,0.93221106458,0.931286498109,0.934732595684,0.932751302298,0.927238030945,0.916207204065,0.908489369062,0.902397262678,0.89719869692,0.892624639149,0.888536112861,0.8848444886,0.881486872105,0.878415833193,0.875594119209,0.872991599038,0.870583364612;0.847860547622,0.850421556551,0.85340636432,0.856923292378,0.861132559787,0.866317830567,0.873112141606,0.882857561371,0.890146027946,0.895577504683,0.897242660355,0.908858141734,0.899886582267,0.906358368015,0.901591752528,0.897924156425,0.899818388778,0.902147971117,0.902739759553,0.901981205561,0.898607487041,0.894224904612,0.89241427961,0.897368766232,0.896105265638,0.893824021279,0.896547403036,0.900354878806,0.90341462329,0.907378816308,0.912493351849,0.917687515447,0.919791647841,0.920365175748,0.920264849539,0.918104823879,0.914019859185,0.908409617485,0.902823036908,0.897791862317,0.893282671659,0.88920976211,0.885505787867,0.882119496402,0.879010451098,0.876145769979,0.873498124822,0.871044429188,0.868764932878;0.845443327288,0.847890058913,0.850787723453,0.854259595458,0.858482880104,0.863779066084,0.8710043615,0.884854044956,0.891095638402,0.909264298064,0.895021965638,0.896460609244,0.895442975609,0.895051999917,0.893968848144,0.894222265163,0.907244408347,0.897252957552,0.89586505213,0.89537258883,0.888292142418,0.883553650608,0.882069128537,0.883596861856,0.882968169775,0.882277271474,0.885620582016,0.890964629562,0.894895317102,0.898379819206,0.902290044661,0.905986891983,0.909198701736,0.916155414277,0.912670359022,0.908154202151,0.904740352378,0.900867026518,0.896770417101,0.892764352389,0.888980504346,0.885449872509,0.882168277339,0.8791207073,0.876289341977,0.873656331261,0.871204802193,0.868919196431,0.866785334679;0.842638502842,0.844880084492,0.847585422984,0.850885826091,0.854938171133,0.859953525931,0.866258718233,0.874042198722,0.882468567727,0.890417347414,0.893057879252,0.912294433818,0.895973084083,0.897042500793,0.89203488775,0.891651437257,0.889758881073,0.885519209661,0.887535987752,0.883047411502,0.876168357702,0.871749784773,0.870041562536,0.868590408615,0.866151788887,0.865701975108,0.872468947754,0.893382063845,0.888232399854,0.889847155131,0.893327570262,0.896642192536,0.899740971439,0.903552045475,0.902563874068,0.89942035874,0.896738996227,0.893851833016,0.890749275422,0.887579449418,0.884461302615,0.881460341821,0.878606342372,0.8759096392,0.8733705201,0.870984164968,0.868743249005,0.866639346505,0.864663702015;0.839422829004,0.841343002755,0.843728058744,0.846732415243,0.850498974676,0.855125045872,0.860659322444,0.867201431198,0.876067539424,0.888324512135,0.887683407629,0.904025469632,0.943762909738,0.890605955919,0.885113565844,0.884599258049,0.877868142242,0.868974281771,0.870892149102,0.864716767539,0.860050307667,0.858230549564,0.858585806563,0.85532182887,0.844638887378,0.828971620163,0.850729832328,0.869675650469,0.877209231158,0.881478419149,0.88538765748,0.88855784139,0.890937170969,0.892433243154,0.892435034471,0.891189260223,0.889399236367,0.887271275753,0.884902236569,0.882399163246,0.879856637256,0.877341931094,0.874897068638,0.872545986388,0.870300884351,0.868166634769,0.866143614795,0.864229489275,0.862420332403;0.835783565355,0.837221039096,0.839103612316,0.84166513456,0.845109018072,0.849473918017,0.854603944365,0.860305693669,0.866475717488,0.872435366156,0.879264704863,0.900775066164,0.884696018373,0.886795154135,0.878742832662,0.861660155252,0.852785014133,0.847791506789,0.852548922271,0.845340070846,0.841306167223,0.841745056201,0.854433525453,0.845997791205,0.826516424535,0.711045663133,0.832085224891,0.85681323671,0.867534606688,0.874189635119,0.879048257868,0.882172093652,0.883802446451,0.884537781686,0.884524410877,0.88383033163,0.882633460407,0.881081207643,0.879277272226,0.877309838194,0.875254889245,0.873172266375,0.871105184143,0.869082845594,0.867123886228,0.865239419962,0.863435367165,0.861714125814,0.860075739307;0.831735214652,0.832446992987,0.833498506647,0.835325598564,0.838424073333,0.842880912132,0.848170659877,0.853597582498,0.858737569327,0.863522494444,0.868438827045,0.872788192849,0.86980133325,0.866507622496,0.864404591086,0.828247593854,0.824498002128,0.810188240317,0.819242253937,0.817187090253,0.814957075918,0.817145526046,0.822788063782,0.827058210604,0.826352786077,0.825406283603,0.837868202048,0.851498240042,0.861267279832,0.869171711048,0.87640309061,0.879207121104,0.878549613778,0.878124689496,0.877797299339,0.877248578968,0.876393699112,0.875255768198,0.873889328043,0.872355190092,0.870711084864,0.869006610026,0.867281209923,0.865564456681,0.863877506552,0.862234860111,0.86064598089,0.859116621295,0.857649848144;0.827367910171,0.82699787104,0.826539175783,0.826774924367,0.829306307076,0.834775473179,0.841540074318,0.847692882437,0.852471026405,0.856300837879,0.85949263618,0.861466899808,0.860210906653,0.851684432595,0.827384535493,0.738417798695,0.796444749292,0.70820485542,0.796342719769,0.763760256847,0.770376627381,0.773810587209,0.784041614187,0.805745078197,0.821396322706,0.830609605202,0.839415915303,0.848355500019,0.856672199028,0.865677876089,0.885674695585,0.884538694126,0.874405488935,0.872381765081,0.871710396871,0.87121211342,0.870583325825,0.869754487408,0.868733419932,0.867554129216,0.866257363649,0.86488224186,0.863462621534,0.862025959509,0.860593503899,0.859181091593,