HNF4A__poly=[0.120507304519,0.120669213307,0.120750639422,0.120735039735,0.120607170236,0.120356735553,0.11998316829,0.119499413196,0.118923099279,0.118194136954,0.116982630524,0.115155999374,0.11580363321,0.120646580503,0.12441032414,0.125097693012,0.119820339182,0.105216648445,0.109534342001,0.104453544982,0.10138352248,0.0962488813001,0.0765656229853,0.0851919197267,0.0781512776163,0.0774843456964,0.0705136605835,0.0617379013353,0.0565946606486,0.0451395918937,0.034676169256,0.0427439692268,0.03583927252,0.0290574992288,0.0411509348968,0.0410406409719,0.041906437142,0.0499201357034,0.0572228232133,0.0618862540541,0.0655148320587,0.0684977974271,0.0710093714329,0.0731537005269,0.0750025273605,0.0766089503424,0.078013850076,0.0792494817597,0.0803417365151;0.121418904689,0.121611901205,0.121703503926,0.12166418589,0.121460761602,0.121060550063,0.120438847738,0.119588410368,0.118558328512,0.117452968281,0.115284744345,0.105653600086,0.0898050101657,0.119621410946,0.127386148582,0.12910716939,0.124980361046,0.106702598508,0.119531264743,0.114985894849,0.10375597417,0.0884971849349,0.095895136284,0.0867936772668,0.0806627627169,0.0777539921606,0.0714462353729,0.0630821229586,0.0594471656491,0.0542721176152,0.0506665180243,0.0474765148922,0.0414691097155,0.0374472661205,0.0424917668223,0.0442330909293,0.0475962593314,0.0532883193797,0.0586782617857,0.0630191611076,0.0665028971693,0.06937144293,0.0717823646843,0.0738381589631,0.075609716734,0.0771488731874,0.0784951098015,0.0796793751422,0.0807264332287;0.12238759179,0.12262798217,0.122745795726,0.12269338798,0.1224081217,0.121812886733,0.120825233056,0.119344430995,0.117125184374,0.115361729487,0.115440227979,0.109877267852,0.0878591448458,0.12636509847,0.13493460071,0.137725631209,0.140444859921,0.122207194816,0.103487709417,0.137415762754,0.145121693114,0.122869612114,0.105061286731,0.0861119466834,0.0781949061909,0.0791439062911,0.07344616025,0.0664118468131,0.063257396648,0.0589235777247,0.0543010404154,0.0491811434156,0.0415514087487,0.044094872936,0.0376644417019,0.0410529521417,0.0462614600241,0.055331095556,0.0607287506123,0.0647300644282,0.0679370908932,0.0705904712439,0.0728292546619,0.0747442550887,0.0763989317802,0.0778399475082,0.079102971359,0.0802160615341,0.0812017579974;0.123422098975,0.123735472653,0.123910198872,0.123877274793,0.123531766024,0.122712154135,0.12119354198,0.118797069483,0.11432468531,0.0887669587374,0.116285104365,0.118493319602,0.13090609301,0.156896398862,0.145934892764,0.146895590125,0.163940570574,0.231986720031,0.185078657567,0.169227700842,0.185891553286,0.137020167747,0.1130713284,0.0981430391303,0.0874923884112,0.0846640424729,0.0775330000826,0.0692148757223,0.0698963500371,0.0655218861988,0.0583968927257,0.0498426327785,0.0508151074337,0.0507904541545,0.0475932675711,0.0483992519613,0.0517083652316,0.0588249872007,0.0634926600455,0.0669589318186,0.0697647243491,0.0721150894975,0.0741190375848,0.0758472363686,0.0773501649964,0.0786658710526,0.0798240524873,0.0808484691724,0.0817584752008;0.12452650858,0.124948191342,0.125228347669,0.125280318585,0.124956471715,0.123974149968,0.12168000915,0.116620168023,0.114087760485,0.113807464737,0.118457411678,0.112869281695,0.14063995605,0.199524294756,0.160532475637,0.148055568117,0.156577844262,0.175140751247,0.179594543594,0.167338315417,0.145973085713,0.131326571567,0.116224875474,0.0998161697959,0.0934721427515,0.0903128315687,0.0846968878484,0.0795218952599,0.0756759446746,0.0714830006055,0.0666100884434,0.0618261305282,0.059459123894,0.0582724357645,0.0576046456356,0.0584285598104,0.0605981128408,0.0637908246834,0.0669091616552,0.0695980137944,0.0718977884376,0.0738811082749,0.0756046636595,0.0771116533543,0.0784359977682,0.0796049880395,0.0806409627997,0.0815624407429,0.0823849236683;0.125696160697,0.12626871714,0.126718324816,0.126954213874,0.126816116339,0.125981916524,0.123577560048,0.114784525619,0.113638914914,0.0998476302655,0.122634151797,0.128396262224,0.137325648381,0.145054289333,0.144156467864,0.140169056077,0.125060147453,0.14290954347,0.145609571815,0.139826721964,0.136746087823,0.129164182355,0.118687201025,0.107316959901,0.10017906002,0.0953601462162,0.0897008888421,0.0841283945806,0.0802741109231,0.0768926972026,0.0731972993037,0.0696674326193,0.0665194131279,0.0607003160467,0.0624710835227,0.0649223587195,0.0665475626158,0.0684602820476,0.0704949534801,0.0724402894066,0.0742151503462,0.0758076266158,0.0772285968855,0.078494872659,0.0796238473883,0.0806317911978,0.0815333513516,0.0823414882985,0.083067573903;0.126913718667,0.127681046956,0.128370105958,0.128903297408,0.129146838234,0.128872377812,0.127710368774,0.125438116116,0.123011157747,0.122132172915,0.129420588408,0.114538160441,0.134931765808,0.129239631247,0.132393695067,0.131380106384,0.134753965276,0.143366221986,0.142751011977,0.14125232079,0.137302672002,0.130497380032,0.121697674412,0.113195510468,0.105890083259,0.0995063169529,0.0931370929416,0.0785850588145,0.0828615715848,0.0816023580371,0.07860274628,0.0755421738136,0.0725624325123,0.0690586076769,0.0689882764305,0.0704077667309,0.0714683625003,0.0726486266701,0.0739582319731,0.0752993584503,0.0765965900044,0.077811786936,0.0789307763646,0.0799517746393,0.0808788940464,0.0817188332017,0.0824792083931,0.0831677118489,0.0837916952196;0.128146570428,0.129145538694,0.130137341762,0.131071765661,0.131853932897,0.132333665441,0.132339367187,0.131732537588,0.129455416428,0.125322118504,0.14435391051,0.189319474973,0.0784981807568,0.131314648502,0.131398327759,0.129986036837,0.138692541098,0.157828364057,0.190152322037,0.163395376868,0.144635248388,0.133859977147,0.12362100856,0.115902429748,0.108934785979,0.100853535971,0.0967061538957,0.0912906051964,0.0884855666482,0.0860963617093,0.0831544648368,0.0803763132012,0.0779961300359,0.0761699166879,0.0753641565414,0.07540682201,0.0758073055376,0.0764266213991,0.0772015551666,0.078062579758,0.078949743763,0.0798221862069,0.0806560560121,0.0814392524626,0.0821669621246,0.0828386522881,0.0834561986971,0.0840227509973,0.0845420526335;0.129346327205,0.130596239391,0.131934419313,0.133356865939,0.134814410869,0.136171269874,0.137212824448,0.137787132895,0.138188265768,0.140494928211,0.147939030032,0.146307662922,0.147355565841,0.127706233539,0.129553664389,0.14635224624,0.155738674761,0.165832833879,0.202915766426,0.169696086218,0.14960380442,0.138275587524,0.11934225376,0.116728087327,0.112156650306,0.0913470163508,0.100614644319,0.0975917261367,0.0937427513675,0.0900524470653,0.0866149341073,0.0839626539752,0.0821551346023,0.080869640635,0.0800524656812,0.0796788892173,0.079636476922,0.0798302235175,0.0801936562322,0.0806705046429,0.0812129303914,0.0817841443003,0.0823584616206,0.0829192999156,0.0834567254815,0.0839653586425,0.0844428191576,0.0848886435999,0.085303554225;0.130451573619,0.131939307426,0.133624785712,0.135592375516,0.137904303536,0.14044899385,0.142774891726,0.14424148149,0.144831572822,0.145537318555,0.146564160295,0.145673003263,0.144866350608,0.139764365288,0.132233232226,0.173035226119,0.186380531782,0.162391954354,0.163072867194,0.158602639592,0.152675859171,0.14685888602,0.136249272347,0.126598797998,0.118915939793,0.111657558406,0.106696570899,0.10228736507,0.0977137016876,0.0928209518573,0.0876147510396,0.0851664925421,0.0849505616371,0.0844482557889,0.0838153007635,0.0833066573876,0.0829976334825,0.0828812510238,0.0829255779137,0.0830930268193,0.0833476155129,0.0836586617188,0.0840021312949,0.0843603540096,0.0847209659874,0.0850756904468,0.0854192506079,0.0857485035913,0.0860617892496;0.131397526251,0.133058740985,0.134995094417,0.137441834881,0.140812398515,0.145331924529,0.150262187557,0.153141510492,0.152312322179,0.150345208967,0.148967236761,0.147633464076,0.146643309643,0.148796752878,0.155285700391,0.158725079799,0.174752146951,0.142323888403,0.157132279496,0.150924100982,0.158076145297,0.171563831899,0.150661946672,0.134314421473,0.124878478811,0.117586310714,0.111631626274,0.106372347578,0.101146475331,