NODAL__poly=[0.345299453475,0.349764921426,0.354698762141,0.360168041384,0.36625984939,0.373098648507,0.380882419475,0.389961758559,0.40099903329,0.415130374926,0.433868288448,0.457247825193,0.47283974405,0.474374029952,0.480919514125,0.495302624173,0.523182256467,0.578584524708,0.555608620672,0.567277454741,0.562076086554,0.55652721747,0.63947786091,0.579921352862,0.575612818796,0.532446318741,0.526320061543,0.530963786408,0.497668887495,0.488528687585,0.367830754357,0.447760797695,0.472696798841,0.278512609288,0.362877086457,0.338902163378,0.321680268075,0.354888304075,0.378809672717,0.384568966345,0.385081582081,0.38337648143,0.380633511743,0.377412332057,0.374001665449,0.370556732165,0.36716249816,0.363865288441,0.360689468522;0.341651832659,0.3459880819,0.350792066898,0.356123893496,0.36205572708,0.368686298929,0.376174312338,0.384825428794,0.395485776201,0.410636342116,0.434873441642,0.490843165537,0.579501180784,0.477193783018,0.468886489299,0.47673319571,0.499564636682,0.568169597411,0.528371167691,0.549446800613,0.572532704825,0.47905897682,0.512504752734,0.511384976519,0.501599182673,0.497014694836,0.50582402843,0.513403763639,0.463913117903,0.441897943819,0.433502721845,0.423602532275,0.406138735092,0.378728697986,0.382859905213,0.369170649985,0.36166778302,0.36866630043,0.375919543809,0.379131838594,0.37940392145,0.378007996584,0.3756947962,0.372895067151,0.369860703909,0.366741279514,0.363626231526,0.360568867875,0.35760039112;0.337590909382,0.34174921629,0.346369228702,0.351498622779,0.357178003728,0.36344039631,0.370322559188,0.377777121426,0.385214761227,0.397448471518,0.424623613866,0.454466108958,0.486869853919,0.464600897058,0.455577665361,0.456110979853,0.461558367928,0.41538044031,0.625590346512,0.526432855165,0.516622591746,0.499126465107,0.488685269237,0.455924300965,0.477784474721,0.471797927037,0.478004521054,0.476495430314,0.435031798415,0.420768174851,0.427482290007,0.412678325745,0.339194684018,0.382191915591,0.412935570484,0.427479883272,0.365489531851,0.372624047186,0.374836091116,0.375394431,0.37474879888,0.373185305711,0.371005537653,0.36844880604,0.365685268573,0.362830444946,0.359960840282,0.357126160296,0.354357989254;0.333112097547,0.337043925386,0.341432168197,0.34631319677,0.351685473625,0.357460806213,0.363437091995,0.369534782733,0.371750089897,0.30238127547,0.416885912643,0.443818987965,0.437483828649,0.439496434466,0.458151346665,0.435995956213,0.431962471665,0.412812822962,0.493511267766,0.520577635715,0.511626590203,0.48057181853,0.477229144805,0.481421214101,0.48927383781,0.462334501119,0.43763805869,0.407638941418,0.424730286173,0.41659394061,0.406223039308,0.3655159303,0.360922113256,0.370931970991,0.369859511297,0.410280984903,0.379524820116,0.37409297945,0.373022357853,0.371888578267,0.370450079041,0.368619698171,0.366449493689,0.364035954556,0.361472912734,0.35883657476,0.356183968068,0.353555767909,0.350979945454;0.328211115896,0.331864947033,0.335976882179,0.340586433963,0.345670028112,0.350983151112,0.355461471132,0.356057667278,0.372620644397,0.40389489089,0.422662030574,0.484155195533,0.417243566937,0.390108027311,0.413120923948,0.413617099063,0.415468041979,0.420789964786,0.457735040887,0.476009473865,0.471369675387,0.464030352147,0.464969957044,0.490392399287,0.477177366004,0.448367307864,0.430729949042,0.418270762379,0.412292697598,0.405044869026,0.39427015122,0.377744933686,0.369108456691,0.368376083279,0.371534945686,0.378003857794,0.376218006809,0.372219102518,0.369790106425,0.367902809815,0.366047948083,0.364056547612,0.361897435481,0.359597483399,0.357202267405,0.354757763356,0.352303240661,0.349869520438,0.347479493732;0.322882938643,0.32619710249,0.329977878816,0.334293633489,0.33917353567,0.344456106229,0.348908436048,0.340621882967,0.369795118594,0.501871774314,0.418096372816,0.41223818873,0.391946903469,0.379437879721,0.379942594811,0.389923410813,0.435828235031,0.396867387077,0.407259403071,0.457284275686,0.451484119508,0.44511849219,0.447650532843,0.45824468242,0.451902992543,0.433589060418,0.418241976345,0.404001637504,0.397679248432,0.39341998049,0.386473951085,0.377650541874,0.367744042376,0.340623219157,0.353719642505,0.366451113556,0.368193212522,0.366972331038,0.365144127811,0.363263339646,0.361345128499,0.359347875282,0.357256697411,0.355082519259,0.352849860908,0.350587178377,0.348321343504,0.346075184543,0.343866821211;0.31712378138,0.320017835328,0.323381956366,0.327328843299,0.331996537444,0.337575980824,0.344504875978,0.355328640367,0.3820378134,0.413830851119,0.406670777345,0.479077088333,0.361514913523,0.333023942741,0.340726785212,0.346342947886,0.371937841185,0.374469871591,0.372190200783,0.422667716489,0.427144222703,0.426289308101,0.430208195765,0.432602502013,0.429698222278,0.421070849562,0.404766439133,0.349205739209,0.377500272595,0.381863817294,0.377606249385,0.371434868193,0.363537593897,0.350728888536,0.352938702202,0.359834011146,0.361521294487,0.361065531165,0.359756256389,0.358118449264,0.356330345806,0.354444867452,0.352482689367,0.35046117045,0.348399909821,0.34631963869,0.344240171593,0.342178980198,0.340150544833;0.310936767833,0.313306097763,0.316125415264,0.319542530858,0.323763414589,0.329139883046,0.33650018715,0.348281107832,0.373468787234,0.415556959753,0.377282246495,0.380113123077,0.180377782566,0.317150346498,0.319570972355,0.313220142493,0.328281001409,0.352534661902,0.35336363752,0.380144326833,0.398724904964,0.41020092257,0.423172963788,0.424647162454,0.422200992012,0.425614870545,0.402646672242,0.379160659826,0.373656634401,0.371882261609,0.367673515607,0.363106428973,0.35875685994,0.355129841132,0.354257750401,0.355189619986,0.355589667026,0.355119070039,0.354057674144,0.352658323912,0.351066901711,0.349357022728,0.347567675456,0.345724222436,0.34384713511,0.341954682112,0.340063297416,0.338187340804,0.33633888382;0.304339715052,0.30605418905,0.308160131481,0.310828071642,0.314269949605,0.318750508563,0.324673189716,0.332647357884,0.342555250599,0.347992448689,0.342232060611,0.300948443707,0.319752439963,0.29265884936,0.308090059626,0.321449561036,0.324131730452,0.334571345051,0.333903898489,0.361690611101,0.381642352047,0.397596597605,0.450992989293,0.428958221051,0.41470604976,0.49074697014,0.399887404891,0.378386414947,0.368143922121,0.361164300369,0.355228653872,0.351627459188,0.350307742559,0.349752151106,0.349609291168,0.349709840713,0.349609468178,0.349092035866,0.348187598351,0.346999819891,0.345621007646,0.344115129384,0.342524142302,0.340876930243,0.339195279044,0.337496927961,0.335796865951,0.334107808551,0.332440381158;0.297373884979,0.298274663203,0.299451974437,0.301118053807,0.303517621024,0.306786314632,0.310901845735,0.315654273463,0.320020419376,0.321520286197,0.317539455746,0.308227339765,0.306322499626,0.30311534611,0.359222634988,0.30563745787,0.299078522928,0.314872165129,0.336148273502,0.358149945966,0.373429419833,0.383051610345,0.392797790747,0.392499995322,0.38886720939,0.388206852227,0.378060743348,0.366561543197,0.357043435893,0.347023753918,0.335197188938,0.33287462967,0.338287530934,0.341467308492,0.342827825894,0.343328494902,0.343320837109,0.342914744026,0.342184116632,0.341204199391,0.340042516257,0.33875218402,0.337372500927,0.335932456668,0.334454128677,0.332955023784,0.331449447919,0.329949245941,0.328464206827;0.290117439757,0.290009754304,0.289943414776,0.290221261042,0.291371721609,0.293524889315,0.296125721062,0.299006749147,0.301819357733,0.302670665474,0.300164453425,0.294702005353,0.289580494441,0.290953241765,0.296824219069,0.267497618577,0.284606344797,0.268181099779,0.327121096554,0.377817129367,0.382246845826,0.380653821004,0.36758389669,0.363931039055,0.364261826388,0.362867914206,0.358652047967,0.352400569542,0.344523510102,0.331707268739,0.288295317628,0.295768137027,0.325307104706,0.332813998356,0.335529506789,0.336567132118,0.336821531376,0.336611501148,0.336079735883,0.335311563624,0.334368553568,0.3332976283,0.332134679957,0.330907244135,0.329636746751,0.328340208583,0.327031410137,