NODAL_OAC1=[0.201816625454,0.204790803632,0.208086142691,0.211763241477,0.215913888205,0.220624271406,0.226077161289,0.233357627854,0.244529744024,0.258054759648,0.260249065567,0.287635967673,0.350936198065,0.458725722254,0.403651301029,0.338464531358,0.287457175961,0.282448188903,0.303035569374,0.310337208706,0.31975550749,0.337139556816,0.370081167694,0.38606945725,0.356383049461,0.340364005839,0.332465228828,0.325583787831,0.316688466958,0.307267270904,0.299737558137,0.293675528646,0.287933275154,0.282319825754,0.27696238478,0.271963169345,0.267364685318,0.263169213246,0.259353329107,0.255875234722,0.252681078256,0.249713581298,0.246921391475,0.244265551818,0.24172122943,0.239275574698,0.236923851262,0.234665653331,0.23250210616;0.197586433102,0.20021457079,0.203032935988,0.206052810295,0.209367536013,0.212903224167,0.215655982977,0.21648837915,0.230479400499,0.248698762663,0.264814368126,0.289152938256,0.322566103753,0.35640502032,0.377091092541,0.336312393856,0.283643253208,0.2854432098,0.284026787964,0.280595400964,0.294890287561,0.312529963619,0.324611631937,0.327773802454,0.319455900622,0.31045881483,0.307731648105,0.3054594013,0.301345164777,0.296134453666,0.290819237057,0.285755087462,0.280876229712,0.276140247367,0.271591472456,0.267293312646,0.263294477366,0.259621448817,0.256274347439,0.253222664978,0.250408992312,0.247764799577,0.245230244573,0.24276657775,0.240357366859,0.23800244624,0.235710137219,0.233491106051,0.23135475546;0.193037692074,0.195294496494,0.197530470992,0.199567957808,0.20158052734,0.204346962445,0.20487076063,0.189189880257,0.21578140276,0.239090686945,0.25891470445,0.284430439041,0.320527057688,0.313248693574,0.307108926788,0.306742515946,0.290899004083,0.27133278149,0.260691030027,0.249978937543,0.28144860327,0.299701207238,0.30129435992,0.29928989081,0.286404121278,0.260897383751,0.28446327241,0.288728762705,0.287918755977,0.285224735675,0.281719236994,0.277898496228,0.273976635118,0.27005862646,0.266223246332,0.262542382972,0.25908355364,0.255906091204,0.253042191954,0.250469067206,0.248104275486,0.245841207333,0.24359574463,0.241328696858,0.239040342308,0.23675310371,0.234495848227,0.232294541583,0.230168532781;0.18818563158,0.190118917001,0.191764999301,0.1922762191,0.189619132026,0.19297854973,0.197127651701,0.16334712491,0.204805731561,0.227187923854,0.245417776859,0.271548289559,0.398334926036,0.285561035604,0.268295683661,0.194849415087,0.256254000938,0.247537940451,0.211063111092,0.259275032552,0.304942992705,0.304131614264,0.285289996894,0.282364759273,0.271840941646,0.256399402489,0.27074977042,0.275786257157,0.276602819433,0.275447271633,0.273226594616,0.27043773319,0.267361262298,0.264158241151,0.260931269451,0.257762695136,0.254745183262,0.251998239883,0.249629314111,0.247632607336,0.245847600117,0.244062952089,0.242142383945,0.240056648581,0.237846741508,0.235578002368,0.233311485292,0.231092940625,0.228952013016;0.182983302665,0.184754575966,0.186131524644,0.185627683967,0.177444018215,0.18381710963,0.203418232601,0.207160429431,0.205620665278,0.212908620443,0.228823446301,0.228022692959,0.2140822316,0.226032371664,0.232989150822,0.249875783765,0.247215731265,0.189654545348,0.233346542935,0.231620093287,0.275511327932,0.280292086491,0.271435915452,0.270698394949,0.266799885137,0.260375635847,0.261525077083,0.265533883693,0.267211776563,0.266965894064,0.265580172031,0.263542130464,0.261134242333,0.25851731089,0.255780594761,0.252983297622,0.250220726802,0.247724468588,0.245840832288,0.244656668105,0.243756550986,0.24263369163,0.241067799601,0.23909843516,0.236870374676,0.234529135777,0.232182038058,0.229895858122,0.227706837071;0.177222879934,0.17907676027,0.180772758817,0.180779897797,0.163672357592,0.190423992301,0.217701156288,0.228141828963,0.213728184782,0.235943689018,0.245135353164,0.232030361325,0.245522586903,0.254507286037,0.254005675576,0.253386401998,0.248318782577,0.240226539729,0.232551705089,0.231129192491,0.25418130553,0.263603517809,0.227998185662,0.263233436125,0.260934420909,0.227185232297,0.245317526141,0.256886154793,0.259547040979,0.259736527015,0.258802495861,0.257255120598,0.255345419688,0.253197626371,0.250845664931,0.248247533334,0.245360599052,0.242506615325,0.240912259928,0.2412792231,0.242090014997,0.241962853852,0.240706081483,0.238660017362,0.236214713825,0.233647502226,0.231116496291,0.228698390556,0.226423528659;0.170349215838,0.172635769082,0.17509180499,0.17717111734,0.177568972997,0.190960511595,0.253205793876,0.276682584784,0.252802619864,0.261256856698,0.300940996278,0.237271105569,0.27413067856,0.341086206423,0.271633607345,0.25854808064,0.249926270186,0.242119253596,0.228383871818,0.218092876405,0.248620809461,0.264671044558,0.298126819064,0.297887026581,0.265428027722,0.243603120734,0.245719239864,0.251962262817,0.253642693185,0.253621029463,0.252800071188,0.25153394499,0.249993153558,0.248244622659,0.246242301897,0.243741342493,0.24010848088,0.234553855293,0.231309676955,0.236795524911,0.24172103344,0.242960889421,0.241616224262,0.23899524659,0.235959733137,0.232935838112,0.23009117757,0.227472419724,0.225077398647;0.160660232507,0.164876945037,0.168034177982,0.170978008324,0.175064434777,0.191565027563,0.238878484674,0.267632561073,0.294388745705,0.242662773964,0.243706539865,0.245730205343,0.269826208798,0.298262310346,0.284939882327,0.264810350895,0.250362486665,0.241527437163,0.235993628463,0.237040011018,0.246947533881,0.263211441523,0.306215258307,0.302149440821,0.266905875732,0.254144800319,0.249813155038,0.249197741742,0.248920962708,0.248306068063,0.247390222231,0.246273278614,0.245027176281,0.243671715943,0.242117273169,0.239968517252,0.235721389102,0.221859892589,0.180752708314,0.232845085344,0.245825677986,0.247575532726,0.244604569298,0.240299915339,0.236076697848,0.232312969782,0.229029680334,0.226159240723,0.223626617645;0.142276000475,0.156520967914,0.15926710571,0.160127098482,0.160858567269,0.17511698328,0.215070598181,0.205835271844,0.241363049722,0.212832364296,0.215001001451,0.229657062664,0.260213378692,0.445519103819,0.362983556142,0.271916743917,0.247215608187,0.236858357319,0.233006501868,0.235170038335,0.241960652492,0.252038587733,0.26328697717,0.265220422325,0.258122444541,0.251798287024,0.24795608753,0.245847948474,0.244503903219,0.243396436614,0.242349462636,0.241329774993,0.240348488999,0.239416664224,0.238496121444,0.23736479747,0.235110720861,0.228140449676,0.221135198728,0.248334949277,0.262661056984,0.259385089619,0.250326256374,0.242375939117,0.236279934057,0.231564675967,0.227791568733,0.224670108379,0.222015479831;0.146971515942,0.149934509335,0.149448292674,0.145052151469,0.128256642356,0.150605251167,0.160173204684,0.182253893447,0.177780493562,0.166856372127,0.178350759063,0.20687883408,0.234854509917,0.27227693462,0.288502237758,0.255602329588,0.236581224858,0.225460472548,0.219408977512,0.22665522862,0.234656213555,0.242358069629,0.248832141273,0.25160118459,0.25030843981,0.247235085798,0.244200496704,0.241805698752,0.240005197052,0.238608652832,0.237478326113,0.236551073785,0.235819203115,0.235316069868,0.235114715748,0.235354226777,0.236401372532,0.239848570845,0.252454158995,0.287410402043,0.320076381535,0.282938163911,0.257395148102,0.244028356396,0.235911645906,0.230345800483,0.226191771081,0.222902291068,0.220185129514;0.145595362955,0.143645727914,0.138147989822,0.132589968104,0.129075343163,0.142849112598,0.150590950212,0.146474902813,0.141961758555,0.13414504409,0.153677077994,0.184312928566,0.207481900776,0.224944087304,0.23250359034,0.228614223196,0.221350516699,0.210902540892,0.166720349625,0.217307583945,0.227886226122,0.236103074357,0.243186812245,0.247204531176,0.246792838673,0.243727528656,0.24031662306,0.237496559727,0.235366339172,0.233789159861,0.232626986256,0.231799767113,0.231292163822,0.231158411302,0.23155252781,0.2328302239,0.235863669185,0.243002891822,0.261189274561,0.321085771356,0.529489024754,0.29831458465,0.259059199346,0.243060294152,0.234150255529,0.228305924257,0.224064618384,