COL3A1_OAC1=[0.60121492676,0.593512361305,0.584669612633,0.574636988696,0.563422035502,0.550914163353,0.536964792499,0.522912833939,0.511080671995,0.495381451253,0.449531838267,0.43368707317,0.438389184729,0.361413307487,0.375453296248,0.379688815563,0.355138569885,0.364470302335,0.40574913186,0.430482191401,0.443069369206,0.451024718529,0.466745171546,0.47653025254,0.466715146436,0.46604948651,0.465804825199,0.466229783988,0.468667527944,0.474152148507,0.484274112074,0.497202442407,0.510121032148,0.522014426875,0.532765252529,0.542458236909,0.551189068007,0.559030810664,0.566040900126,0.572276564857,0.577805722809,0.58270821463,0.587069470907,0.590972275057,0.594490816099,0.59768806281,0.600615617965,0.603314889733,0.605818749136;0.605340968349,0.59725451927,0.587608335466,0.576285031422,0.563488535289,0.549049899074,0.530405820804,0.504369191626,0.502670734523,0.499773231367,0.482765212813,0.469891168033,0.454669134895,0.419287229755,0.380570708586,0.362592957288,0.345118116799,0.393647146077,0.421613201057,0.456861006824,0.458256950967,0.454548235096,0.462283458605,0.472758833634,0.482821647291,0.489916670939,0.488324756087,0.486908600654,0.488886211098,0.493925119189,0.50161440133,0.51108712452,0.521216251601,0.531229366238,0.54076249235,0.549666518523,0.557870065276,0.565323849268,0.571995898894,0.577888753867,0.583051248614,0.58757017049,0.591548507003,0.595085517709,0.598266151913,0.601158420089,0.60381482713,0.606275153814,0.608569323893;0.610380306067,0.602016049564,0.591344976333,0.577726780825,0.561832696399,0.546400244372,0.524740996337,0.463819988016,0.499478881706,0.508246060074,0.500342085592,0.500173019624,0.484028178696,0.448016571427,0.412669864564,0.34807102133,0.369357022391,0.400508084863,0.415218402671,0.48279545907,0.457337688156,0.442417300884,0.456168714628,0.475839724331,0.505191305394,0.550430959726,0.509646811006,0.502180893942,0.503535375212,0.508318449894,0.515069132433,0.523055224343,0.531680495417,0.54048111406,0.549149891327,0.557485111933,0.565322839389,0.572501443503,0.578880335623,0.584396292017,0.589096445867,0.593108604203,0.596581998368,0.59964703672,0.602403443996,0.604923080726,0.607256351342,0.609438137724,0.611492478867;0.616517228441,0.608297296484,0.596716281699,0.578952748516,0.549403211507,0.535748082466,0.525730637436,0.428928624097,0.542935185504,0.514941616482,0.500727654222,0.495580921765,0.503535098312,0.451488462246,0.420445922124,0.296657562853,0.395430005184,0.398075027278,0.348775087497,0.423750120729,0.411276099465,0.363456806127,0.441847333548,0.474686796433,0.504779273331,0.536452442281,0.514237340384,0.510519429302,0.513828978976,0.519434179069,0.5261543236,0.533584579751,0.541466521909,0.549585844818,0.557766871342,0.565845341852,0.57361041207,0.580760635416,0.586964643335,0.592048639923,0.596111228398,0.599411703754,0.602200502306,0.604653731825,0.606882328536,0.608954333116,0.610910798456,0.612775784338,0.614562887058;0.623767866657,0.616710259327,0.605692962763,0.585370904426,0.537635441566,0.529519577468,0.556294015269,0.554444207556,0.564434351773,0.496199916452,0.491172070609,0.496839577302,0.409090080211,0.403566252787,0.40805801633,0.432424467298,0.42795913056,0.330840917108,0.406741421886,0.391334229106,0.420811950852,0.413517917888,0.444980077608,0.472290801526,0.490688738813,0.497437790356,0.503793460233,0.513143408219,0.521273284253,0.528628527821,0.535828156702,0.543155569933,0.55070846393,0.558504978345,0.566534487762,0.574744948356,0.582939189177,0.590594209346,0.596892779361,0.601368231896,0.604382626445,0.606591253854,0.608423901918,0.610083714315,0.61166404318,0.613208960659,0.614736684839,0.616251077542,0.61774880553;0.631531960375,0.627317191531,0.619977599015,0.603708884281,0.527037610152,0.573430681613,0.594572350598,0.582522098201,0.524166315259,0.531543257853,0.516880548969,0.503229920692,0.501798082261,0.484453971921,0.476931448757,0.474819926068,0.465786724629,0.450819714552,0.433403884062,0.421698846707,0.448536366178,0.456438351708,0.397455668694,0.471804295922,0.487634228876,0.439265152733,0.484753026624,0.515423127828,0.528359985908,0.537225731462,0.544858502647,0.552174703653,0.559557264445,0.567221990627,0.575353582976,0.584145106724,0.593664360965,0.603203851593,0.610375981871,0.613480249258,0.614317526459,0.614729584566,0.615228840744,0.615879593444,0.616682183733,0.617623134989,0.618677995131,0.619817249457,0.6210121761;0.637647406656,0.638808335808,0.638564933372,0.635361523774,0.636524985425,0.651926090248,0.648254553595,0.629712057567,0.590627369475,0.568784181229,0.511907258833,0.511649806899,0.547669551926,0.579793304568,0.524625538398,0.509766710121,0.498902261488,0.485857110743,0.456247700138,0.429066068844,0.477297899197,0.490653647285,0.509993297235,0.519964359685,0.506267819081,0.48480838988,0.502038332272,0.524870947941,0.537350655547,0.546224306836,0.553781584603,0.560923315289,0.568106547107,0.575665428914,0.583986446581,0.593694880333,0.60591562823,0.621716337674,0.633653979736,0.630708840874,0.626125333191,0.623739779415,0.622513433336,0.621934618773,0.621833924589,0.622107736725,0.622662698489,0.623418108215,0.624309700477;0.634699029645,0.648882762166,0.658078359881,0.66503572054,0.676042694479,0.683973858607,0.681547999994,0.670084712291,0.632085050393,0.638205882771,0.597146293124,0.581496604491,0.579243708477,0.576020017197,0.549991935584,0.535349566728,0.52670177055,0.517550905513,0.506214090305,0.501555687329,0.509255913376,0.52015850331,0.548447241905,0.548665641763,0.529899141312,0.525525689192,0.530062101971,0.539380151947,0.548191667942,0.555835629233,0.562796923416,0.569525617669,0.576376107786,0.583705087668,0.592027155258,0.602364548388,0.617480376574,0.649212143023,0.722730947141,0.652849591027,0.638625397067,0.633352731742,0.63013809387,0.628089342892,0.62697035349,0.62654459745,0.626603469242,0.626990453755,0.627595420501;0.595626554174,0.659546395035,0.677918043669,0.692080628509,0.708864537639,0.712579709337,0.71721752909,0.785504495509,0.722386502312,0.68477400978,0.643149015953,0.618283900986,0.605612897931,0.673223660462,0.517399969881,0.550494653499,0.55053464433,0.546847703814,0.542233067043,0.537636275314,0.536537894047,0.539350686024,0.544727594475,0.546414950184,0.544346653647,0.544318298307,0.547541431244,0.553079476011,0.559388386218,0.565681213281,0.571835284627,0.577983427499,0.584348000324,0.591236122869,0.59913883594,0.609011006427,0.623138218264,0.648027110539,0.676618865092,0.659246917848,0.651037892192,0.644138938471,0.638036069719,0.634089689512,0.631875824089,0.630785848909,0.630403299209,0.630469941973,0.630825271746;0.653636260386,0.679881838138,0.699254443587,0.720804399124,0.764215075281,0.738093779386,0.738478918734,0.704267018844,0.696191358031,0.701547457945,0.683604542079,0.645159902933,0.624058653996,0.605225943296,0.569481063162,0.571751019006,0.57270494933,0.57617403166,0.580256878913,0.566659354525,0.558425115453,0.555495565644,0.554979007545,0.555080501751,0.555582563671,0.557316003197,0.560574038817,0.56501224692,0.570076042064,0.575370537369,0.580753159645,0.58625694266,0.592020179771,0.598272080248,0.605372979959,0.613906777981,0.624750792612,0.638404996248,0.652209440816,0.666922846553,0.678506346193,0.65864500687,0.645648306549,0.639402201996,0.636250222046,0.634669701051,0.633971007978,0.633801551188,0.633963538485;0.687672816811,0.701843091825,0.722986823822,0.742252512123,0.755978147122,0.73489817761,0.715042184278,0.672352782397,0.66562013569,0.599951020712,0.701063311818,0.665814775536,0.640127714934,0.620643064358,0.603833870561,0.593896589142,0.590721381475,0.601163710143,0.682723035596,0.588778882657,0.57509095187,0.568760125524,0.564877001654,0.56318876467,0.564278674997,0.567346629064,0.571279594603,0.575595031097,0.580113068552,0.58474408893,0.58946728376,0.594328359113,0.599430832207,0.604935043312,0.611069170747,0.618139866096,0.626502476956,0.636525023518,0.649756908273,0.679673153926,0.777990545584,0.668683520082,0.650246951402,0.643190779081,0.639799729641,