FOSB_OAC1=[0.00253241992375,0.00248122299729,0.00242888223484,0.00237602049699,0.00232344751846,0.0022713791571,0.00221986552955,0.002175272702,0.00214775127075,0.00210983622767,0.00194381400238,0.00190907195551,0.00198510088629,0.00173092678301,0.00194238195573,0.00211715971764,0.00211850644362,0.00231124709163,0.00271869355855,0.00304335303093,0.00334913983608,0.00363147274314,0.00381989223763,0.00410613950106,0.00473783260101,0.0053534869708,0.00599981496469,0.00671877408776,0.00752911361782,0.00846055221388,0.00956772303479,0.0108435613513,0.0122372998959,0.0137080922423,0.0152111558806,0.0166816344375,0.018031901606,0.0191624099203,0.0199848280512,0.0204485628609,0.020555820783,0.0203561827721,0.0199258027685,0.0193445308072,0.0186807118831,0.0179854149714,0.017293049877,0.0166247478546,0.0159921651594;0.00244140204307,0.00238179318243,0.00231924137786,0.00225433516099,0.00218880846673,0.00212257421618,0.00204614123015,0.00194885257699,0.00195725147859,0.0019714514611,0.00192828579594,0.00190532183088,0.0019255786861,0.00191955638046,0.00190055896417,0.0019649670807,0.00201195853845,0.00244026868283,0.0027153809269,0.00290764443711,0.00325089318179,0.00364024728376,0.00401031967186,0.00442456484841,0.00491004611982,0.00548322951973,0.00622496445623,0.00707689149304,0.00802532071137,0.00910188295256,0.010340814992,0.0117584811975,0.013348514654,0.0150867572176,0.0169243974982,0.0187732094891,0.0204972562529,0.0219268065615,0.0229035207101,0.0233406090401,0.0232567991765,0.0227578879455,0.0219848931647,0.0210674787258,0.0201019902193,0.0191499470804,0.0182457059294,0.0174054575778,0.0166344059499;0.0023519656383,0.00228344848441,0.00220889185499,0.00212740080979,0.00204285471389,0.0019654134743,0.00186918141734,0.00163687203529,0.00176519705766,0.00183054430973,0.00180808170481,0.00171619033498,0.00173684002738,0.00189030545952,0.00196695087433,0.00182534000496,0.00210029598073,0.00243352973653,0.00261404242001,0.00267987591246,0.00312155092201,0.0035444730581,0.00401811024388,0.00450714348969,0.00489091828208,0.00507943906689,0.00633213792694,0.00736840291532,0.00845476402741,0.009676454858,0.0110811606373,0.0127048199821,0.0145708710776,0.0166828966779,0.0190063419167,0.0214370001091,0.0237687450344,0.0256985152133,0.0269159118601,0.0272568214546,0.0267923256938,0.0257631261595,0.0244393013125,0.023027544223,0.0216523122508,0.0203746829791,0.0192169018989,0.0181806255208,0.0172579424137;0.00226518458776,0.00218817299898,0.00210072459688,0.00199525948774,0.00185603671033,0.00177761543359,0.00171115187327,0.00134243672589,0.00159857208986,0.00167430721454,0.00165643764845,0.00144141056241,0.0013439931654,0.00177761935487,0.00191808963801,0.00150563509439,0.00219524562865,0.00238632753279,0.00222527647193,0.00285358190499,0.00301733423049,0.00294912926675,0.00392122227076,0.00454240556334,0.00500387650615,0.00539507848134,0.00652754366605,0.00764189443651,0.00884346701295,0.0102077374182,0.0117942115246,0.013663435641,0.0158768230191,0.0184872338728,0.0215105256453,0.0248614478692,0.0282498375218,0.0311086320954,0.0327498106696,0.0328123045149,0.0315443285047,0.0295397295559,0.0273232895648,0.0251964898051,0.023283097751,0.021610384155,0.0201639653434,0.0189156593918,0.0178355780203;0.00218175366047,0.00209838230045,0.00200099284579,0.00187485253399,0.00167018810435,0.00160196307795,0.00164390215719,0.00157584336167,0.00149652292579,0.00148952081241,0.0015322191231,0.0014308266584,0.00132153715265,0.00155741135211,0.00179626905046,0.00212733735521,0.00232050807236,0.00195663032544,0.00260357845263,0.00270450874811,0.00315353057146,0.00337158169628,0.00394761155066,0.00456651805746,0.00518038331755,0.00582011008379,0.00673354132203,0.00788957279731,0.00919459922243,0.0106926253611,0.0124605649671,0.01459234626,0.0172042098466,0.0204364611291,0.0244330641002,0.029251216223,0.0346058352202,0.0394405822642,0.0419738955047,0.0412057592507,0.0380860316391,0.0342248579274,0.030583091449,0.0274698749378,0.0248946928984,0.0227770994191,0.0210267597778,0.0195663858493,0.0183350321481;0.00210071687921,0.00201502124192,0.00191466866504,0.00178207396117,0.00147854095469,0.00154402651734,0.0015607715651,0.00151226599797,0.00137963165629,0.00147776526561,0.00153254494309,0.00152882943836,0.00164749960514,0.00179415301907,0.00201655027131,0.00226295365766,0.00246477340368,0.00262119992775,0.0027500057474,0.00290839800658,0.00335250488103,0.00367792733297,0.00344151119,0.00449086537462,0.00522250130593,0.0053162222045,0.00666613276454,0.00809349157796,0.00950489700387,0.0111155050387,0.013042999177,0.0154216028432,0.018437053072,0.0223615603338,0.027593021468,0.0346474837602,0.0438258752038,0.0536709562347,0.0587065831291,0.0549911878696,0.0470984337154,0.0397056076422,0.0339491106168,0.0296164358936,0.0263223330183,0.0237635804111,0.0217308500702,0.0200825603427,0.0187218421633;0.00201686485104,0.00193560063207,0.00184010591723,0.00171929197718,0.00155316073004,0.0014371839556,0.00141521839322,0.00135223394966,0.00127357675482,0.00135759678337,0.00142200137188,0.00155194354419,0.00172386922746,0.00173665550349,0.00211184835586,0.00235313045802,0.00257430652373,0.00276791307527,0.0028494863659,0.00292365148784,0.00352455304921,0.00385382383231,0.00395963870048,0.00452793573312,0.00536818019327,0.00591846972033,0.00698787279556,0.00833663757249,0.00977782191286,0.0114542890585,0.0134932613135,0.0160596353034,0.0194052987864,0.0239498871926,0.0304461511268,0.0403387253119,0.0564158335551,0.0816102075363,0.098333031216,0.0795190338821,0.0583240565489,0.0450555132077,0.036773326056,0.0312554984322,0.0273473787701,0.0244416024907,0.0221984374705,0.0204152456125,0.0189641585772;0.00191043412879,0.00185543516686,0.00177003637592,0.00165833124747,0.00152105506733,0.00141433383493,0.00134978563735,0.00126583337562,0.0011899967773,0.00132877736202,0.00153440876979,0.00169193536952,0.00181108731735,0.00191942411436,0.0021439972566,0.00240213758273,0.00265030699099,0.00287913863355,0.00309374555976,0.00335837289826,0.00371381847669,0.00405276984634,0.00423886172678,0.00477043160558,0.0056255769976,0.00643355336688,0.00739947849577,0.00858606711636,0.00999228840028,0.0116801545592,0.0137627415284,0.0164156408544,0.0199261258351,0.0248042585507,0.0320569892079,0.0439927454687,0.0673012118976,0.131636910947,0.302566602048,0.11333821534,0.0665849141984,0.047949779308,0.0380744162161,0.0319485971228,0.0277574740378,0.0246997945375,0.0223668843336,0.0205270891938,0.0190386032872;0.00170912898134,0.00178183713733,0.00170068461191,0.00158019609315,0.00143291092167,0.00134838469959,0.0012563362574,0.000898717529875,0.00112282101847,0.00129539187029,0.00152826902963,0.00171722301346,0.00185130458873,0.0015377025601,0.00193957581087,0.00241567174267,0.00270313512432,0.00295116735548,0.00320733982577,0.00351237639037,0.00386564829823,0.00424519315417,0.00465663978893,0.0051865775561,0.00586986588674,0.00666970323966,0.00761482710857,0.00874817706483,0.0101107433296,0.0117660653076,0.0138182966268,0.0164336443058,0.0198857726226,0.0246558619228,0.0316717957455,0.0429640905401,0.0638166988596,0.110306396117,0.164961734372,0.0985313536386,0.0622517466631,0.0460381777391,0.0371473745896,0.0314434423057,0.0274459941029,0.024486540726,0.0222085241856,0.020402103191,0.0189353992764;0.00179341797608,0.00173912923139,0.00163381680603,0.00147782391991,0.00119934312905,0.00126612105809,0.00118618288545,0.00125041265442,0.00123819130613,0.00124152013819,0.00142531272155,0.00171095730564,0.0018990611453,0.00202039696595,0.00217612121971,0.00248224529979,0.00274806193967,0.00296257297321,0.00317685689728,0.00356135048017,0.00396136075267,0.00437483154209,0.00483186137225,0.0053703089567,0.00601979206981,0.00679428744304,0.00771282786223,0.00880584909214,0.0101152724031,0.011701700288,0.0136562970285,0.0161182704936,0.019305331912,0.0235699537224,0.0295022486228,0.0380899096992,0.0507034344493,0.0668300943468,0.0747096430323,0.0626326759451,0.0473293379194,0.0399902708546,0.0343340112511,