POU5F1_OAC1=[0.811166525143,0.816516316049,0.822028288623,0.827646539735,0.833300885665,0.838962695579,0.844611215731,0.849782455327,0.853767271096,0.858400151151,0.871346705137,0.875179274152,0.871270118411,0.887799222786,0.872713092558,0.860308574774,0.86707730708,0.867687532421,0.857142418309,0.851375670738,0.846611621795,0.842949751575,0.8430416436,0.838865647011,0.822635213313,0.812078839319,0.807630864193,0.805808117982,0.803895136495,0.800750622487,0.795578056389,0.789156945103,0.782714075485,0.776713078438,0.771217926927,0.766183266678,0.761537406718,0.757203898792,0.75311137228,0.749201771438,0.745435836891,0.74179335997,0.738268718394,0.734864670509,0.731587099206,0.728441703636,0.725432398493,0.722560816921,0.719826406522;0.81344031909,0.81936121093,0.825576202166,0.832025241594,0.838562272233,0.845176334531,0.852529923788,0.861326639052,0.862582253641,0.863452832823,0.8681559695,0.871082315299,0.870249846934,0.869124823053,0.862931990971,0.831465914329,0.846817645608,0.850179214121,0.851918600487,0.854241786773,0.847850454761,0.839234397203,0.830912515419,0.818791111934,0.800819220531,0.787185948175,0.788883003561,0.792361189606,0.792733585603,0.790707814581,0.787017776644,0.78233182059,0.777286868479,0.772294858047,0.767544217279,0.763088909275,0.758910247928,0.754951115219,0.751141858166,0.747424362253,0.743767899157,0.740170079091,0.736646537222,0.733218933088,0.729907158985,0.726726084021,0.723685014511,0.72078834158,0.718036564581;0.815572341132,0.822131143758,0.829225581041,0.836900046422,0.844829660707,0.852225484847,0.861010662507,0.879730158197,0.871934281033,0.868914635783,0.872148312674,0.879912978739,0.879006968231,0.866745805907,0.852288681991,0.815678382163,0.825838809993,0.845984673495,0.854006381613,0.862812913041,0.85112474566,0.840627596577,0.826936861591,0.807485137346,0.767614124521,0.699895166374,0.765952978133,0.78130501291,0.784214699171,0.783078698423,0.780143259706,0.776317547083,0.77212318156,0.767889817416,0.763803481661,0.759939695937,0.756288373477,0.752775979341,0.749301370045,0.745786511057,0.742211797033,0.738609991553,0.735035230341,0.73153806611,0.728155989433,0.724913150152,0.72182292918,0.718890751011,0.716116487618;0.817474166445,0.824672412888,0.832769445174,0.842329900559,0.854532919373,0.861940398176,0.868422584664,0.897894431729,0.879843077309,0.875727921851,0.878631237609,0.895655907249,0.903582343079,0.872670077488,0.860834559274,0.889040267731,0.847646896545,0.851678670346,0.874412555143,0.851526261498,0.853781617142,0.865641873898,0.829669391586,0.805949365338,0.769652458013,0.724976219018,0.764579373831,0.776915934982,0.778807773406,0.777309526867,0.774435850504,0.770951964141,0.767252032928,0.763582461929,0.760096613421,0.756862307075,0.7538488135,0.750915561138,0.747857077792,0.744529749869,0.740946043014,0.737226393507,0.73349891204,0.729854146136,0.726346260412,0.723004491496,0.719841926935,0.716861246446,0.714058657309;0.819076977076,0.826776195468,0.83569954641,0.84700664874,0.864655906229,0.87118647407,0.868938834079,0.875548466018,0.883059133957,0.884985977988,0.883237685479,0.892475899305,0.902080802626,0.886234311069,0.870966716711,0.851452466701,0.846239496486,0.87939809205,0.85149762417,0.856977959948,0.844802871955,0.844807499042,0.828735753014,0.810977703391,0.79310181773,0.782461713427,0.780088123975,0.778248952175,0.775799315458,0.77279644907,0.769460352473,0.76599495,0.762574212939,0.759350587536,0.75645179937,0.753956757502,0.751826728293,0.749786063168,0.74732238331,0.744085972313,0.740238124198,0.73615623337,0.732098971142,0.728188713661,0.724479017232,0.720991356978,0.717729511122,0.714686855231,0.711851201221;0.820441521621,0.828329515986,0.837547947942,0.849534482166,0.875853043395,0.87114170006,0.870600526755,0.875531584118,0.887408050565,0.880652759574,0.877808086087,0.879906164806,0.872710341291,0.864111418365,0.851493066648,0.840093085839,0.835255123765,0.836045475466,0.839954871458,0.842875920388,0.831918234375,0.828658713444,0.850673907631,0.81816191426,0.803308445031,0.816630987267,0.794158937245,0.77957526314,0.77315343792,0.76861910651,0.764719191916,0.761160963807,0.757924070236,0.755093058115,0.752811242348,0.751256106237,0.75053791495,0.750272728866,0.74893905741,0.745319499378,0.7404566583,0.735525508201,0.730869971122,0.726538795444,0.722534960177,0.718849169156,0.715461703992,0.712346776691,0.709477183669;0.822006219109,0.829500200295,0.838356572844,0.849494101776,0.864575196148,0.875201769104,0.877593861084,0.8834870466,0.890762966405,0.884401179953,0.880329039606,0.87133438998,0.859201905143,0.860411761414,0.835093855091,0.825520322247,0.821243466929,0.820823463143,0.828603252157,0.83720940394,0.818822943954,0.817274074878,0.82684159225,0.81757193124,0.801607037369,0.801160639118,0.789095897745,0.77644508205,0.769149298525,0.763966059066,0.759767992554,0.756178253007,0.753113957067,0.750648606831,0.748994795161,0.748572880882,0.750169270379,0.754598121611,0.757081782255,0.749991918543,0.741866017753,0.735349408982,0.729790716639,0.724863441817,0.720465149894,0.716531819962,0.713000289655,0.709811469137,0.706914625634;0.825589474366,0.830668211286,0.838672271053,0.849166119326,0.861981854007,0.871917448884,0.877832847308,0.885237837276,0.891745423629,0.879077211002,0.861793665125,0.850319678277,0.841391541961,0.830221566756,0.811372454083,0.80586566006,0.804759617927,0.8037420469,0.804569879346,0.804842025821,0.802534286698,0.803001740912,0.811545624766,0.806164182991,0.791760632495,0.78433572377,0.777154328041,0.76972379543,0.763521440201,0.758508111498,0.754348073336,0.75084993585,0.747975962104,0.745827887842,0.744692978444,0.745247861219,0.749383432947,0.765221604098,0.810628419273,0.758297189187,0.743767833035,0.735508983976,0.72880717061,0.723076439625,0.718179977852,0.713966077948,0.71029153314,0.707043348684,0.704137783075;0.838236580636,0.831113268233,0.838771315203,0.850312319055,0.8644142925,0.872428274934,0.880780257545,0.9139020796,0.890240648806,0.870092621267,0.848030960628,0.836154323945,0.82602887166,0.84370317426,0.716895476366,0.780217433615,0.787163048656,0.783931583702,0.781119093497,0.782786650641,0.785273292268,0.787039804219,0.787998383834,0.785374370197,0.779562393358,0.773617011632,0.767796906196,0.762101778328,0.756883662429,0.752315848549,0.748389662184,0.745074125891,0.742395020897,0.740477201256,0.739613755386,0.740454587765,0.744615249616,0.756753342123,0.772305400491,0.755788459898,0.745672606186,0.736490110268,0.727911333896,0.721008705508,0.715528280669,0.711047820368,0.707268721335,0.704000424089,0.701120242471;0.823556444637,0.828280023685,0.838380393407,0.853781578781,0.88140131243,0.874729018289,0.882044562688,0.873589494272,0.868838226508,0.848839698886,0.823781755549,0.823249270157,0.814186766634,0.795477778614,0.76046856678,0.772563582474,0.772593747633,0.757608565727,0.741136854821,0.758154435241,0.768755765414,0.772792041765,0.773681625642,0.772111190683,0.768570414839,0.764019009625,0.759133193683,0.754277145897,0.749702257822,0.745561462015,0.74192265677,0.738823588807,0.736322834701,0.734540331386,0.733705146662,0.734229282401,0.736767683803,0.741752315632,0.747341131842,0.754083814586,0.75896718272,0.740330778726,0.726711522831,0.718253671202,0.712275945807,0.707651037029,0.703863160298,0.700644244599,0.697840034418;0.813951175757,0.823646963748,0.838572568237,0.854134160653,0.867700484345,0.864345403284,0.866177371857,0.872978442373,0.870363378532,0.848741524008,0.8130801861,0.818397970073,0.807452992287,0.794279807323,0.781683862271,0.77411470522,0.764214274084,0.732967348872,0.575626276276,0.738184464623,0.756073093877,0.761536000503,0.763196798574,0.762441197331,0.759544540278,0.755366591154,0.750815836461,0.746351017597,0.742168030432,0.73836459854,0.734997554382,0.732112104678,0.729766639344,0.728055186024,0.727128636833,0.727209606907,0.728574843316,0.731529036047,0.737279243855,0.756175655171,0.828649824834,0.740899288639,0.72305397021,0.714118627502,0.708169482827,0.703670523487,0.700026882612,