Sox1__poly=[0.0260451714758,0.0258611356632,0.0256486868843,0.0254030320266,0.0251191874408,0.0247926211229,0.0244201275658,0.0240005296522,0.0235330636509,0.023002370946,0.0223464821056,0.0215571321045,0.0212405587484,0.021733255434,0.0221265864336,0.0221982088426,0.0216847059397,0.0200011220701,0.0224338971583,0.023592907055,0.0260378865958,0.0293032895113,0.0290829938229,0.0419935072514,0.0433467243033,0.0420631227762,0.0384239940547,0.0342978968139,0.03190177363,0.0261647782152,0.0216458005825,0.0312237070804,0.0335868715848,0.0286624330105,0.0318711966728,0.0259469394939,0.023099311306,0.0249925171852,0.0266838537368,0.0273234573388,0.0276973806762,0.0279546431006,0.0281445613902,0.0282896187864,0.0284024108326,0.028490953146,0.0285607538202,0.0286157842076,0.028659002447;0.0260050095274,0.0258051498206,0.0255705468563,0.0252935042043,0.0249649944673,0.0245753631303,0.0241156864242,0.0235794430902,0.0229696812167,0.0222979062605,0.0213725239655,0.0190592920367,0.0157469576099,0.0205224425501,0.0216723687333,0.0219800162984,0.0214079817345,0.0187060469279,0.0220573124016,0.0228918859821,0.0231154453961,0.0235870423764,0.0315504096698,0.0347198576383,0.0375402346588,0.0409651573413,0.0425192703003,0.0399445659112,0.0369155633906,0.0333505308299,0.0332483864533,0.0386096738768,0.0662009290758,0.0806419956849,0.0379064854371,0.029197312111,0.0266695294741,0.0268545146177,0.0274246980492,0.0278296300419,0.0280926072512,0.0282747099552,0.0284084258243,0.0285102484109,0.0285892889995,0.028651132293,0.0286995237908,0.0287371498007,0.0287660291666;0.0259832843724,0.0257709637972,0.0255177987831,0.0252123300092,0.0248393762489,0.0243800076986,0.0238133240048,0.0231138976575,0.0222276893446,0.0213667991251,0.0207422386944,0.018974344252,0.0144166675023,0.0198304442095,0.02116715105,0.0217625928485,0.0215199982971,0.0182342634258,0.0160715609158,0.0223224256319,0.0234714050196,0.0270220340259,0.0303980593195,0.0307739344966,0.0339939459993,0.0434909378667,0.056872216012,0.0599415733901,0.0451746149071,0.0375315149794,0.0351566483771,0.0369017153679,0.0422958245159,0.0480661248011,0.0298376528486,0.0259253207831,0.0253082556195,0.0274472559277,0.0280555403839,0.0283266718435,0.0284873958557,0.0285955255456,0.0286738751163,0.0287331026355,0.0287787316668,0.0288139551291,0.0288408395691,0.0288608605714,0.0288751504218;0.0259825540962,0.0257627810642,0.0254974147708,0.0251708758237,0.0247596348584,0.0242280661381,0.0235276729514,0.0226193743622,0.0212752183493,0.0160640334621,0.020294657992,0.0195980634483,0.0195882284875,0.0193598054569,0.0198418951784,0.0215946477258,0.0214966791045,0.0197244379421,0.0211392626343,0.0215216543545,0.0205850675161,0.0269281802835,0.0301256383898,0.0325168701399,0.0360194394251,0.0467965266065,0.081279943448,0.124565745213,0.0530502495005,0.0408708068909,0.0353267544829,0.0318729550736,0.0354292539808,0.0358561741045,0.0305977782914,0.0276688728561,0.0267703110523,0.0281856343218,0.0286399247658,0.0287927431261,0.0288628489684,0.0289036151319,0.0289310069231,0.0289507114461,0.0289650282976,0.0289750188695,0.0289812790645,0.0289842326242,0.028984240146;0.026004070204,0.0257832436932,0.0255149501025,0.0251806573698,0.0247489830416,0.0241610872698,0.023286965464,0.0218530347819,0.02084630408,0.0201635903288,0.0201890338261,0.0182117895116,0.0203305427397,0.0193127431047,0.0206075828926,0.0217216438704,0.0217144410962,0.0216921589255,0.022179594819,0.0231595196129,0.0250275280357,0.0275359943321,0.0298974368305,0.0310293129065,0.0353783982542,0.0433670842334,0.0546683731932,0.0582272006981,0.047692930579,0.0404487912265,0.0365012609867,0.0343346688834,0.0338415276171,0.0331460841452,0.0315151380559,0.0300979428116,0.0293324489159,0.0292080368252,0.0292239502774,0.0292218653172,0.0292064319118,0.029188472561,0.0291717890525,0.029156928639,0.0291434127268,0.0291305828187,0.0291178766162,0.0291048928465,0.0290913819489;0.026047052843,0.025832001322,0.0255717591231,0.0252480759035,0.0248284895093,0.0242476534126,0.023333815603,0.0211925249212,0.0204093043522,0.0173175146547,0.0203948667274,0.0204511761617,0.0209566363711,0.0212943799111,0.0217319071355,0.0218768409198,0.0193766959052,0.0217520797523,0.022463940408,0.0231606834299,0.0255820426096,0.0278352729691,0.0297192320857,0.0313164926896,0.0342514845431,0.0384673737088,0.0421148461714,0.0428447608745,0.0408003905831,0.0381356701193,0.0359237023303,0.0343582789151,0.0330713950828,0.0300989501161,0.0303764967719,0.0305534112246,0.0301457299729,0.0298589695968,0.0296942070193,0.0295864421611,0.0295059749691,0.0294423002988,0.0293904925369,0.029347309534,0.0293103393373,0.0292777724677,0.0292482774438,0.0292208972113,0.0291949600771;0.0261082121176,0.0259045080121,0.0256621021338,0.0253669489564,0.0249944380961,0.0245001678758,0.0238068931627,0.0228505539274,0.0217498271433,0.0206887727543,0.0205826860424,0.0171756613831,0.0206594539406,0.0206375396489,0.0217282753674,0.0218081653666,0.0221740847278,0.0230747484791,0.0228443860661,0.0241181877692,0.0261416425995,0.0279458613328,0.0294205194116,0.0309856389013,0.0328656604599,0.0348790096673,0.0362441921263,0.0328156244231,0.0357929436413,0.0357188990966,0.0346967454026,0.0336419899139,0.0325353276895,0.0309649299398,0.0306451536604,0.0307261285509,0.0304825694727,0.0302253124006,0.0300238493304,0.0298721546318,0.0297548503445,0.0296611014822,0.0295840976242,0.0295193279026,0.0294636216285,0.0294146792533,0.0293708152178,0.0293307933843,0.0292937105454;0.0261818437049,0.0259917872861,0.0257722138908,0.0255159831493,0.0252101923482,0.0248329449167,0.0243519667475,0.0237140485944,0.0226397668342,0.0208756418518,0.0214684343418,0.0187164590388,0.0111374779748,0.0218242904476,0.0228402341163,0.0226588464209,0.0236133621258,0.0250168387553,0.0245243406034,0.0257796811596,0.0269986671294,0.0279454237615,0.0286207008578,0.0297886611906,0.0310695112623,0.0317363330954,0.0331351089385,0.033394353561,0.0338487971835,0.0339116670767,0.0334240983678,0.0327970853559,0.032153359286,0.0315374373524,0.0311336003871,0.0308934792651,0.0306628851739,0.0304407098349,0.0302476708912,0.0300875578312,0.0299555488557,0.0298455411876,0.0297524431271,0.0296723732275,0.0296024101746,0.0295403468771,0.0294845093957,0.0294336262405,0.0293867315069;0.0262606746977,0.0260814067461,0.0258817707969,0.0256631050389,0.0254247400067,0.02516095257,0.0248602732628,0.0245022906706,0.0240595670538,0.0236255927836,0.0229781626706,0.0193767204637,0.0229957305001,0.0227807354286,0.0240543804512,0.0264967481176,0.0271778746334,0.0271520763861,0.0258536987405,0.02684513312,0.0275338254024,0.027854712477,0.0262426931813,0.0281790850029,0.0297227254139,0.0264082822208,0.0313891183849,0.0324077995709,0.0326716083707,0.0325451769109,0.0321650109821,0.0318193654072,0.0315867536505,0.0313662317137,0.031150396827,0.0309520114801,0.0307600886439,0.0305744752329,0.0304029895506,0.0302502972705,0.0301166319917,0.0299999799861,0.0298977410522,0.0298074517454,0.0297270007582,0.0296546488732,0.0295889886856,0.0295288915322,0.0294734565694;0.026337512791,0.0261593734497,0.0259657275806,0.0257684724928,0.0255821012672,0.0254135817472,0.0252641440781,0.0251439677306,0.0250682244204,0.0250374692577,0.0249701941937,0.0250051168681,0.0264887759519,0.0278088984032,0.0274320078087,0.0305604203415,0.0304142117265,0.0294660697166,0.0286055986964,0.0279834658042,0.0277989675941,0.0278400738633,0.02791950459,0.0286297281867,0.0295468224295,0.0301626604868,0.0309819336295,0.0315597684805,0.0316789108453,0.0313056243034,0.0304829288768,0.0303532037289,0.0308266807227,0.0310312239473,0.0310320127457,0.0309406642501,0.0308098666485,0.0306642357261,0.030517637291,0.0303778883202,0.030248567438,0.0301306241189,0.0300236495711,0.0299266612915,0.0298385127176,0.0297580836041,0.0296843581858,0.029616449504,0.0295535989605;0.0264079140265,0.0262133310883,0.0259949853164,0.025777927824,0.0256101317861,0.025512215972,0.0254639792968,0.0255114991544,0.0257251107955,0.0260718342807,0.0265675906679,0.0274335595269,