SOX2__poly=[0.479384810797,0.48344592845,0.487926829556,0.492916861187,0.498548041653,0.505015413683,0.512584579613,0.521546615165,0.532125453526,0.544633431467,0.560132107561,0.579069077803,0.592759882375,0.599661001268,0.61366567508,0.634182825039,0.664004477461,0.710393664305,0.699354203041,0.711814962337,0.71731819864,0.727749262032,0.779130665534,0.73996813039,0.735102556395,0.721706907498,0.73695157182,0.761022327514,0.774045064623,0.815033260616,0.854546912153,0.816760548887,0.843227236104,0.870543020981,0.81366765125,0.811518509763,0.805137441133,0.765277762166,0.728178703957,0.703198907091,0.682926268777,0.665590490401,0.650415147541,0.636944321745,0.624867827834,0.613957740114,0.604039093408,0.594973758496,0.586650457134;0.474340018336,0.478104284377,0.482245727642,0.486844740872,0.492037541383,0.49807273281,0.505391688024,0.514620989805,0.526111940071,0.539385047438,0.557130738693,0.599874532367,0.661737117054,0.590084754245,0.600017866205,0.62023044222,0.652808144246,0.715812474612,0.687568134077,0.69993772971,0.724882814021,0.753912083509,0.716232948326,0.725580966712,0.726418064663,0.718551870277,0.726130108634,0.74774450666,0.756488586027,0.773407055775,0.784195057595,0.793554100342,0.815998623163,0.830756890258,0.804914452398,0.794264724038,0.776188340829,0.746981062612,0.718861838547,0.695438198656,0.675887691082,0.659124295863,0.644448400816,0.631412766738,0.619712936263,0.609128719034,0.599493303679,0.590675974268,0.582571721312;0.468911339872,0.472315901263,0.47602721976,0.480089484983,0.484590343367,0.489756433956,0.496226428883,0.505615430518,0.520561451365,0.536110446718,0.544754445615,0.570702950605,0.551318620312,0.568266052475,0.585233087916,0.603831045855,0.63250916841,0.707233175393,0.757151046628,0.678665988981,0.670143439415,0.678717069058,0.68979764826,0.723560108144,0.730137143407,0.705800748582,0.700319332738,0.712257022939,0.73094598387,0.748655215106,0.764707628972,0.78248003865,0.812219437073,0.796790690795,0.823790619962,0.805892863278,0.779483651687,0.734306039347,0.706244195999,0.684541852733,0.666392794924,0.650714375786,0.636900347027,0.624564682417,0.613442722336,0.603342131342,0.594116552493,0.585650653317,0.577851139304;0.463129792019,0.466126708041,0.469341071414,0.472750343332,0.476304262786,0.479955433513,0.483977957475,0.490903366332,0.512863065208,0.628952426939,0.521642807795,0.519474182545,0.538102041506,0.549712468384,0.582179385868,0.584650669289,0.611136511722,0.663148525505,0.658890769155,0.665402956692,0.641987171761,0.647229605698,0.662197773264,0.679449865965,0.692438385439,0.677900415998,0.656212214731,0.632650369287,0.694041830765,0.715567377514,0.742636578091,0.775201993371,0.76462360569,0.758935294612,0.770982590417,0.766093022004,0.749502959417,0.713990237312,0.689725554475,0.670790703322,0.654694700744,0.640551916694,0.627918227746,0.616515596427,0.606148673075,0.596670863354,0.587967259934,0.579944950584,0.57252707772;0.457031567205,0.45959505116,0.462291829074,0.465027261071,0.467565686913,0.469306408681,0.468510412472,0.460882335738,0.470241632771,0.484905128539,0.491743741339,0.453167808148,0.51602358816,0.505723480176,0.545498302828,0.559716177477,0.577006456919,0.600447769285,0.615410247138,0.624672437602,0.62381383496,0.627143240553,0.638598573245,0.665540889301,0.665302744914,0.654318578166,0.650734217045,0.655681756181,0.671583438027,0.686645515134,0.70187876084,0.715072282671,0.714735956768,0.707021781755,0.708260459109,0.709320159105,0.70120406844,0.685885086176,0.669657988831,0.654750922548,0.641245769034,0.628961045202,0.617735060662,0.607437441932,0.597960924153,0.589215474876,0.581124435931,0.573621816814,0.566650312176;0.450647479468,0.452770254228,0.454975722904,0.457138141917,0.458936891549,0.459509163924,0.455939594029,0.430181162735,0.433858734686,0.387442662996,0.484299491194,0.51032103856,0.518624461265,0.525017293932,0.531470195631,0.533829841512,0.510358889649,0.557925162934,0.551253107042,0.596757981188,0.60010507565,0.603368538238,0.613686971589,0.629394317913,0.633419101468,0.631343712462,0.635973699075,0.645795181256,0.653317427729,0.660129117829,0.667677047288,0.672406822536,0.667672339146,0.622930608169,0.6471537379,0.667692038508,0.666847999049,0.65907176828,0.648604521019,0.637528111279,0.626682323346,0.61635738527,0.60663989025,0.597539785674,0.589036295081,0.581096255023,0.573682190164,0.566756084163,0.560281171834;0.443992774676,0.445668288759,0.447420909949,0.449156112777,0.450633514319,0.451298660926,0.450004002559,0.445800186716,0.441528103095,0.443747190417,0.49153817923,0.593169861427,0.528816428762,0.543733175802,0.528613569229,0.523741014324,0.508589875416,0.518846573222,0.504748656857,0.557628034007,0.570784198421,0.578349597101,0.588860114926,0.597280669118,0.601169142203,0.604662997652,0.616089745011,0.667000932966,0.639426796008,0.634985523426,0.637840779438,0.639753452866,0.636013077746,0.619479516068,0.625969827313,0.638220258111,0.639324386154,0.635110908347,0.628226960491,0.620131023507,0.611635523178,0.603165118429,0.594933402345,0.587043937676,0.579542340707,0.572442926713,0.565742804374,0.559429639081,0.553486079943;0.437063726175,0.438260615364,0.439559098231,0.440937732844,0.442303967706,0.443453479079,0.444081018078,0.443697356004,0.438030404185,0.424345610271,0.475395432476,0.49907622428,0.739168672082,0.504445010403,0.490557436016,0.474635366945,0.460590886188,0.484865014136,0.480375817913,0.512454689469,0.537464341648,0.554823226159,0.571833632976,0.577300915414,0.572205172911,0.564776147883,0.584875164004,0.606243980046,0.609272340472,0.608119947268,0.609358617822,0.611061380643,0.611722895915,0.611262617991,0.613139686314,0.616053012736,0.616326964677,0.613716880563,0.609053444779,0.603141017481,0.596572559873,0.589739559736,0.582885765939,0.576157889292,0.569641541237,0.563384225542,0.55740961289,0.551726409578,0.546333934126;0.429844561051,0.430482614639,0.431243885388,0.43219967159,0.43339871952,0.434837696302,0.436502139362,0.438439130787,0.441131692734,0.448991412517,0.467853744491,0.539555544387,0.47693980321,0.419044981007,0.409476617103,0.434289126651,0.444703414548,0.456927678534,0.451724599938,0.485191071671,0.511139158728,0.533226597213,0.582537288574,0.569893252394,0.548233174223,0.472391252601,0.554969794468,0.573051358881,0.578892169858,0.579487946756,0.579069635719,0.581279103864,0.585917830148,0.590211653238,0.593484651742,0.595550024798,0.595852345639,0.59426480675,0.591100078756,0.586801602491,0.58177508498,0.576336531124,0.570712802143,0.565059333101,0.559479336489,0.554039398522,0.548780876989,0.543727881041,0.538892772215;0.422324807405,0.422254976755,0.422276775546,0.42258283857,0.423390289005,0.424787931905,0.426804749087,0.429728985351,0.434157227607,0.440955292278,0.451147868953,0.461206402219,0.44388797054,0.413584740305,0.365478968376,0.387660877401,0.403726046243,0.426520858826,0.448157246252,0.466040170737,0.485464615902,0.507210339679,0.529454382116,0.538167813416,0.536082780559,0.534993115419,0.543168549221,0.551127656138,0.553669942652,0.549624343245,0.539468056502,0.54277385077,0.557506088146,0.567421567146,0.573061434189,0.576017216152,0.576977394564,0.576283527855,0.574244753626,0.571180774048,0.567389371707,0.563121041089,0.55857202782,0.553888919212,0.54917763744,0.544512744651,0.539945405087,0.535509643399,0.531227062554;0.414528600163,0.413519342147,0.412406778967,0.411551014355,0.411614818649,0.412749817128,0.414405472767,0.417132900832,0.421827169145,0.427129891515,0.430537072631,0.427663295821,0.416514067082,0.405408371177,0.395928030236,0.355963272321,0.385893452036,0.362973090564,0.427699266765,0.427990373706,0.450935241143,0.476125002871,0.507128378256,0.519649988759,0.522762132222,0.525808843588,0.529942956079,0.533278962036,0.532632806617,0.521817588685,0.459970515821,0.477407559541,0.530104826709,0.54643935272,0.55400614745,0.557845825361,0.559479536779,0.559533942342,0.558372600915,0.556275284492,0.55348047782,0.550190359341,0.546570404124,0.542751303093,0.538833255965,