LOX_OAC1=[0.250834834687,0.245252226144,0.239460263302,0.233514265213,0.227483493405,0.221372659046,0.215165287982,0.209455517667,0.205197675777,0.199776900012,0.182234478225,0.177045268619,0.181894415207,0.15644293524,0.172861524563,0.185331316197,0.182210442109,0.194471029883,0.221394379584,0.236509942709,0.245766551295,0.249851907903,0.245280330086,0.245740764465,0.263704995551,0.273940301783,0.27734093314,0.278200827688,0.279478504659,0.282564285585,0.288617030886,0.29659088712,0.304802996414,0.312619064685,0.319924071491,0.32671063796,0.332967587461,0.338665824533,0.343773098658,0.348275424318,0.352191355203,0.355571981162,0.358489441528,0.361022381016,0.363244882363,0.365220667045,0.367001398894,0.368627325664,0.370128943618;0.248143437459,0.241916879615,0.235314534466,0.22839476671,0.221327033172,0.214085297341,0.205682983019,0.195025727915,0.194726270317,0.194762129827,0.189050268299,0.185390736152,0.185886417233,0.183447634498,0.179316380537,0.183186838405,0.186256425517,0.224665511927,0.243958192533,0.24640023176,0.256820783638,0.266399760261,0.270208990558,0.276974213573,0.29070343952,0.301332354181,0.298582744862,0.294576780099,0.293850919201,0.295932272907,0.300248681468,0.306101676623,0.312715388041,0.31955527917,0.326334711514,0.332885137162,0.339067614387,0.344744028557,0.349792881194,0.35414566759,0.357810380734,0.360861809805,0.363409073667,0.365564243584,0.367424550925,0.369066784746,0.370548209694,0.37190987506,0.373180320834;0.245594963359,0.238649489602,0.231016824058,0.222608851087,0.213834925415,0.205747852477,0.195590139209,0.17101813449,0.183807422202,0.189635170208,0.186331355132,0.176406721352,0.178662450906,0.193934791063,0.199137002508,0.182823800649,0.212789633024,0.258135737021,0.288028663177,0.257737194024,0.276019406719,0.287591925403,0.288017957913,0.296602110591,0.326509624285,0.383040722798,0.322718857199,0.307881157612,0.304799557443,0.306020077933,0.309531809211,0.314475588756,0.320302385698,0.326625204454,0.333173481776,0.339727687786,0.346055659974,0.351888844396,0.356968845185,0.361145434148,0.364436981801,0.36699191268,0.36900014033,0.370630301537,0.372009630129,0.373226677207,0.374340044775,0.375386774826,0.376389069243;0.243289823324,0.23563828144,0.226825509219,0.216042482235,0.201591047936,0.193760720851,0.187246686032,0.147381142306,0.175564191685,0.183145445143,0.180336263567,0.157483152454,0.150220139997,0.204600258837,0.21337335454,0.16219094137,0.24498780702,0.303348673038,0.413419571815,0.30434587389,0.324448377437,0.314647009101,0.297604814133,0.305304144558,0.329782046717,0.364286082581,0.326675183331,0.314337260716,0.312152220225,0.313709899165,0.31718814841,0.321899071475,0.327481142556,0.333696862845,0.340363037466,0.34728257992,0.35415392461,0.360508244652,0.365806498375,0.36973501326,0.372396448695,0.37414975113,0.375350864686,0.376248406293,0.376994709676,0.377678502152,0.378348585618,0.379028808353,0.379727916873;0.241299050891,0.233144444105,0.223407799234,0.210447783966,0.18865295715,0.182387968299,0.189148098897,0.183663596791,0.176001406842,0.174255899958,0.176994193667,0.165724132504,0.162153893407,0.286887604397,0.227521793714,0.240808623362,0.273707470207,0.454870597297,0.318203638359,0.284467781088,0.314571362988,0.309565922171,0.300314640818,0.305355018315,0.313053615599,0.315094682747,0.313830336037,0.314673972144,0.316651723527,0.319684592122,0.323699753033,0.328593065304,0.3342799671,0.340709491851,0.347853522923,0.3556412259,0.363778681988,0.371458056812,0.377391705815,0.380804796289,0.382202075389,0.382563218822,0.38253475833,0.382418026217,0.38234610089,0.382376451191,0.382526836138,0.382793009065,0.383159873201;0.23951688321,0.231302605074,0.221389887057,0.207729760025,0.174001745481,0.184024732168,0.189688390615,0.190065200692,0.181359775882,0.191547112803,0.188777837369,0.184763322418,0.204592074661,0.241200362689,0.247624191456,0.256428103863,0.277284046408,0.304257487823,0.317945161698,0.316564718256,0.313989942823,0.309444527244,0.26308124612,0.305247880202,0.308456072953,0.273536361278,0.298276624258,0.314249718322,0.320287752098,0.32485185087,0.329536747673,0.33477421884,0.340739303802,0.347582535057,0.355513513354,0.36480537065,0.375562649795,0.386697877589,0.394487249297,0.396202328853,0.39456364381,0.39241703184,0.390557769289,0.389082207724,0.387985776221,0.387241495405,0.38680435321,0.386620727533,0.386637889978;0.237325617817,0.229872045186,0.220733211445,0.20852124732,0.190753417578,0.179386292891,0.181322622981,0.183889902066,0.223984477591,0.216205002334,0.185951382254,0.193613020427,0.213288919913,0.21321910146,0.24846097455,0.262332996178,0.277650834812,0.297382304837,0.339473792979,0.381187569085,0.323537100042,0.321964226866,0.346548286214,0.347178958325,0.319490985426,0.299165417638,0.306336736,0.318253780207,0.324803193757,0.329977733632,0.335080475471,0.340610510128,0.346862302788,0.354151507072,0.362980110826,0.374278505693,0.389793767202,0.411227921901,0.427003445462,0.419699034359,0.409892195651,0.403629679395,0.399299903241,0.39610353101,0.393775761086,0.392152671399,0.391083960563,0.390437501527,0.390106116254;0.232250420814,0.228316466274,0.220747775759,0.209844780413,0.195482783389,0.184969298573,0.180781982736,0.177091347431,0.18247542746,0.19674724216,0.204970217062,0.217231099334,0.232887107086,0.249730821852,0.259159654015,0.266923952376,0.278380695251,0.292551814465,0.310342961052,0.321052497285,0.320174572001,0.327665982585,0.364030161317,0.360333062636,0.329793641718,0.320750786422,0.320801730193,0.325258437989,0.330295682658,0.335309041225,0.340517877709,0.346190711477,0.352612314046,0.360183675598,0.369623124006,0.382489357597,0.403107377414,0.45011387705,0.563460239982,0.451158580548,0.426399366157,0.415825635111,0.408576971283,0.403256396363,0.399500789951,0.396939716355,0.395242013283,0.394156356062,0.393503660675;0.214850349134,0.227526346107,0.221117967467,0.209604368123,0.193932202434,0.185896908955,0.176415896197,0.12851798462,0.161494513013,0.18157393016,0.20554067413,0.225783108203,0.252651014784,0.42447860333,0.251995017258,0.269067108087,0.278755503138,0.287806803841,0.297366235257,0.306587525545,0.313971545183,0.322069084292,0.331673423708,0.334160459891,0.329891174961,0.327554724707,0.328475900578,0.331668750601,0.335942099656,0.340711671245,0.3458762458,0.35154791321,0.357960950059,0.365509753066,0.374910239039,0.387638273223,0.407300444185,0.444232133816,0.487423531667,0.457905463244,0.442892791044,0.429963813676,0.418316194028,0.410156947817,0.404832829446,0.401380631537,0.399136682964,0.39768684695,0.396771695882;0.233220293622,0.230680189697,0.222122738648,0.207113918206,0.173484221447,0.187139685669,0.178435971812,0.192506775106,0.187152784595,0.178001538686,0.195541396408,0.228253592678,0.253392130367,0.275767153781,0.267024810048,0.273006580137,0.279484407636,0.282270007748,0.284459853052,0.298750136315,0.309764278151,0.317694146809,0.323790141155,0.327438283297,0.32916663379,0.330857931749,0.333490275636,0.337083236344,0.341344565709,0.346051537433,0.351148418561,0.356715744098,0.362945511042,0.370163812133,0.378912773038,0.39010396718,0.405134110097,0.424823054923,0.444959761757,0.466752005033,0.483719220655,0.450204150182,0.427645945972,0.415959767579,0.409299464942,0.405226009637,0.402632662447,0.400951893276,0.399863876708;0.243827219811,0.235119549568,0.221514470979,0.210315604576,0.205850274368,0.216662141626,0.211787958803,0.23259022347,0.208530922646,0.172833953696,0.194982805939,0.231993243608,0.254929018497,0.267820286869,0.273827386549,0.278137524438,0.281639468704,0.277846930324,0.224476843915,0.295262948378,0.308862905552,0.316378756492,0.321379323684,0.325259354494,0.329152637368,0.333304437425,0.337582795149,0.341991198376,0.346567885296,0.351343758783,0.356374963256,0.361765658197,0.36768069464,0.374364327814,0.382169561443,0.39158101284,0.403170029721,0.417537365546,0.437190232467,0.483878056546,0.641354105174,0.463411828325,0.432153129074,0.419308680079,0.412428506584,0.408288521081,