FOXD1__poly=[0.460931809705,0.458393229375,0.455486926889,0.452148385893,0.448311003501,0.443913786134,0.438907861967,0.433248565286,0.426823303729,0.419102830557,0.408478970784,0.394172849159,0.386737893656,0.391755247349,0.39262292557,0.387467650903,0.379147388276,0.373249741972,0.356495090138,0.332534817481,0.329548069064,0.327116582393,0.276955525428,0.338082987088,0.348749118369,0.373075299926,0.362565083341,0.326311626068,0.322263679133,0.27546160954,0.195499194183,0.24030317273,0.220123909597,0.208239677171,0.25344866366,0.23659494401,0.226671198293,0.260544391529,0.292352391098,0.311753343539,0.326769928684,0.339186245262,0.349761537141,0.358934724724,0.366997764348,0.374158820079,0.380572557145,0.386357304554,0.391605714007;0.463413888402,0.460921628938,0.458011857614,0.454587689656,0.450538846867,0.445755295078,0.44014976838,0.433676478878,0.426419975018,0.418438736161,0.405437368156,0.364352388511,0.301602641511,0.390641101832,0.404833956329,0.398988019737,0.377444560505,0.318152256107,0.351383382422,0.334975619981,0.308013548652,0.285568178086,0.353168628347,0.381037535125,0.392123966424,0.382921579082,0.357362223962,0.3315575323,0.345270869591,0.32479678377,0.287468630481,0.269369995203,0.245929238206,0.231413862431,0.242476015002,0.241330180051,0.251219356848,0.274601592378,0.297407500936,0.315733778316,0.330444428741,0.342638611324,0.353009265062,0.361993362043,0.369883846027,0.376888156459,0.383159420143,0.388814291804,0.393943873512;0.466146614375,0.46374744771,0.46088067058,0.45740044695,0.453114501083,0.447791176597,0.441202762167,0.43309414441,0.422738407135,0.414532512191,0.412514769324,0.38545519334,0.296206409289,0.411301029512,0.429128633337,0.417469242048,0.393478718366,0.319948618097,0.269524441662,0.348147986668,0.333649578588,0.353261833335,0.378663217465,0.43277662554,0.411034016408,0.39638225086,0.374008789873,0.359123223269,0.370952138649,0.354368302725,0.315315469639,0.29120827283,0.234492136561,0.243588898269,0.203040500165,0.216108259691,0.238778435909,0.281189042846,0.305018252778,0.322308728405,0.336136363556,0.347656394892,0.35749924873,0.366058856844,0.373600498685,0.380312868394,0.386335900728,0.391776745496,0.396719529783;0.469139871667,0.466901236222,0.464159613835,0.460708656649,0.456226642915,0.450212192408,0.441986976649,0.431156770659,0.413910810076,0.322461267101,0.430815554818,0.446508269753,0.441181668343,0.479844259634,0.488762115917,0.442928700998,0.413929928908,0.367743496134,0.406498899517,0.379714889169,0.313705902607,0.374518708068,0.39285175959,0.401104674826,0.3913040654,0.395782123468,0.40466452558,0.423055616127,0.370364772444,0.352501978053,0.341289765632,0.335541769758,0.2789881138,0.268754968328,0.247387023062,0.248090333751,0.261936608619,0.295088286691,0.316038621029,0.33131161138,0.343664370637,0.354101681404,0.3631278183,0.371052470344,0.378087242879,0.384385911024,0.390064889029,0.395214964846,0.399908570919;0.472387603238,0.470397390075,0.467907741115,0.464664515745,0.460211883325,0.453632832537,0.442723904239,0.42252987777,0.412852926777,0.414626305937,0.448520269591,0.521747001215,0.480765002161,0.521370422382,0.497889574779,0.465128888102,0.444255678655,0.431091411885,0.443254442948,0.429777414507,0.40534532646,0.40351682703,0.41021795944,0.439504780503,0.426304036031,0.402696975621,0.396270946016,0.388259290426,0.373178176718,0.359869627814,0.34711861201,0.32825350228,0.309374341922,0.298121798433,0.291634092081,0.293455897507,0.302299405402,0.316403121882,0.330315062389,0.342332922279,0.352685199888,0.361727333045,0.369718922767,0.37684635616,0.383249087877,0.389035194227,0.394290622962,0.39908506802,0.403475917771;0.475856309935,0.474211976147,0.472134203126,0.469370000641,0.465438640429,0.459296773678,0.447931362223,0.414169394415,0.408968676177,0.359840726099,0.446236339582,0.470590230762,0.4910414937,0.503796155837,0.500926402,0.485219333758,0.44976822706,0.477931041682,0.481917152362,0.479162036031,0.444119124828,0.424730965397,0.421246205925,0.42913136509,0.421702808385,0.404802173857,0.393400056194,0.381859089839,0.374743360399,0.368258501052,0.358866079066,0.346646878123,0.3320082318,0.302232717015,0.309963528913,0.320995695148,0.327948625816,0.3363945504,0.345564195307,0.354455344314,0.362688001348,0.370204255966,0.377046023879,0.383278156303,0.388966150711,0.394170049023,0.398943131169,0.403332103146,0.407377738815;0.479475429423,0.478260938701,0.476748103561,0.474747070622,0.471901298592,0.467539113101,0.460462012527,0.449885263688,0.4389585935,0.433017478923,0.455546540538,0.414477759092,0.515886901594,0.547134821747,0.534296002138,0.527654317585,0.49817987559,0.49004844031,0.502292687004,0.484068579406,0.455254163963,0.434541738124,0.424687509317,0.41949299449,0.412876019458,0.403365138711,0.391815433704,0.342660120353,0.373363214588,0.378581489551,0.373594121224,0.365130506962,0.353825659608,0.33777948643,0.337507795178,0.34414893745,0.348935919215,0.354336426658,0.360457382671,0.366849714578,0.37315572302,0.379187582964,0.384866832485,0.390171401897,0.395106409799,0.399689560717,0.403943866104,0.407893959498,0.411564225256;0.483134713168,0.482390605331,0.481536684155,0.480489047582,0.479068352934,0.476966658416,0.473796473474,0.469048882246,0.45823793398,0.438116012117,0.481522284487,0.503173643466,0.752326813596,0.552055319778,0.546476301719,0.556420379569,0.532033163956,0.487848204721,0.456234315426,0.457248592483,0.449733891908,0.435963970168,0.420839452538,0.414253217919,0.408520937554,0.39539564156,0.395228864248,0.388150423182,0.390620626649,0.393444648846,0.391052594754,0.385246147358,0.377265383603,0.369502851052,0.365714819227,0.36580757482,0.367666567899,0.370693475668,0.374594793918,0.379028336042,0.383693173617,0.388379012398,0.392957162311,0.397355734366,0.401538578761,0.405491129716,0.409211582199,0.412705505869,0.415982564368;0.486691482134,0.486383602034,0.486177323315,0.486128077277,0.486233643218,0.486375368873,0.486362339538,0.486110022153,0.486233305358,0.491919858921,0.510081026329,0.58024982715,0.542418660236,0.558593668464,0.540071655398,0.535328391334,0.516812676895,0.488097189238,0.450063916457,0.453929895356,0.44916405123,0.435988937543,0.393401925314,0.404540789846,0.409047627657,0.349685991452,0.403152722859,0.408717175052,0.410443596185,0.412484418295,0.412863963936,0.408599162773,0.400461147846,0.39256978977,0.387293411207,0.384847386398,0.384517277698,0.385666413689,0.387854812149,0.390737700478,0.394038970102,0.39755159346,0.401130909595,0.404681261415,0.408142258777,0.411477698449,0.414667542931,0.417702391649,0.420579749583;0.489989484936,0.48997437958,0.490241042401,0.491052240168,0.492674579978,0.49510856828,0.498000206388,0.501088286703,0.505114287569,0.512369000059,0.525626368936,0.543289388086,0.543762787974,0.540412224435,0.568425165343,0.538021434477,0.524432218512,0.487335561556,0.473630037608,0.460655625778,0.449909127067,0.439235335729,0.427282529875,0.424112965415,0.423798983411,0.420208254268,0.422034597095,0.424893055204,0.428212288147,0.434992855027,0.445980306798,0.441775402123,0.424949586276,0.412825009044,0.405466294606,0.401376692205,0.399547392839,0.399304351328,0.400183312062,0.401844981005,0.404031200001,0.406546195136,0.40924541472,0.412025370183,0.414814057417,0.417562739224,0.420239446272,0.422824097411,0.425304944439;0.492896066985,0.492884547579,0.493157435224,0.494292193909,0.497309715526,0.502614083601,0.509089428192,0.514977235629,0.519896856073,0.526312836541,0.535960579208,0.547811820517,0.556926663459,0.555921081832,0.543495455209,0.489903881689,0.521765869393,0.443848218531,0.480923460295,0.448056758034,0.441035118108,0.432910750046,0.429403946593,0.434387330405,0.437867014894,0.438117778756,0.438317636205,0.43975069091,0.443988590716,0.457183799705,0.522082509212,0.503705062936,0.448035521523,0.429842695254,0.420749074286,0.415632167538,0.412854971185,0.411652530585,0.411568084909,0.412287199486,0.41357668181,0.4152588174,0.417198336203,0.419293689373,0.421469964957,0.423672887821,0.425863865423,