SP1__poly=[0.952197360639,0.953333589764,0.954563796304,0.955892107726,0.957320760109,0.958849018705,0.960472021368,0.962180274744,0.963963049304,0.96583138447,0.967861401444,0.970044152981,0.971547676193,0.972015152881,0.972708734927,0.973895167741,0.975838097478,0.979064574221,0.978202454735,0.979076377562,0.979432784226,0.980120909344,0.983885650818,0.981326384371,0.981426145092,0.979865879748,0.980196318641,0.981491460696,0.982063306997,0.984985125597,0.987961195863,0.984578858587,0.986610938009,0.988792268165,0.983653673194,0.983246871359,0.982453916454,0.978597613352,0.974916506889,0.972301667093,0.970097918267,0.968154510183,0.966407440846,0.964819595888,0.963365611902,0.962026591658,0.960787763661,0.959637232883,0.958565219335;0.951686821891,0.952866099212,0.954157067482,0.955568113039,0.957106616785,0.958777448382,0.960580738095,0.962509695703,0.964540611524,0.966637504006,0.969061382881,0.973354910919,0.978781059592,0.973406002539,0.97306957038,0.973909191693,0.975851890496,0.980092917212,0.978070087502,0.979013089736,0.980782774876,0.982555369589,0.979537307297,0.980047952768,0.980029249823,0.979293555166,0.979650021102,0.980922740465,0.981042644489,0.981856493245,0.982328978106,0.982794276223,0.984436372243,0.985487067134,0.983036449324,0.981849031692,0.979962718948,0.977024037042,0.974127936316,0.971624905665,0.969460077432,0.967545996531,0.965825450706,0.964261555914,0.96282890177,0.961508812464,0.960286870047,0.959151545306,0.958093382479;0.951060873394,0.95227649354,0.953623707244,0.955117026243,0.956772693099,0.958607766641,0.960636394952,0.962873728824,0.965372860718,0.967773924249,0.969761621291,0.973304022943,0.980452817987,0.974129011068,0.973480266788,0.973884998146,0.975360846579,0.980189716129,0.983555724804,0.978696504664,0.979344038313,0.978323398355,0.977962846723,0.979912632446,0.980212129711,0.978514090297,0.97876743349,0.979684843347,0.979640291653,0.980144199478,0.980923732815,0.982053456867,0.98430020265,0.982795897129,0.984862004408,0.983038947292,0.980389960042,0.975976168904,0.973034085137,0.970645883495,0.968576221509,0.966735766992,0.965074038956,0.963558395532,0.962166072333,0.960880217369,0.959687753248,0.958578164059,0.957542768124;0.950300491037,0.951541430475,0.952934910144,0.954502929033,0.956274926347,0.958292832561,0.960609458778,0.963249214387,0.966522871998,0.975564406976,0.970203217115,0.972261239392,0.973296660858,0.974597323256,0.974957759101,0.973814616618,0.975008475109,0.978093547992,0.977692456491,0.978576414967,0.980836864353,0.976776074377,0.976171067083,0.976742876304,0.977441275727,0.976602197646,0.977233988989,0.978542671354,0.977240515761,0.977689848677,0.97928712126,0.981646355116,0.9806313667,0.980013436999,0.980709471521,0.979835829763,0.977897695677,0.974246072661,0.971571975812,0.969382651683,0.967463152481,0.965736243217,0.96416268043,0.962717521028,0.961382960802,0.960145418815,0.958994067284,0.957919996498,0.95691570429;0.949384757185,0.950634970474,0.952057948864,0.953682287069,0.955550905218,0.957743130161,0.960441970966,0.964034297158,0.96683665824,0.969056288567,0.970159994821,0.97410207334,0.972193483762,0.974584367546,0.973881782106,0.97346234995,0.974424858245,0.975405703068,0.975877269259,0.975970977068,0.975407226167,0.974596266218,0.974380162701,0.97568796432,0.975361424926,0.974556623969,0.974704008808,0.974971081245,0.975019488937,0.975353060424,0.976095982639,0.976979843657,0.977094126479,0.976831349203,0.976415138757,0.975415314381,0.973844030801,0.971801711952,0.969755521957,0.967874400031,0.966153800498,0.964571196744,0.963108433829,0.961751471151,0.960489014571,0.959311678239,0.958211482239,0.95718152912,0.956215783414;0.948290992324,0.949529427664,0.950958950086,0.952610567199,0.954530184087,0.956807876617,0.959696387631,0.964609970518,0.967139541364,0.973182100218,0.969680574723,0.970846258585,0.9713516012,0.97204086199,0.972511618698,0.973240852494,0.977007055115,0.97492977602,0.974894207781,0.975010542552,0.973526996663,0.972598547348,0.972440198113,0.972975410908,0.972921189775,0.972562535576,0.972706213268,0.973070872814,0.973087115804,0.973101570807,0.973371680635,0.973721780925,0.974053538348,0.975574304201,0.974122358113,0.972370022259,0.970954012418,0.969404731282,0.967790229213,0.966206906597,0.96469724639,0.963272765587,0.961933697929,0.96067649708,0.959496389232,0.958388308201,0.957347270764,0.956368532234,0.955447646672;0.946994059394,0.948195153304,0.94960521263,0.951252706543,0.95317167171,0.955415518179,0.95807623469,0.961198361215,0.964507587049,0.967656979573,0.969256750571,0.975532580303,0.971934647484,0.973196750851,0.972863908259,0.973592701706,0.973753217117,0.973168114172,0.973897588307,0.973029135702,0.971581808789,0.970707408794,0.970521764438,0.970577451015,0.970637625123,0.970731133197,0.971090368191,0.97437764389,0.971736645617,0.970986175987,0.970960535173,0.971082872408,0.971293172314,0.971829132479,0.97104247139,0.969648066406,0.968413190761,0.967133448824,0.96580114078,0.964459204562,0.963143666055,0.961874963822,0.960662722114,0.959510513913,0.958418681832,0.957385852913,0.956409755862,0.955487674739,0.954616707684;0.94546393228,0.946597138803,0.947962220996,0.949583631039,0.951477076464,0.953654256593,0.956128371088,0.95893646294,0.962476756826,0.967021604664,0.967806354225,0.973451885976,0.985082961682,0.972333232361,0.972341590025,0.973365758033,0.972583732646,0.970989819176,0.971546800366,0.970233978441,0.969243474008,0.968883226679,0.969116814932,0.969063591171,0.969065706115,0.969671324972,0.969348770831,0.969638655769,0.969243414272,0.968833074196,0.968747101418,0.968722541759,0.968652427927,0.96845169957,0.967897245707,0.967025905859,0.966027751725,0.964954412599,0.963828523013,0.962678701348,0.961531802719,0.960407479999,0.959318189814,0.958271050254,0.957269628888,0.956315226425,0.955407720506,0.954546107649,0.95372885138;0.943660769283,0.944686442923,0.945981891175,0.947571784432,0.949452749663,0.951599174989,0.953977344404,0.956567855376,0.959370912602,0.962199517413,0.965384486357,0.972708446818,0.969913736372,0.972363049327,0.972629580228,0.970829792214,0.969918669132,0.969115860953,0.969768975828,0.968085108814,0.96717368803,0.967111432578,0.969617022786,0.968227446803,0.967469800861,0.971921101296,0.967405032361,0.966844025282,0.96674023153,0.966752838657,0.96682669168,0.966730547343,0.966401824149,0.965939457578,0.96534417731,0.964608116517,0.963765895522,0.962849992243,0.961884012926,0.960889754627,0.959887298707,0.958893075107,0.95791917175,0.956973785652,0.956062074481,0.955186978894,0.95434987853,0.953551076466,0.95279014558;0.941527119222,0.942384140311,0.943580398778,0.945154501815,0.947079332259,0.949280963849,0.951668743761,0.954151468653,0.956674125262,0.959255919845,0.962077529274,0.964994294276,0.966377936199,0.968548742864,0.972324492153,0.970743551429,0.969477721786,0.967770628808,0.966425136176,0.965702936643,0.965254887598,0.965140231583,0.965408458201,0.96517340797,0.964842122768,0.964893735847,0.964616218994,0.964437019691,0.96454830468,0.964987774588,0.9657468031,0.96558159132,0.964594280313,0.963777677397,0.963071197977,0.962362091221,0.961609649261,0.960809443157,0.959969947275,0.959104126485,0.95822587695,0.957347892779,0.956480590498,0.955631871335,0.954807355617,0.954010791514,0.953244473929,0.952509607101,0.951806595312;0.938977960643,0.939551831107,0.94059595396,0.942208219119,0.944306218783,0.946720669246,0.949312460168,0.951864148684,0.954231804595,0.956563761099,0.958995972859,0.961472624111,0.963724086024,0.965489448572,0.967191012149,0.971077079117,0.968013158369,0.969528675192,0.964236176779,0.964851696607,0.964138280755,0.963946631028,0.963669746529,0.962856287608,0.962279158236,0.962072789037,0.962003165168,0.962066876193,0.962398481605,0.963384983947,0.967859935215,0.966708526274,0.96300997628,0.961726061215,0.960914309812,0.960215991914,0.959527922044,0.958818879103,0.958083523084,0.957326629415,0.956556686986,0.955782883243,0.955013618533,0.954255875502,0.953515080179,