PHC1_OAC1=[0.630469534972,0.633903713987,0.63805866569,0.643247675019,0.649826430059,0.657811417225,0.66670931391,0.677838579082,0.696089420887,0.720795702538,0.759604096246,0.77923542203,0.786019979687,0.826810138658,0.820111531903,0.818741945582,0.832404563369,0.831069314565,0.816430996582,0.810215167926,0.807193655744,0.807131840696,0.813005574948,0.814934496825,0.803656721499,0.796304314295,0.790726034575,0.785504650905,0.780322914414,0.774664385873,0.767554498047,0.759668866976,0.752238560306,0.745669607601,0.739941275799,0.734930083019,0.730499610734,0.72652127935,0.722882525778,0.719493710749,0.7162923002,0.71324151989,0.710324102652,0.707534469532,0.704872283935,0.702338390517,0.699932782896,0.697653870041,0.695498441023;0.623235141538,0.625846686576,0.628935287568,0.632947766922,0.63881821189,0.646951176574,0.653497605692,0.650298277876,0.678351277461,0.713278406103,0.741444417821,0.762012840835,0.777368675344,0.796224706158,0.815195892281,0.82488026794,0.835464261361,0.816693719291,0.81251825332,0.815422441689,0.810288387291,0.80481574162,0.802613786781,0.800346410016,0.797201852759,0.793097235221,0.785860314204,0.77856724649,0.772132717898,0.766014438485,0.759782715929,0.753490808749,0.747475387136,0.741978748776,0.737071780941,0.732718863003,0.728830639455,0.725293576515,0.721993720471,0.71884000547,0.715779085904,0.712794093536,0.709891497705,0.707086735836,0.704394983341,0.701827212038,0.699389379201,0.697082984078,0.694906064541;0.615237680107,0.616737157915,0.618028707378,0.619243000545,0.622420760796,0.633039174621,0.646690147118,0.605314196237,0.668467562956,0.710664532928,0.735011580776,0.762249217357,0.779731815983,0.7850350006,0.798373955922,0.830294690247,0.822191458771,0.811908909799,0.815223723064,0.826595369894,0.815055546384,0.807784071737,0.800739285828,0.795904523243,0.798154670316,0.809402596815,0.784557251229,0.773382368312,0.765740106668,0.759314762054,0.753443004605,0.747940744519,0.742836831183,0.738205735616,0.734081258742,0.730435621324,0.727181197171,0.724182595193,0.721289863029,0.718390460979,0.715444679799,0.712475713748,0.709533259934,0.706664933199,0.703905404984,0.701275913683,0.698786967298,0.696441315998,0.694236472219;0.606625779931,0.606933292827,0.605804904433,0.601233290547,0.5888619865,0.602639206297,0.650394350845,0.736648975384,0.708481310181,0.719239138099,0.732403553205,0.74680979045,0.803039427714,0.782239922098,0.792429386863,0.853848996613,0.807502760511,0.810111357858,0.838834974037,0.811572010177,0.818218969497,0.8379275071,0.803612493498,0.793013228963,0.793013557072,0.797990220267,0.779512827207,0.768058655261,0.759897938547,0.753323677557,0.747695101575,0.742724525934,0.738308623757,0.734428342287,0.731079317576,0.728224290778,0.725752660009,0.723455585781,0.721069921348,0.718414340341,0.715488266927,0.712413884429,0.709323257952,0.706308198733,0.703421716687,0.70069066956,0.698125355737,0.695725711177,0.693485494257;0.59750847102,0.597080345463,0.594077785615,0.583804919535,0.549420645331,0.563509648017,0.632601550654,0.676689599633,0.715463960102,0.736024148639,0.73789831842,0.732206442112,0.794327767313,0.797136440856,0.794942685838,0.784461879763,0.789344257927,0.839740757864,0.806733164013,0.817582808334,0.806511522744,0.81182511999,0.799784372323,0.789924084633,0.784407508804,0.781615799277,0.773127166485,0.762450124014,0.753984383608,0.747409802451,0.742068826368,0.737587589962,0.733796045421,0.730639216047,0.728114158145,0.726210436709,0.724816285218,0.723578667984,0.721902059663,0.719387021046,0.716204172619,0.712760728128,0.70933203402,0.706044383774,0.702949915011,0.700067003108,0.697395953175,0.694926852498,0.692644692409;0.587566180264,0.587569711379,0.584841835067,0.57317405751,0.503669366618,0.561506278582,0.6135057825,0.655752349512,0.715217998792,0.720890968981,0.73094505679,0.746465654432,0.744305619957,0.74739610889,0.755568131994,0.760982239241,0.768827895434,0.779274780933,0.790802775933,0.799463097411,0.790170425983,0.791028601067,0.822686849882,0.79063469347,0.780360091442,0.799088784898,0.774679614982,0.756686026418,0.747525638058,0.741168310469,0.736270873928,0.732343158635,0.729192314554,0.726777884476,0.725158779695,0.724456660503,0.72473575384,0.725529542732,0.725143381011,0.72224750848,0.717991756059,0.713654353944,0.709600576697,0.705875132911,0.702474682441,0.699384128775,0.696578524497,0.694027620825,0.691700682887;0.575182082079,0.577756861219,0.578370344403,0.572509392958,0.550475666638,0.544262533087,0.578802815318,0.618643423656,0.704863525739,0.719886706778,0.73768830945,0.736495846526,0.705086869844,0.651113107375,0.72769571135,0.74282209544,0.751681096149,0.760886617409,0.777974752446,0.793771222342,0.774565046303,0.776472254981,0.792000437115,0.785120491248,0.770663981297,0.773391372376,0.761468084685,0.747856212737,0.739876460056,0.734333164483,0.730136613317,0.726874466386,0.724403108348,0.722741445294,0.722066708037,0.722791415185,0.725732142546,0.731730287256,0.735533214365,0.728887234811,0.721129131878,0.715110961774,0.710109673512,0.705761975741,0.701949928485,0.698599248964,0.695638523892,0.693002291455,0.690635247001;0.5542400471,0.565914124136,0.572716087257,0.57528021876,0.569484472085,0.567548833632,0.580770940252,0.607160712813,0.677822449663,0.67094802083,0.699309098732,0.706239475164,0.702812692315,0.703579556058,0.724038500275,0.732759213987,0.738704727083,0.745477101241,0.753220452098,0.75743715204,0.756734345825,0.759242114592,0.771975459857,0.768318700123,0.754377932375,0.748749771699,0.743009996259,0.73651637507,0.731107458186,0.726905920086,0.723640794786,0.721140228468,0.719363847812,0.718406542633,0.71855925924,0.720534398514,0.726359737905,0.744804106078,0.795039799805,0.739460040101,0.724852755861,0.717002556039,0.710805668616,0.705619521162,0.701287868383,0.697642200397,0.694526096102,0.691817462693,0.689426761031;0.502678235067,0.553227069269,0.565122460683,0.575721188327,0.597150735494,0.607288359805,0.589650302497,0.453342347322,0.679333690452,0.674404943853,0.692510335115,0.699105580776,0.70798664064,0.781227798618,0.754804435215,0.728875063485,0.728722141752,0.73346120986,0.738103813389,0.739916425755,0.740007080735,0.740643500144,0.742040904347,0.740482140698,0.736142030591,0.732283723389,0.728734373381,0.725175408325,0.721902779518,0.719124212317,0.716877524504,0.71517087343,0.714058904384,0.713689810106,0.714383784318,0.716838925811,0.722786359088,0.737212638155,0.755103811158,0.738424984701,0.728638503377,0.719846446695,0.711684769007,0.705277026996,0.700338236163,0.69641228724,0.693179161002,0.690436041567,0.688053479343;0.532283606236,0.545896093831,0.551442793374,0.557611250625,0.622019536552,0.619635642443,0.639490911272,0.620535215814,0.664526586933,0.710044457604,0.713017519798,0.697845960854,0.701235675361,0.71507622218,0.724854179897,0.718377519641,0.719381519309,0.726688509264,0.734300616692,0.729194077023,0.725562663704,0.723664258729,0.722230424419,0.720557263319,0.718759218198,0.717226379703,0.715808237,0.714296918837,0.712733266429,0.711258671405,0.709996654962,0.709049780402,0.708532625432,0.708610822781,0.709553624148,0.711814798194,0.716096330546,0.722846004485,0.730075706889,0.73837813332,0.744560423086,0.725783751688,0.712338821024,0.704318928528,0.698867970569,0.69478868811,0.691535250177,0.688825590511,0.686498799325;0.540384507902,0.537332742015,0.524396143033,0.519188032463,0.533085408375,0.57848405048,0.595805930995,0.594767533611,0.653169031003,0.727464504107,0.720177917918,0.695645379791,0.690489066916,0.694947660816,0.700418589217,0.704326725873,0.709446197362,0.722156297909,0.781946677686,0.719936288723,0.711898938934,0.707552631679,0.703824082239,0.701364681758,0.7012341937,0.70240810894,0.703444226376,0.703887373791,0.703839642213,0.703527309884,0.703155102538,0.702889165317,0.702878800555,0.703285465056,0.704311314496,0.706219518916,0.709318350265,0.713935869502,0.721349833807,0.742473896208,0.819709871077,0.728325402488,0.710528325057,0.702042890364,0.696630391646,0.692675546193,