POU5F1__poly=[0.808557241405,0.813318743201,0.818342433751,0.82364682074,0.829247555699,0.835152851145,0.841358121249,0.847842840368,0.854582884105,0.861642507594,0.869351257106,0.877696434074,0.883288867511,0.884629633444,0.886892043443,0.891209722117,0.898730371838,0.911740287298,0.907562956801,0.91074600487,0.911756458743,0.914225616326,0.93008942045,0.918561740441,0.918592245102,0.911334906305,0.912397228163,0.917776387905,0.919993510091,0.932768361223,0.945897291305,0.930457030835,0.939423040119,0.94913523723,0.925598022469,0.923537228228,0.9197119535,0.901830068531,0.884686176679,0.87239776718,0.861976041323,0.852738381942,0.844397491719,0.836787796063,0.829796450408,0.823339379142,0.817350742212,0.811777356816,0.806575321129;0.808112372944,0.813068144551,0.818332693021,0.823941044293,0.82993068664,0.836335350941,0.843175240767,0.850446827116,0.858080886593,0.865958376091,0.875155828746,0.891965296358,0.913518963874,0.891010246954,0.888983986539,0.891785462986,0.899207427683,0.916369892636,0.907268183446,0.910676664252,0.9176849803,0.92481463373,0.911284180599,0.913011866266,0.912468566675,0.908790666132,0.909938768951,0.915195925688,0.915374449343,0.918684811286,0.92050355744,0.92232041525,0.929497046507,0.934047616177,0.922680543109,0.917036285022,0.90817408924,0.894448992005,0.880873362306,0.869071463651,0.858805599933,0.849683317397,0.841448109617,0.833935078756,0.827030828991,0.820652014136,0.814734169346,0.809225573265,0.804083618083;0.807411414593,0.812544225937,0.818033746001,0.823938065309,0.8303310518,0.837298627144,0.844923066157,0.853296620193,0.86266613517,0.871638587444,0.878972147734,0.892581261499,0.920893538249,0.894657681363,0.891314071952,0.892243656913,0.897614660869,0.917083759129,0.930667873292,0.909526261287,0.911652650644,0.906655407402,0.904491967801,0.91241837276,0.913240906544,0.905304292814,0.905964018748,0.909614153886,0.909023458581,0.910911378465,0.914076732498,0.918868472699,0.92877951004,0.921700913945,0.930893390209,0.922349387442,0.909982319612,0.889447674051,0.875623248726,0.864319584708,0.854467458082,0.845664372173,0.837683960998,0.830380267273,0.823651622266,0.817422707162,0.811634919532,0.806240938284,0.801201489045;0.806426847068,0.81170819452,0.817388469271,0.823552718223,0.830327597884,0.837901137923,0.846515667093,0.856312850922,0.868564977515,0.903598005593,0.881809488587,0.88931990084,0.89277043055,0.897298259058,0.898025099875,0.892561105679,0.896648043296,0.908667098554,0.906224943911,0.909200107882,0.918132665616,0.900035326754,0.896712995356,0.89854509625,0.901015302998,0.896780998363,0.899066448658,0.904422955588,0.898174331681,0.899766103275,0.906572231138,0.916902264695,0.91199546089,0.908884771813,0.911783178003,0.907519368849,0.898355980685,0.881265992752,0.868634058658,0.858215349964,0.849030894281,0.840732006393,0.833142982093,0.826152608846,0.819681538339,0.813669100823,0.808066710077,0.802834150168,0.797937327354;0.80513843403,0.810529440471,0.816345577586,0.822693073575,0.829751445029,0.837858679249,0.847769949233,0.861049738846,0.871262389819,0.879216971421,0.882813403562,0.89762063934,0.889295737373,0.898050826789,0.894394278104,0.891790415159,0.89478670421,0.89788388043,0.898892299347,0.898334024455,0.89500234218,0.890623045869,0.888851740194,0.893812324431,0.891739703165,0.887597174107,0.887689191981,0.88835260694,0.888070982517,0.889095365416,0.892002043238,0.895595068044,0.895736037646,0.894180344651,0.89193640998,0.887022033244,0.879472158649,0.869733025055,0.859956064019,0.850929276268,0.842639684579,0.83498916438,0.827898201662,0.821305117766,0.815160022077,0.809421139215,0.804052642124,0.799023278638,0.794305448872;0.803538766405,0.808996058964,0.814879330347,0.821296363818,0.828438490296,0.836691716193,0.84708470968,0.865104560917,0.874046818279,0.896556762865,0.882240734817,0.885928521501,0.887024037759,0.888823732001,0.889728771077,0.8916420074,0.9059566267,0.896368785285,0.895074140058,0.894400300739,0.886941674075,0.881850429911,0.880183131628,0.881692325892,0.880753705604,0.878542217087,0.878594096823,0.87966445392,0.879202408394,0.878748815805,0.879471250969,0.880588425208,0.881658166367,0.888206622283,0.881177490742,0.872750853363,0.865860053204,0.858347312679,0.850527103561,0.842848604661,0.835513057945,0.828577953094,0.822047663135,0.815908214914,0.810139236887,0.804718422034,0.799623384097,0.794832477883,0.790325160499;0.801637488264,0.807124554264,0.813011357439,0.819382430964,0.826385095524,0.834280603469,0.843507478287,0.85434829242,0.8658856248,0.876884806938,0.882049808358,0.905347831056,0.890485682209,0.894455448483,0.892107862989,0.8939081703,0.893354267933,0.889629008684,0.891210958465,0.886068626809,0.878400451243,0.873247366417,0.871306261271,0.870683184775,0.870263610649,0.870080479174,0.871111381905,0.885268342649,0.87289020284,0.868952365567,0.868286339216,0.868314173136,0.868775238443,0.870767739687,0.866721490159,0.85988015194,0.853774635284,0.847465449851,0.840917586222,0.834331443659,0.8278764419,0.821649864625,0.815698462706,0.810040394185,0.804678322842,0.799606513363,0.794814702191,0.790290277449,0.786019544816;0.799461717408,0.804963376822,0.810820043025,0.817075277634,0.823809346101,0.831155674155,0.839299492024,0.848529763415,0.86047109902,0.876302034467,0.878148807078,0.898581079524,0.942470324878,0.892243408396,0.891145596013,0.893977391355,0.889469124557,0.881349647135,0.881736954856,0.874125154383,0.867737835959,0.864330312399,0.864100298727,0.863131293584,0.862655529354,0.864908193859,0.86298383056,0.863739604157,0.86137933849,0.858919981809,0.857924277504,0.857225953215,0.856348361211,0.854903996483,0.851860374274,0.847374501916,0.842317700466,0.836927196688,0.83130723265,0.825590742775,0.819903231895,0.814337038092,0.808950979399,0.803778803538,0.798837449301,0.794133030292,0.789664800005,0.785427719976,0.781414124463;0.797051065124,0.802588238166,0.8084340181,0.814578559826,0.821031450362,0.827843180497,0.835107062192,0.842974524549,0.851629992395,0.860514698001,0.870923512885,0.897171920553,0.885465751818,0.89368215407,0.893541665723,0.88515674882,0.87989839894,0.874607144641,0.874742536325,0.8645897049,0.857257475234,0.854245970963,0.864234626424,0.857918893097,0.854627509289,0.874431264345,0.853892114445,0.850853014623,0.849760662027,0.849150913169,0.84881834596,0.847732714328,0.845611221776,0.842906195088,0.839619203373,0.835710242215,0.831335916436,0.826644310497,0.821743315926,0.816733162266,0.811706684792,0.80674006361,0.801889367443,0.797192498809,0.79267308802,0.788344305831,0.784211929941,0.780276624588,0.776535579931;0.794446283193,0.800090704312,0.806023912921,0.812162375526,0.818419522243,0.824784193173,0.83130918592,0.838020163322,0.844963086584,0.852341419847,0.860880197664,0.870081627516,0.873825361929,0.880683029217,0.893827537929,0.886367358849,0.879682048055,0.870512307,0.861613606161,0.853643209447,0.845166188584,0.83923361959,0.840434699866,0.841693626203,0.841713819515,0.842428012376,0.841014013294,0.839686951102,0.839499808613,0.84074710795,0.843470782143,0.842013384609,0.836807002832,0.832410341036,0.828557179916,0.824729917553,0.820738492945,0.816559576778,0.812229801539,0.807807146807,0.80335444169,0.798929319621,0.79457905307,0.790339318811,0.78623521042,0.782283103242,0.77849259285,0.774868185597,0.771410660866;0.791668935585,0.797556043435,0.803803058642,0.810221548791,0.816484237102,0.822508003032,0.8285313045,0.834390571076,0.839892321697,0.845660204152,0.852205610892,0.859321870124,0.865977104999,0.871104483706,0.876145851266,0.889542179208,0.87607241336,0.879559930159,0.854305645449,0.849554557624,0.831913408318,0.808612359358,0.820491382683,0.828006946956,0.829317203579,0.829466136975,0.829045971771,0.828713823425,0.829391750955,0.833012141934,0.852682242298,0.846685008577,0.828919400987,0.822297327779,0.817905366558,0.814090396307,0.810371779206,0.806600226326,0.802746523606,0.798829022492,0.794884005081,0.790951576539,0.787068609971,0.78326567936,0.779566314361,0.775987460122,0.772540436529,