DPPA2__poly=[0.156036044488,0.156687733166,0.15739701083,0.158175583763,0.159045554065,0.160049184259,0.161264259203,0.162824905837,0.16493338671,0.167757599548,0.170997755768,0.173608134642,0.177078400886,0.183545157179,0.190104671485,0.197536721889,0.203754432102,0.201784755127,0.247732083166,0.311303006,0.315475125932,0.345242244944,0.473021460201,0.378970849397,0.376759734017,0.319087041834,0.303824905128,0.302897243141,0.3458688011,0.386766413256,0.464074155799,0.360247913442,0.415689147764,0.394907175067,0.336484844829,0.322311957948,0.343363009436,0.342827320389,0.326275081685,0.313284634624,0.302328861173,0.292686995319,0.28407618652,0.276336067132,0.269347399041,0.26301174471,0.25724574762,0.251978583531,0.247150074279;0.153124849878,0.153552785004,0.153997289458,0.154454767446,0.154926799729,0.155432366862,0.156032255118,0.156874246965,0.158323217571,0.161172989017,0.165606431986,0.164487411115,0.145453445122,0.178356232935,0.185046124825,0.192618584629,0.198882139402,0.190996131706,0.254065017974,0.301103108622,0.294150630655,0.409430161719,0.326731691231,0.314194252263,0.302489446492,0.295183205969,0.293697516226,0.295513226788,0.340143978255,0.355566675356,0.34701890451,0.337397932841,0.308125403679,0.286021360707,0.329818063322,0.365953682422,0.359875298538,0.335921415196,0.320732431293,0.308262912256,0.297666236303,0.288411517128,0.280183328322,0.272791125177,0.266105889586,0.260030601284,0.254487414324,0.249411726654,0.24474900673;0.15014542995,0.150340445565,0.150505673312,0.150614365642,0.150629900456,0.150512533916,0.150245189829,0.149852360931,0.14932895891,0.150975358513,0.15942978551,0.180884411529,0.243654906067,0.174664689068,0.176412945977,0.184988602298,0.194633415338,0.188901344111,0.436036081813,0.276983620886,0.277759675658,0.282783978745,0.279690868394,0.251326174628,0.247918629372,0.274595331501,0.291993361446,0.303574709261,0.338396243572,0.346792438548,0.339476809856,0.330616885887,0.268136893018,0.309476226208,0.334758068044,0.425962721165,0.356926056428,0.33012305494,0.314297490933,0.302206019626,0.29213307988,0.283390248539,0.275632062521,0.268657822748,0.262337304723,0.256577417665,0.25130643258,0.246466235733,0.242008276183;0.147122204659,0.147085088793,0.14697318893,0.146732214495,0.146270392897,0.145436349526,0.144018083592,0.141891934545,0.137785669066,0.108709554309,0.146655833276,0.156777000549,0.166795805819,0.155723538752,0.156682326479,0.174437749873,0.183175716681,0.184356882894,0.221590326395,0.243633450989,0.226207544647,0.247953733214,0.251475332657,0.247209482272,0.245212559021,0.267529379244,0.304123921548,0.348044683622,0.310527148102,0.312560734276,0.314578739653,0.290113639373,0.290514303545,0.316826690272,0.348719000571,0.377252970795,0.339426214413,0.319331331058,0.305810789557,0.294883130426,0.285667826781,0.277622993404,0.270451324382,0.26397648002,0.258083609431,0.252691219734,0.247737209009,0.243171656697,0.238952948377;0.144076966937,0.143818321057,0.14345075215,0.142897995999,0.142015332315,0.140502733425,0.137636118186,0.131784308312,0.128944967777,0.128842968182,0.134390270194,0.126745864887,0.145789360613,0.139996459123,0.151659619045,0.164592109941,0.171322453522,0.179654956379,0.192369499062,0.206257385468,0.218806688146,0.227106510056,0.231407588558,0.22409703985,0.234459350741,0.254483937796,0.272712521357,0.285035943359,0.287494754339,0.291209726785,0.293587403892,0.291680673923,0.298407266657,0.316473032167,0.327177164455,0.328052665401,0.318863639748,0.306387757532,0.295625982068,0.286415455696,0.278361043349,0.271186412844,0.26470919915,0.258808169806,0.253398922057,0.248419164737,0.243820279487,0.239562531802,0.23561233222;0.141024662272,0.140560536781,0.139972182824,0.139179217751,0.138023926237,0.136162733283,0.132635180272,0.122253469881,0.119863745531,0.103918867144,0.125453513047,0.129087384421,0.135512278348,0.141212930767,0.14907089187,0.156349442009,0.142936222091,0.163784418473,0.172352574635,0.179720953917,0.197312665885,0.209617496911,0.216090984681,0.218036195722,0.226267687749,0.239318610983,0.24975337994,0.25704606733,0.265440399428,0.273800560459,0.280288475551,0.286923000958,0.300511415933,0.353881782275,0.33304828688,0.310230627938,0.301049860804,0.292658502895,0.28463477461,0.277222818679,0.270440276103,0.264225949546,0.258510510212,0.253234438297,0.248349455529,0.243816181256,0.239601677521,0.235677640979,0.232019211202;0.137970527907,0.137314071181,0.136537835037,0.135578322521,0.134314221447,0.132513485428,0.129755480845,0.125670231007,0.120872701041,0.116350212573,0.117293408997,0.0993393379241,0.121755925446,0.125359021407,0.139704417975,0.154369740445,0.161416571652,0.161343706293,0.158760924891,0.16881055809,0.183623421659,0.19522527878,0.202666430635,0.209107304786,0.21643953985,0.224527942063,0.231141227962,0.213142415211,0.243831230312,0.259028933467,0.268063230268,0.276659374088,0.289313782105,0.313578732134,0.309123675417,0.293996839402,0.286071021144,0.279679757497,0.273596787725,0.267741554323,0.262171573338,0.25691684169,0.251979758303,0.247349309436,0.24300939625,0.238942525278,0.235131254744,0.231558718276,0.22820880674;0.134910381692,0.134062151207,0.133110913887,0.132023406622,0.130733013576,0.129120297992,0.127002144524,0.124072749264,0.118824378556,0.109868480741,0.1132513495,0.0990241387487,0.0593817746376,0.119190425293,0.13411875101,0.180273257166,0.197708752397,0.160858247759,0.154392287221,0.164337842508,0.174719674653,0.182559138339,0.187479042102,0.19467466089,0.202182593447,0.206235721786,0.217035867321,0.223798651515,0.235766955233,0.248026240751,0.257304223177,0.265112755263,0.272709077218,0.279403155388,0.280338858287,0.276465901969,0.271902267635,0.267378246215,0.262825001368,0.258267020604,0.253779164749,0.249424218903,0.245240774807,0.241248479224,0.237454855368,0.233860152019,0.2304603231,0.227248797137,0.22421754355;0.131834714061,0.130774356744,0.129627281232,0.128397465974,0.12707286503,0.125606646201,0.123909263209,0.121828094732,0.119155906581,0.116270605572,0.112014028196,0.0932575028914,0.109198317342,0.107726876961,0.117256507771,0.142351514383,0.152706885872,0.149219021655,0.144949567592,0.155707465475,0.164770979908,0.170724679712,0.163565444822,0.177718899964,0.189330416213,0.170245777271,0.206079308226,0.218831324825,0.229546550744,0.240316985403,0.249884206129,0.256190792073,0.259772052921,0.262106552213,0.262648527818,0.261270971501,0.258783730727,0.255765318152,0.25245257982,0.248972864831,0.245424128649,0.241882549741,0.23840257472,0.235020310813,0.231758187865,0.228629049033,0.225639190052,0.222790472917,0.22008176785;0.12873638081,0.127416233742,0.126006424679,0.124557911425,0.12312565657,0.12171462543,0.120281524224,0.118794723579,0.117200917858,0.115318094469,0.112525949419,0.109156591604,0.110548704515,0.109580399204,0.102736490462,0.115380343151,0.124728284704,0.133414250365,0.141014571946,0.147508082525,0.154181856152,0.160390539331,0.165515941528,0.173610384605,0.182800157091,0.190561596179,0.200781347019,0.211542989594,0.22255804165,0.235701647879,0.252065757308,0.255481361911,0.250869575117,0.249595395287,0.249193708208,0.248360655101,0.246888726511,0.244904190635,0.242555147129,0.239960008418,0.237213719592,0.234392100104,0.231553439943,0.22874063678,0.225984048993,0.223304368702,0.220715076148,0.218224363398,0.215836580292;0.125622382062,0.123964146588,0.122156017356,0.120308976825,0.118629615265,0.117178222584,0.115801773042,0.114608953008,0.113739274972,0.112751416298,0.111238338041,0.109298878527,0.107696430361,0.107281139225,0.106705506735,0.0979433954719,0.111760488733,0.109075380781,0.131192291762,0.132812922159,0.140419465372,0.146966419968,0.154617691733,0.165277514314,0.175594735537,0.184795782919,0.194018895981,0.203746023122,0.21477009332,0.230915298183,0.293012290497,0.267373342616,0.242200498878,0.238475858062,0.237530534435,0.236913895778,0.236025882919,0.234759422861,0.233152995737,0.231279771891,0.229214362492,0.227023006093,0.224760701854,0.222471060718,0.220187457957,