DPPA2_OAC1=[0.143386675613,0.146007058648,0.1491929076,0.153135947216,0.158102471974,0.164411049018,0.172510535645,0.183673287891,0.200620027331,0.226803392435,0.294688084141,0.306147191892,0.260221763927,0.220235558135,0.231347329219,0.248892998485,0.308566700456,0.339370753365,0.307169427318,0.30163469633,0.299495279154,0.300929457987,0.318823339308,0.33070155016,0.314517517513,0.311156176942,0.30901000179,0.307364881244,0.307358096449,0.305961149445,0.298810778038,0.28778367985,0.276710431919,0.266938286321,0.258551075701,0.251332779368,0.245027246753,0.239396356715,0.234240957489,0.229416258729,0.224838212864,0.22047493413,0.216326950032,0.212406601133,0.208724252305,0.205282585676,0.202076338715,0.199094394731,0.196322242454;0.138198167537,0.14026194475,0.142768919514,0.145904566722,0.149998364169,0.155362913287,0.161695088469,0.168483897193,0.188137618628,0.21529202281,0.245258716211,0.254790899913,0.242841668862,0.227158529884,0.212424476196,0.214893621209,0.226323857877,0.273528401006,0.290931161799,0.315306974326,0.30147489224,0.286231601563,0.288658803636,0.296198357093,0.303997176378,0.308519671448,0.301442708714,0.293844689258,0.289039176749,0.284846885061,0.279354874582,0.272449638077,0.265105519898,0.258110212236,0.251783753274,0.246152533633,0.24109661858,0.236431835514,0.231973083932,0.22759208461,0.223248126752,0.218974660054,0.214837939001,0.210899381323,0.207197787963,0.203748246929,0.200548422723,0.197585701935,0.194842617422;0.132641878016,0.134029651704,0.135629024134,0.137503280917,0.140084248795,0.144422031378,0.149097074505,0.144093346881,0.174744865315,0.206191722554,0.229930394374,0.241614364094,0.240745288956,0.226802556471,0.212368146669,0.186482880369,0.212137586712,0.254947620823,0.294521007248,0.344045362008,0.291830439764,0.262103948994,0.265234693566,0.278598375042,0.309717302129,0.365911419467,0.301037996094,0.282103021127,0.274237273454,0.269211757134,0.264578586261,0.259671973084,0.25461692568,0.249734031275,0.24524702961,0.241212583353,0.237527075095,0.233964378241,0.230267455404,0.226281978375,0.222034574535,0.21768488599,0.213414970033,0.209355577174,0.205572284172,0.202082380284,0.19887590579,0.195930756812,0.193221266791;0.126811198003,0.127464501775,0.127994329399,0.127985202144,0.126389805661,0.129942889561,0.136375329578,0.119399664958,0.164873747861,0.210695835316,0.240331606907,0.279425438873,0.275470756337,0.22386670059,0.201741212955,0.144891822121,0.20544750018,0.240055908404,0.370734190841,0.263977101858,0.234911290367,0.199411959743,0.239465237106,0.259725055204,0.289171069858,0.325742362985,0.283832701902,0.267194704354,0.260101317617,0.255732718874,0.252097065518,0.248596860303,0.245181025172,0.241998902243,0.239207926794,0.236857348998,0.234795020927,0.232616094112,0.229793237488,0.226040027183,0.221545454596,0.21676888482,0.212107401627,0.207771913929,0.20382757489,0.200263998851,0.197042358408,0.194118409904,0.19145145494;0.120797610226,0.120771382787,0.120326636695,0.118550052193,0.111978813717,0.115182862204,0.128882656681,0.138481099477,0.156388084469,0.24370759334,0.256746001109,0.272761660412,0.364539945598,0.193808278105,0.179847591284,0.19091045186,0.197680292664,0.165467715587,0.217976634571,0.205620064566,0.215007533232,0.208933852495,0.225098089142,0.240587652131,0.252492948635,0.255886519471,0.25237467863,0.248917852292,0.245924728622,0.243317071322,0.240916981621,0.238648084089,0.236580098914,0.234885765596,0.233772054692,0.233376070458,0.233549757519,0.233513220091,0.231883216712,0.22787701715,0.222266254916,0.216348540808,0.21088128428,0.206077178275,0.201900464541,0.198248159341,0.195019153649,0.192131845739,0.189524189651;0.114619228596,0.114090512483,0.113029342876,0.110334834249,0.096741958049,0.107864432146,0.118126369353,0.126821644797,0.133059219141,0.171603175843,0.207641740532,0.246019610389,0.228190608143,0.195346691583,0.18482198707,0.186354193458,0.189716607439,0.192672914178,0.192924231838,0.191614810057,0.206415760112,0.214271039244,0.191674287419,0.228877062003,0.232940606212,0.206291998558,0.223136816126,0.232037943323,0.232762939944,0.231893714657,0.230678915236,0.229495970702,0.228587419019,0.228240375691,0.228844119704,0.230884889486,0.234680760234,0.239143154495,0.239929842282,0.233885528147,0.224736909177,0.216308727729,0.209505290867,0.204088087825,0.199673943411,0.195966937467,0.192769151875,0.189952005003,0.187430740601;0.10808319844,0.107384985188,0.106121859804,0.103594236972,0.0983935444208,0.0965030437967,0.101798293427,0.105662262147,0.109962250336,0.131778982536,0.162049880941,0.234853981683,0.188891635101,0.160757454427,0.173049692479,0.175932797248,0.179528706249,0.182360665048,0.17801968393,0.1732282614,0.199791349505,0.217298776088,0.257092393293,0.259918806995,0.229606009597,0.211808584897,0.214504506523,0.220144169459,0.22154414609,0.221584389507,0.221239945362,0.22093169323,0.22097833956,0.221784304904,0.224009565298,0.228872280938,0.238692502287,0.255958500939,0.266544417517,0.248424149448,0.228652395235,0.215795868476,0.207402520478,0.201491694336,0.196991390232,0.193345099241,0.190257742291,0.187564405737,0.185166651094;0.100262156298,0.100516899198,0.0993181072371,0.0967610368599,0.0927286463322,0.090595130427,0.091443343555,0.0913517302238,0.0920960091905,0.110775772141,0.137630805758,0.1566807606,0.157735337297,0.152574790711,0.156419726517,0.162607023311,0.168166636371,0.172467187896,0.175682169948,0.181592009608,0.193637206511,0.212447328537,0.260521685151,0.258693890759,0.224162651616,0.213530599172,0.210852488538,0.211291545259,0.211908836249,0.212239597999,0.212452115017,0.212786622894,0.213540090419,0.215168438272,0.218518980595,0.225491499171,0.241566263885,0.291068666797,0.428246221758,0.270235958055,0.22941266915,0.212634671685,0.203675277742,0.197937153762,0.193720033062,0.190334875948,0.187470543841,0.184968002488,0.182736208886;0.0876309747214,0.094001463173,0.0925536677406,0.088969000373,0.0837316848454,0.0820544648483,0.0798832895595,0.0598645413944,0.0784043721631,0.0944919926309,0.11505523588,0.129858245126,0.135722901707,0.106810924293,0.126712575384,0.148489601141,0.156796104282,0.162013961837,0.16706502366,0.174176840705,0.183794337575,0.196072573736,0.209612755995,0.213547245161,0.208332377626,0.204241038737,0.202645516771,0.202546550602,0.202986231094,0.203536278628,0.204142681585,0.204925638546,0.206123328509,0.208144022093,0.211751070776,0.218593677901,0.232971811597,0.268086689712,0.309679679001,0.250718789495,0.217759168213,0.204242468772,0.197664722736,0.193297025543,0.189858473479,0.186958472515,0.1844303386,0.1821821424,0.180155416281;0.0896683301937,0.089166428635,0.0860543134228,0.0801142220761,0.0670429874463,0.0730997308452,0.0708068009329,0.0771586284118,0.0787942204394,0.0809882177109,0.0942329029448,0.112693278177,0.122231077414,0.125147461405,0.128589200021,0.139402927541,0.146517677023,0.149952363284,0.152700320162,0.162672466177,0.172130031857,0.180717014977,0.187927353576,0.191922452562,0.192834906868,0.192788344068,0.192983699929,0.193568023231,0.194366260281,0.195243021795,0.19618352319,0.197275293087,0.198695485645,0.200734065207,0.203862962182,0.208849908492,0.216711894867,0.226746902003,0.228400070916,0.209650641122,0.189029250899,0.190193679592,0.189971224044,0.187962186807,0.18561162505,0.183325500621,0.181200351925,0.179246623377,0.17745148399;0.0882862637107,0.0849626665803,0.0792652391165,0.073299148746,0.0682312002099,0.0718005556425,0.0723511920141,0.0692189775859,0.0686844873097,0.0681272555712,0.08183794714,0.100639892771,0.112851233361,0.120445308797,0.126594274435,0.132687764198,0.137661797071,0.138278606669,0.113452052791,0.151586127929,0.161278544942,0.168030861439,0.173129579543,0.176777094271,0.179447877521,0.181522632034,0.183214662729,0.18468608095,0.186026358524,0.187286523943,0.188525675988,0.189832602924,0.191333195618,0.193193680764,0.195609376144,0.198719355953,0.202247640517,0.204485601112,0.200969452041,0.182100492671,0.122837219877,0.177943663569,0.183017254563,