PRDM14_OAC1=[0.697775797322,0.707671016694,0.718067308464,0.728871033536,0.739964288543,0.751295085246,0.7628253412,0.773852446028,0.783357913149,0.794118665226,0.817028885313,0.82713269606,0.827532111382,0.856060332031,0.845755486674,0.83980923307,0.847602401955,0.842268224699,0.824365903849,0.814301212891,0.807423037175,0.803689499945,0.806337871525,0.80525187394,0.790320974356,0.779491169314,0.770582148313,0.762095281487,0.75368794176,0.744776020437,0.73422952998,0.722784546865,0.711854057123,0.70193073304,0.693015554021,0.684983997808,0.677689899638,0.670990714705,0.664758380442,0.6588888288,0.65330826758,0.647972652385,0.642860899154,0.637965830427,0.633286510679,0.628823331022,0.624575508655,0.620540163481,0.616712259987;0.698423069291,0.70926409462,0.720845249547,0.733058008391,0.745653303749,0.758598159096,0.772898616135,0.789564201853,0.795065888058,0.800510126286,0.812046403132,0.821654142827,0.827392729125,0.835640021581,0.844923422,0.847556884049,0.851920570391,0.829992893377,0.821342106798,0.819753322778,0.810595901226,0.801184479514,0.795240507144,0.789412082488,0.782810010163,0.775289471056,0.764409162613,0.753463148161,0.743481124967,0.733878634826,0.724173443646,0.714424288554,0.705023705936,0.69626568851,0.688248400272,0.680943575983,0.674255660115,0.668055892454,0.662210851742,0.656611443783,0.651192265141,0.645931474976,0.640835675867,0.635922688586,0.631210232212,0.626710950098,0.622431277656,0.618372034182,0.614529602789;0.698509444188,0.710401348623,0.723460546374,0.737731062357,0.75264973113,0.766934039778,0.783591438824,0.815616282366,0.807284506602,0.807079416022,0.816760801173,0.83332347524,0.838827178787,0.832825933569,0.834605244257,0.854387667946,0.841399786656,0.8264393176,0.824328677187,0.830721346895,0.815152709514,0.803788570516,0.792695185095,0.783980431473,0.782991417792,0.792131388224,0.761929186997,0.746534136374,0.73504358093,0.724946331402,0.71551960378,0.706566489957,0.698131220077,0.690312062523,0.68316027976,0.676653045546,0.670693115506,0.665121593228,0.65975734167,0.654460917986,0.649179943345,0.643939220145,0.638797207165,0.633810882119,0.629021925339,0.624455693567,0.62012427652,0.616030016797,0.61216856184;0.697830398334,0.710771170394,0.725529681432,0.742976854857,0.764912103746,0.779248873758,0.792330702908,0.841396243606,0.816996005709,0.815221527912,0.824612988585,0.85414577749,0.870422361163,0.837099445324,0.833285307819,0.876134890286,0.829422026989,0.825248183803,0.846783899124,0.815738021193,0.817781143777,0.833935728352,0.794798787337,0.779884990584,0.776352967758,0.77854457082,0.755063717746,0.739183564909,0.726960452941,0.71656049408,0.707295865351,0.698859238235,0.691146509176,0.684148069578,0.677869692935,0.6722758989,0.667239742155,0.662510126009,0.657763052547,0.652768744837,0.647517615583,0.642153615147,0.636836237064,0.631677412064,0.626742004939,0.622062711293,0.617651567392,0.613507471371,0.609621333785;0.696188167115,0.70993281983,0.726129610435,0.746626748576,0.777737165413,0.790639459007,0.789633622978,0.803339229788,0.818953160647,0.82660108757,0.829487495121,0.848449078957,0.867125405159,0.851629022709,0.838128602264,0.818979489757,0.813903237587,0.852423167267,0.815740582747,0.820863058175,0.805063304633,0.80611408425,0.78956612514,0.775244188343,0.765619235647,0.759109613691,0.746405143356,0.731221064608,0.718508309791,0.707983509419,0.698945447841,0.690992090155,0.683944463979,0.677752302225,0.672424097969,0.667957396312,0.664224156692,0.660795706983,0.656934056662,0.652129838202,0.646575961662,0.640767006854,0.63504162634,0.62955635187,0.624376185945,0.619523987776,0.614999687512,0.610789972462,0.606874702065;0.693568458175,0.707539723205,0.724301113293,0.746198967007,0.792302077717,0.7865054474,0.787907519598,0.79860872239,0.821383468428,0.816492676718,0.819377522116,0.829660743439,0.826624705003,0.821758428914,0.811038229939,0.800242983284,0.795375010439,0.795731392854,0.799277624024,0.801672266018,0.787030972307,0.783063451429,0.812234341952,0.774335366836,0.759465756888,0.776781641916,0.746348082741,0.722768362733,0.709120216113,0.698726795047,0.690108445057,0.682729112072,0.676383512101,0.671039487605,0.666781500561,0.663770274782,0.662097461148,0.661199062767,0.658973225516,0.653732031302,0.646866560612,0.639959155083,0.63346744614,0.62744975024,0.621903568419,0.616810847279,0.61214027515,0.607853043235,0.603909058066;0.690574165163,0.703624670008,0.719781569232,0.740600607349,0.768549371767,0.788686849382,0.794240404739,0.80468728079,0.818583896888,0.816322399658,0.820859462166,0.817332612549,0.809573966433,0.819604102223,0.793663524452,0.783905730122,0.778092366735,0.776417443473,0.784751989466,0.793962804254,0.768928531336,0.765738969915,0.77771989509,0.766351923034,0.746716080434,0.746163208609,0.729329862137,0.710465410119,0.698016517773,0.688452701845,0.680568700013,0.673912438007,0.66833382687,0.66387108078,0.660753566857,0.659502658482,0.661148048702,0.666768445729,0.669850448027,0.659988604307,0.648762030749,0.639760950981,0.632093353959,0.625309158878,0.619263897079,0.61386613461,0.609026279325,0.604660882354,0.600698400111;0.690267584669,0.698442492354,0.712909174299,0.733123006235,0.758253318137,0.778108030098,0.789327380049,0.797528305432,0.78999508371,0.794970508714,0.792353419475,0.789406097643,0.789686169343,0.791090743824,0.781037995361,0.769875662808,0.762081242621,0.75816152106,0.757284835672,0.754440978482,0.747581164363,0.744789336917,0.753712068961,0.745551975136,0.726149591219,0.715999979739,0.705821526164,0.694857285998,0.685230957809,0.677129492062,0.670269723342,0.66447021807,0.659697760721,0.656079578264,0.653984404818,0.65430858128,0.659601611766,0.680890198872,0.742473892825,0.671185481347,0.651326766315,0.640022082053,0.63085545424,0.623025521268,0.616342443193,0.610596540235,0.605590169415,0.601167272009,0.597212030723;0.70554600564,0.68997647107,0.70287523902,0.72578252885,0.755385365492,0.773915217007,0.791205608534,0.84648332484,0.764077912844,0.784606478772,0.781500427727,0.774842059245,0.773945779508,0.824329854286,0.792447371705,0.757923205058,0.746547467072,0.741411306735,0.737749048936,0.732465473434,0.726309090724,0.721453928471,0.718037210575,0.71183732891,0.702788256948,0.694420698758,0.686538197655,0.678785689203,0.671520407177,0.665003710042,0.659295088181,0.654414090119,0.650433596625,0.647540945002,0.646139263127,0.64710999761,0.652645219591,0.6690754799,0.690186710071,0.667685637972,0.653909582996,0.641415943076,0.629753192776,0.620377806583,0.612941514566,0.606867430231,0.601747344619,0.597320467831,0.593418709231;0.669787270792,0.672050714865,0.685437769049,0.717156818486,0.777560149428,0.77249063642,0.791794540226,0.783271949056,0.788403966304,0.800341912595,0.788670840777,0.764460140901,0.755987949293,0.757217480402,0.755369402799,0.73906994921,0.730092390545,0.72837670196,0.728364224577,0.716303355992,0.706380711153,0.698914276475,0.692484977993,0.686145097493,0.679835883538,0.673935625871,0.668315128336,0.662783229748,0.657409613716,0.652365507918,0.647795498804,0.643818659179,0.640570705407,0.638253717702,0.637203629138,0.637994797594,0.641525152644,0.648384162148,0.656062936896,0.665308598169,0.672019173688,0.646726680464,0.62826421978,0.616822725085,0.608751427359,0.602515091939,0.597411037086,0.593073930721,0.589293523645;0.642169068143,0.646626115466,0.646661766352,0.68231273565,0.739152005528,0.746514901673,0.760031301929,0.782944651085,0.796662992835,0.810940688268,0.787427448793,0.753348474131,0.735981518587,0.728202091412,0.722439910735,0.716119485815,0.711924711291,0.716564415755,0.771935479372,0.700661542999,0.68628631712,0.676483598453,0.667906165134,0.660948227307,0.656444208742,0.653345269748,0.650283410032,0.646846399524,0.643153772976,0.639443447332,0.635930850821,0.632794063443,0.630199393717,0.628335738057,0.627449572407,0.627870715059,0.629992626695,0.634239929811,0.642261406386,0.668144859147,0.76687990541,0.64762239543,0.623471119884,0.611429412416,0.603437193464,0.597404762958,0.592523077202,