PTPN6_OAC1=[0.123403981175,0.126150106174,0.129259089681,0.132646547693,0.136178710283,0.139993061373,0.144525194545,0.147717773039,0.143813926148,0.135724299188,0.123295809567,0.124206399749,0.136528989467,0.122001277107,0.135198946244,0.146892474444,0.137631127884,0.131211035758,0.134339331055,0.133428251564,0.133237547564,0.133896896154,0.132932549029,0.136631037834,0.15086956434,0.159505766816,0.161206009862,0.158950689573,0.155559886531,0.152539780875,0.150934954022,0.150410302843,0.150242325379,0.150202375146,0.150259947343,0.150383095756,0.150499071616,0.150504702769,0.150293691087,0.149787374415,0.148955096617,0.147815472118,0.146421852547,0.144842899738,0.143147116965,0.141394094415,0.139631219943,0.137893655351,0.136205866466;0.123210696956,0.12646937945,0.130438878155,0.135067419721,0.139837129465,0.144727364835,0.154265685771,0.176724614503,0.159475978462,0.135964577032,0.124441660079,0.120768427384,0.122661580224,0.124273922711,0.129715079824,0.159713624745,0.142492101699,0.134168829648,0.1277813258,0.121922817579,0.124581382112,0.130315605684,0.137169935254,0.14847372111,0.165643388131,0.177807537835,0.172993349507,0.165040836252,0.159272707311,0.155368265979,0.152938027668,0.151628631669,0.151078153517,0.151039397576,0.151357692636,0.151894411921,0.152481828243,0.152920583018,0.153016504856,0.152637120805,0.151749053595,0.150410179001,0.148729433005,0.146825759404,0.144803696842,0.14274473665,0.140707446578,0.138731030341,0.136839665978;0.122706204638,0.126510001134,0.131703309606,0.13892354629,0.147065897234,0.150687631691,0.156456349741,0.232089081414,0.167705464584,0.130984661703,0.11817726634,0.107841261497,0.107107085225,0.116787741567,0.12920877192,0.166051239624,0.152087105596,0.127453933529,0.116835006848,0.107331783596,0.115066508393,0.123079390904,0.13520269338,0.154313012291,0.19544783061,0.26529282897,0.192903898794,0.171657093936,0.162379436321,0.157135399527,0.154040746527,0.152384843064,0.151776195429,0.151960832211,0.152747282555,0.153936053693,0.155260175126,0.156371170399,0.156910304571,0.156646099119,0.155564046668,0.153824563747,0.151649894615,0.149240723984,0.146747638667,0.14427299969,0.14188133496,0.139609739462,0.137476381215;0.121685176393,0.125803386279,0.132083429488,0.143874660001,0.17086724744,0.171901458382,0.143529142894,0.112182653282,0.12450548618,0.117641626066,0.109655029945,0.0916886600759,0.0821512616921,0.105242868338,0.112797727941,0.0891163049657,0.119819184727,0.113007651878,0.0933216212909,0.108697926191,0.106632211909,0.0988254749649,0.128233419725,0.152217917228,0.192249012036,0.240383436209,0.195432680142,0.174614127352,0.163984725569,0.157850230019,0.154350996858,0.152625459724,0.152221226699,0.152882946453,0.154434055628,0.15666705848,0.159217263941,0.161476570389,0.162718123892,0.162490899631,0.160888661894,0.158353704619,0.155336271273,0.152151878507,0.148991902727,0.145964759955,0.14312630273,0.140499244232,0.138086109595;0.120025046348,0.123924234527,0.129691289438,0.141064815796,0.184310559503,0.188458426497,0.13466363182,0.118416170068,0.107391265306,0.103575506941,0.105996290661,0.0974442714337,0.083170277732,0.0898541854467,0.0971416481416,0.108598149514,0.109831230317,0.0843242275738,0.102194318806,0.0977310538606,0.106467603236,0.108324842858,0.123761408088,0.144796670767,0.172806693019,0.197115173996,0.192210842218,0.175420131826,0.163946138647,0.15732806429,0.153765952731,0.152252435151,0.152300917779,0.153704268326,0.156389998781,0.16027135585,0.164978911295,0.169454144137,0.171969545204,0.171439289685,0.168476390231,0.164354826427,0.159925735143,0.155586651737,0.151511640486,0.147773294949,0.144390108336,0.141350024745,0.138625537176;0.11781784362,0.121207215989,0.125049395188,0.128712027003,0.119267676098,0.126537289844,0.118471828125,0.108515838369,0.09627211109,0.103991054916,0.1193449993,0.145008134993,0.11362512283,0.102518215427,0.10335969229,0.106657788888,0.107206721523,0.105000147931,0.101599968576,0.0997490545879,0.107874888453,0.112695975601,0.102608291222,0.13500989983,0.171951960612,0.278852673143,0.217702260659,0.176030856495,0.161970467572,0.155337625201,0.152160960665,0.151162040639,0.151883850904,0.154252043725,0.15844258918,0.164794118424,0.173460473605,0.183020092283,0.188483001784,0.18608389071,0.179367089806,0.172135503243,0.165466396569,0.159495639672,0.154220377958,0.149605039292,0.145587086533,0.14209002399,0.139036832336;0.115151390521,0.118649111186,0.121646896565,0.122085100065,0.115802169526,0.107653843886,0.102775116937,0.0948479161003,0.0877498873808,0.09523722894,0.112895602593,0.173496638161,0.119097739746,0.0964232727164,0.103423765183,0.104767213561,0.105350056839,0.104575116037,0.0997585026101,0.095366915766,0.107985580446,0.112174774004,0.111358785698,0.126650618885,0.159340913946,0.21017807181,0.194550366048,0.167855803537,0.156829924936,0.151693534455,0.149499411894,0.14929517869,0.150827693949,0.154242983195,0.160098944344,0.169609326786,0.185139876648,0.209061801472,0.225855098829,0.211710534884,0.194223303213,0.18164641962,0.171833713695,0.163716444739,0.156945934225,0.15130556671,0.146592179579,0.142623501421,0.139248751663;0.111107107762,0.116862872012,0.121617253565,0.123490575379,0.118289213484,0.108357522081,0.0986860072467,0.0888077605506,0.0818283970231,0.0914819608964,0.107035712009,0.11537448815,0.109112754529,0.100519738516,0.100072640509,0.101829715206,0.103133271615,0.103486020162,0.10319199938,0.104463938618,0.108386592876,0.111850967233,0.111787960781,0.121894780231,0.141252186382,0.15610250602,0.158918963744,0.153853187228,0.149305236205,0.146757595688,0.14594857043,0.14668150518,0.149015841652,0.153324359288,0.160499398455,0.172626463165,0.195588627684,0.254800140731,0.40524630963,0.248428900229,0.210703189028,0.192430405991,0.178809991477,0.167958691844,0.159402880618,0.152646884408,0.147239731716,0.142834692757,0.139181347295;0.101084501975,0.116077591959,0.125368793671,0.135057540494,0.135173660335,0.117131090915,0.0962486158768,0.0641814268247,0.0787585572388,0.0920122246995,0.105474444154,0.107519750604,0.102936771112,0.0760474054247,0.0863018655117,0.0978546010176,0.100565186688,0.10145086351,0.102353091153,0.104489121416,0.107670367402,0.111232602525,0.115342272242,0.121885441695,0.130571737347,0.138012938133,0.141751013866,0.142237232875,0.141632656454,0.141321970257,0.141839781346,0.14344215757,0.146413708687,0.151247210489,0.158893408734,0.171366314749,0.193629579633,0.239951496587,0.295536925043,0.251432562204,0.227218829682,0.205875173142,0.186326210173,0.171700578567,0.161138145776,0.153321103807,0.147333583678,0.142599778461,0.138755627798;0.106891397929,0.116045837807,0.129725916512,0.162340217888,0.248108519812,0.13850060696,0.0951440791903,0.0904801069844,0.0901266097587,0.106912565878,0.122623967692,0.108115690896,0.101279978356,0.0953022334478,0.0925748809797,0.0963404661124,0.0980726177636,0.0977589111525,0.0973312263673,0.101648462433,0.105640733391,0.109273351593,0.113207486318,0.117930762375,0.123239770334,0.128108638855,0.131603610017,0.133650618505,0.134879680805,0.135994599747,0.137497040442,0.139748656237,0.143104691716,0.148043832055,0.155326216063,0.166225895249,0.182705997254,0.205967169885,0.230248313143,0.257226446594,0.277851276086,0.227907852488,0.193184212908,0.173750558998,0.161479525014,0.152971841475,0.146680989769,0.141810481529,0.1379083665;0.107051411581,0.11278257552,0.12269504149,0.160008852686,0.201145510281,0.130318581097,0.10029220664,0.0850913920049,0.0837338490523,0.103378415931,0.127027670257,0.104140059631,0.0992144229338,0.0965808404507,0.0954491987559,0.0956350707456,0.0958161980406,0.0935814202081,0.075032368157,0.0983794980671,0.10313889677,0.106469262583,0.109635697191,0.113148552696,0.117134013039,0.121091192764,0.124442655148,0.127039318469,0.129108613416,0.131020688012,0.133135720932,0.135776294796,0.139267178663,0.143997075333,0.150485545539,0.159430907008,0.171657604834,0.188040445549,0.212132681385,0.274584107741,0.493985980395,0.240164921597,0.193114268892,