NR0B1_DAX1_OAC1=[0.0314736840265,0.031134469396,0.0306690327878,0.0300597573203,0.0292953200858,0.0283654460958,0.0272707135047,0.026102603859,0.0250011972159,0.0236740111494,0.0209074838271,0.0195908583237,0.0193612321685,0.0159961439574,0.0169665215819,0.0174447651166,0.016438023433,0.0168609982244,0.0186172132176,0.019528288924,0.0200975358763,0.0203332396796,0.0199055910497,0.0198574375537,0.0211985128823,0.0220908941524,0.0227600234167,0.0233582511742,0.0239211800611,0.0245072761292,0.0252249592793,0.0260029515307,0.0267106683055,0.0273080070403,0.027801195645,0.0282071960741,0.0285438061154,0.0288273716519,0.029071941623,0.0292886159142,0.0294852137195,0.0296665289798,0.0298350823298,0.0299920077811,0.0301377695175,0.0302726121764,0.030396789894,0.0305106552601,0.0306146732319;0.031960868683,0.0316409633454,0.0311602178148,0.0304890707869,0.0296172511125,0.0285217660405,0.0270755707647,0.0251736656897,0.0244721409839,0.0236798579676,0.022108593144,0.0207462810291,0.019834327081,0.0186499158337,0.017379818866,0.0168851109973,0.0162247697943,0.0184447137164,0.0192114539339,0.0192253719583,0.0200486558115,0.0208887167514,0.0213501865974,0.0217814108592,0.0222682292944,0.0228193068949,0.0236753385548,0.02449793079,0.025187357477,0.02580699335,0.0264086392953,0.0269909639017,0.0275217074285,0.0279792020662,0.0283603634455,0.0286731708639,0.0289306920265,0.0291478082151,0.0293386968934,0.0295144659624,0.0296817549683,0.0298430437752,0.0299981686533,0.0301459062328,0.0302849747183,0.0304144605764,0.0305339109853,0.0306432822295,0.0307428425407;0.0325335235087,0.03225786315,0.0317688587547,0.0309967298132,0.0299426308651,0.0287169707463,0.0269364125541,0.0230055245274,0.0239396086376,0.0237370886807,0.0222549310702,0.0199429254627,0.0189826798093,0.019382802086,0.0188919537288,0.0164056654537,0.017651906316,0.0191123109454,0.0191675270696,0.0183221195974,0.0198618769665,0.0209352808304,0.0219588142341,0.0227009912653,0.0226020726013,0.0214325199557,0.0242711444887,0.0255235297049,0.0263305469415,0.0269589579564,0.0274907026443,0.0279538125753,0.028352030938,0.0286833991296,0.0289496702463,0.0291584267003,0.0293227519828,0.0294598546171,0.0295875292708,0.0297187767643,0.0298583423067,0.0300040759916,0.0301509616293,0.0302941832749,0.0304302618195,0.030557091115,0.0306736454446,0.0307796660454,0.0308754001765;0.0331987326491,0.0330170113245,0.0325542280251,0.031603265252,0.0298108102497,0.0286258494632,0.0272414691211,0.020812222939,0.0238014900845,0.0236739741066,0.0220612173985,0.0179849656833,0.0156591921248,0.0193071899557,0.0194074416618,0.0141911347363,0.0192781687237,0.0195277601737,0.0169644923578,0.0202490526356,0.0198954977244,0.0180209568838,0.0221234115763,0.0235530210508,0.0237161830042,0.0232339634854,0.0253823109168,0.0266586094561,0.0274968760323,0.0281040291386,0.0285653328605,0.0289246731671,0.029203345266,0.0294114276476,0.0295557595823,0.0296453563361,0.0296958859754,0.0297323079298,0.0297840676464,0.0298707130914,0.0299919655761,0.0301345277963,0.0302842805581,0.0304315149188,0.0305706686282,0.0306989286705,0.0308151929104,0.0309194089223,0.031012135049;0.0339463280718,0.0339508872906,0.0336374750726,0.0326225318721,0.029830376323,0.0289530503554,0.029481789237,0.0274459050524,0.0248373958924,0.0232351248097,0.0222712813112,0.0192877097706,0.0164868271234,0.017975139353,0.0191940553559,0.0210728682868,0.0213401126935,0.0167259290696,0.0207022355946,0.0199990937643,0.0216566517268,0.0214433943685,0.0231536798263,0.0245625805131,0.0253847548038,0.0257921648464,0.0267806321359,0.0279426236489,0.0287707773259,0.029320906492,0.0296883745239,0.0299323688268,0.0300849391919,0.0301618206029,0.0301703592804,0.0301167907584,0.0300168911523,0.0299110638797,0.0298638346564,0.0299165493751,0.0300489189901,0.0302163181974,0.0303890487413,0.0305535977067,0.0307043935914,0.0308394295212,0.0309585698326,0.0310627116666,0.0311532490001;0.0347170395834,0.0350485760561,0.0351282257584,0.0344619895427,0.0299271178207,0.032142383511,0.0324496380946,0.0303555507393,0.0260207531515,0.0257710683851,0.0245259375507,0.022393080672,0.0220890100677,0.022057959602,0.0227949443989,0.0235932652902,0.0237758488481,0.0234585640558,0.0228786868795,0.0225101252027,0.0241181902904,0.0245244501468,0.0211650404202,0.0252980487216,0.0267248350463,0.0244895877001,0.0273890624222,0.029389321217,0.0302265971973,0.0306658435288,0.0308962390996,0.0309969820611,0.0310056149015,0.0309370996052,0.0307917545807,0.0305608129295,0.0302406382274,0.0298844298907,0.029675439649,0.029751672427,0.0299836337323,0.0302324867426,0.0304591033008,0.0306587601627,0.0308317888831,0.03097969982,0.031104968988,0.0312105615117,0.0312994414605;0.0353382744065,0.036186719063,0.0369746670796,0.0373602554858,0.0364998714815,0.0358762180702,0.0357581765718,0.0324964357863,0.0279569011636,0.0268350874403,0.0252550200005,0.0248122070643,0.0249008711136,0.0227707379075,0.0252682907804,0.0258339097473,0.0260695100021,0.0259777324422,0.0248772985943,0.0237955681146,0.0267432568001,0.0271854645366,0.0258145834657,0.0270421260128,0.0290538022736,0.0286960235009,0.0300157104821,0.0313956013744,0.0319660465283,0.0321794931272,0.0322083425254,0.032127613488,0.0319698933582,0.0317422166874,0.0314298318965,0.0309900552617,0.0303358023598,0.029379586523,0.0286973516953,0.0291671871115,0.0297628055026,0.0301787675113,0.0304945408778,0.0307495027008,0.0309564040964,0.0311231282076,0.0312570647891,0.0313648372123,0.0314519154915;0.0353095978983,0.0371054855497,0.0388470855409,0.0406834559634,0.0426028801196,0.0453881235193,0.0455719184035,0.038648845402,0.0311733684295,0.0300955500532,0.0304052146643,0.0295986282916,0.0282014712943,0.0268277254581,0.0271281823482,0.027747113416,0.0281699223762,0.0283625761859,0.028417909456,0.0288884484928,0.0299626775774,0.0305945412929,0.0297247304898,0.0307038336732,0.0327396699988,0.0333438041447,0.0336948734748,0.0339672418475,0.0340066624107,0.0338655333988,0.0336213722159,0.033319021439,0.0329746439943,0.0325816174858,0.0321078720954,0.0314736293407,0.0304553484195,0.0280960323995,0.0223411464609,0.0281390955365,0.0294644976581,0.0300663047507,0.0304991716919,0.0308333134497,0.0310861919723,0.0312759865739,0.0314191483123,0.0315282370392,0.0316122493607;0.0330304533445,0.0377048265041,0.0402283073501,0.0431594283611,0.0479413745016,0.0624621709268,0.0762991594004,0.0374840115026,0.0353928397044,0.0337035117432,0.0338397954736,0.0328635756519,0.0310209564272,0.0228500305655,0.0258801650662,0.0292870575073,0.0301077540861,0.0305075949451,0.0310556246137,0.0320945285102,0.0334822047987,0.0348207307233,0.0358489959346,0.0368228841535,0.0375734659804,0.0376759907632,0.0373486010604,0.0368459387593,0.0362735262617,0.0356834065072,0.0351054941692,0.034548845395,0.03400536931,0.0334518099871,0.0328448333672,0.0321002945972,0.0310227467748,0.0290656039158,0.0267988658798,0.028345353015,0.0291425189132,0.0298378957603,0.0304717297663,0.0309267964733,0.0312357424443,0.0314478014416,0.0315968381537,0.031703890763,0.031782077409;0.0358085863819,0.0383055045025,0.0406481271941,0.0431142537578,0.0440759728468,0.0717686413951,0.150987729212,0.062991596334,0.0455152373241,0.0369962620138,0.0352551367741,0.0357167289744,0.0340780841276,0.0317479497026,0.0304645752879,0.0314493428654,0.0319687091788,0.0320788251285,0.0324402454777,0.0347202684216,0.0372409090771,0.0397985577142,0.042115119009,0.0436031025938,0.0437973408224,0.0428726922815,0.04144340314,0.0399818077511,0.038676813655,0.0375594084928,0.036605489413,0.0357771037779,0.0350339264996,0.0343337037471,0.0336274823317,0.0328506734803,0.0319162366952,0.0307709090759,0.0296317806104,0.0284268729549,0.0274956100491,0.0292629687885,0.0304539865267,0.0310725272985,0.0314284602559,0.0316503056913,0.0317958800025,0.0318945191499,0.0319625658441;0.0368905924086,0.0384067531887,0.0396064441668,0.0417456821695,0.0462487824649,0.0604568234613,0.0699065115527,0.0613916085736,0.0505473379219,0.0397688372364,0.0379936339531,0.0384792472139,