RIF1__poly=[0.853746471484,0.855823548655,0.858063879655,0.860482327001,0.863091427631,0.865897749948,0.868897322946,0.872072375177,0.875400650731,0.878934964264,0.882969444771,0.887512785477,0.889375019451,0.886768721742,0.884336143675,0.883126194237,0.884525537076,0.892291071266,0.879904871873,0.877935684499,0.869740219099,0.848486364409,0.655622695852,0.779337976812,0.825025423606,0.85403677665,0.874024871116,0.891058883327,0.899172139281,0.917760286329,0.935194200681,0.918825867987,0.931881485582,0.945231688028,0.923249083615,0.924182689109,0.923181738582,0.909031250095,0.896164511632,0.888015845263,0.881638063381,0.876322411175,0.871759893899,0.867772368849,0.864241634148,0.861083196542,0.858233989364,0.855645579284,0.853279976558;0.853709312171,0.855914693781,0.858323571464,0.860965117318,0.863871010852,0.867071058308,0.870585712305,0.8744175505,0.87851438821,0.882777498626,0.88817000164,0.900558989989,0.917869371581,0.892624173882,0.885662196504,0.882085328212,0.881399185797,0.889999007541,0.864086155644,0.870304867997,0.878441229733,0.878055128167,0.834525928437,0.816962117511,0.829612054043,0.852002902899,0.87099501003,0.887583742717,0.89251224009,0.898202539237,0.900187579808,0.904211906192,0.918024884694,0.928091111372,0.920130654325,0.91803771774,0.912644812265,0.902822200284,0.893439872154,0.885847190134,0.879690510236,0.874536911,0.870111740979,0.866241835979,0.862811402858,0.859738536251,0.856962729163,0.854437813255,0.852127683274;0.853519121453,0.85584063707,0.858408428068,0.861271293585,0.864491865267,0.868145415009,0.872309318614,0.877076607398,0.882683378908,0.887960959656,0.891771521518,0.901259334715,0.924938881659,0.896237159867,0.887945751659,0.882098514018,0.877612420878,0.881078476489,0.638492367771,0.85951941272,0.872585118458,0.860521408723,0.845760778017,0.838364535732,0.810500369609,0.847295638558,0.8677550483,0.881610876507,0.884471657835,0.885227197194,0.878150172638,0.879999762185,0.912080340848,0.91344103465,0.928653035383,0.92371250254,0.914995140651,0.899024102618,0.889630636935,0.882627730677,0.876931144074,0.872120177277,0.867958860845,0.864297793397,0.861035904909,0.858101208664,0.855440274347,0.853012140377,0.850784597558;0.8531470984,0.855562475036,0.858264254199,0.861323875105,0.86484765324,0.868996470607,0.873986578917,0.879968768581,0.888076154491,0.916129487759,0.894659623637,0.898608503286,0.898622825952,0.899263660711,0.895465956897,0.88358405488,0.879163823635,0.879890268995,0.860041001629,0.871638085043,0.887742284515,0.860102510268,0.847475243367,0.831539898014,0.810262711822,0.843735171046,0.863590375128,0.878043526448,0.872808029961,0.871041812679,0.853360385519,0.82905068399,0.889189827755,0.899733869437,0.909732847472,0.910043847637,0.904981378625,0.892621287341,0.884541061066,0.878471086129,0.873453004628,0.869138484356,0.865350185811,0.861977440677,0.858943844253,0.85619355118,0.853684126475,0.851382367661,0.849261692191;0.852566438336,0.85504328022,0.85783666158,0.861035917758,0.864789913754,0.869381414066,0.875452451372,0.884367704447,0.890826332153,0.89538627236,0.8960547184,0.906699426152,0.895948022557,0.900715173809,0.892839546019,0.884789208435,0.881474634285,0.877582955513,0.872672435319,0.869567142,0.863845055789,0.85523416956,0.848305802963,0.849898641503,0.845987075852,0.847819781726,0.856317880055,0.86270848261,0.864842211679,0.864749776963,0.862413801187,0.866770273908,0.879015419311,0.887137040203,0.891526522979,0.891742197522,0.888795412545,0.883598076682,0.87828898631,0.873572345286,0.869411159423,0.865701597468,0.862363460509,0.859337207171,0.856577185789,0.85404738938,0.851718800193,0.849567623711,0.847574062871;0.8517551712,0.854254216572,0.857084013801,0.86033640751,0.864168412253,0.868897595953,0.87538336286,0.888241032386,0.893720111432,0.910899735454,0.896178794764,0.896729428672,0.894584689622,0.892640663434,0.889318712278,0.886504033112,0.896955320334,0.881363323574,0.875387305661,0.871135898989,0.858910204458,0.84926256875,0.844168178981,0.844868366088,0.845311255361,0.846913931335,0.852166666788,0.857656154536,0.859734583915,0.860271568307,0.861606639633,0.865452115732,0.872224679857,0.885240950458,0.883587636693,0.880282545275,0.878137394829,0.875166973201,0.871743218628,0.86829900932,0.865017326163,0.861948065233,0.859094722682,0.856446138734,0.853986955563,0.851701260176,0.849573913998,0.847591005768,0.845739948184;0.850697346246,0.853178800815,0.855990211419,0.859207519967,0.862950217831,0.867426819625,0.872997686705,0.879920323879,0.887475834458,0.894638296184,0.896752512089,0.91497048909,0.898644302096,0.898936231203,0.892664433076,0.890002635193,0.884700923876,0.875956783599,0.873610632967,0.863815099923,0.850590087803,0.839597486412,0.833251663713,0.833069155009,0.837288377361,0.84261678062,0.848766561926,0.868800370111,0.857332050343,0.85488406477,0.856171579375,0.859312913579,0.864281843604,0.871407886973,0.872462714742,0.870695811581,0.869381763283,0.867617622425,0.86541143624,0.862975517076,0.860478928586,0.858018651323,0.855643833303,0.853377291382,0.851227855091,0.849196896127,0.847281808854,0.845477916169,0.843779538456;0.849380499107,0.851810581828,0.854565030401,0.857693339084,0.861259057959,0.865355482553,0.870114042955,0.875759690831,0.883655062581,0.894903555051,0.894206063071,0.909691839416,0.947229647741,0.897651266932,0.892335039005,0.890269218003,0.880170232807,0.866061962918,0.862272383761,0.84940977372,0.836756012921,0.823882208919,0.80875060793,0.812340816529,0.827745503202,0.839923325167,0.843606126064,0.84838739164,0.848291606853,0.847303300317,0.848145669601,0.850723768614,0.8546611678,0.858692498288,0.861092433377,0.861799301662,0.861608923423,0.860775307076,0.859447714441,0.857791910193,0.855952248604,0.854032729451,0.852101171338,0.850199568011,0.848352982751,0.846575684633,0.844875102309,0.843254330533,0.841713723778;0.847788066335,0.850141561981,0.852827458205,0.85586736312,0.85926748491,0.8630364522,0.867201765682,0.871841068432,0.877075207329,0.882419897629,0.888958522786,0.909361830439,0.896018368422,0.899901906125,0.895108695149,0.880232229188,0.866290965933,0.852985725523,0.849735866803,0.834547304594,0.821037048266,0.805454702147,0.73842052266,0.776146416094,0.817642133847,0.854051404591,0.837192857867,0.83783226762,0.838330488165,0.837419703706,0.836753080549,0.839196080513,0.844255894773,0.848996462834,0.852229684411,0.853991675678,0.854663981148,0.854560190909,0.85389780056,0.852845878847,0.851539024963,0.850079274274,0.848540011948,0.846972069876,0.845409757989,0.843875729764,0.842384554292,0.840945230817,0.839562930204;0.84588620807,0.848140275787,0.850778203558,0.85379846382,0.857134290864,0.860712365457,0.864479395922,0.868369248478,0.872354929308,0.876553902434,0.881533081145,0.886834676222,0.886909116571,0.889004112645,0.896092920715,0.880092830334,0.855949550172,0.824477364556,0.822333579654,0.811141124695,0.799746100045,0.790176098647,0.780240925708,0.789162480365,0.808472391983,0.821604835856,0.82732612015,0.829650399924,0.829492381671,0.825182139979,0.815694108295,0.819819456286,0.832747453256,0.840437991242,0.844808842958,0.847282034883,0.848536451038,0.848954824516,0.848781002183,0.848186631859,0.847300077785,0.84621852607,0.845014586418,0.84374147393,0.842437508471,0.841129858343,0.839837484942,0.838573369539,0.83734615913;0.843604873263,0.845712174131,0.848357248741,0.851547370625,0.855043215588,0.858637536549,0.862323409296,0.865824114735,0.86890282811,0.872014509669,0.875518471993,0.879142540551,0.881826476206,0.882260223122,0.880980385183,0.884772780608,0.844584443128,0.727216529196,0.804221215072,0.762090526111,0.760638415892,0.75644171269,0.760631520791,0.781200826467,0.800521095979,0.812703963938,0.819720818986,0.823029406948,0.822624911266,0.814551921114,0.753744116217,0.787081486779,0.823731179897,0.833858664216,0.838838252536,0.841644972111,0.843206210222,0.843943206818,0.844098464518,0.843833853574,0.843267048184,0.842486960134,0.841561377143,0.840541713518,0.83946656994,0.838364599376,