SALL1_OAC1=[0.77937416321,0.778508527291,0.777427324697,0.776013683483,0.774116262204,0.771652829409,0.76864736516,0.764605123991,0.758503772338,0.753056354283,0.762115718323,0.754454082925,0.731182458626,0.753529362674,0.683526775493,0.700613391594,0.727768951402,0.753339492079,0.738951849437,0.72568746748,0.718059686748,0.711856447265,0.693944373684,0.686729082121,0.711528654902,0.722169206036,0.727746170611,0.731479069466,0.734429091163,0.736821440751,0.738032079687,0.738775839646,0.739987311529,0.741705450708,0.743698151647,0.745772783538,0.74780271263,0.749705466558,0.75142827535,0.752943113132,0.75424449463,0.755345146867,0.756269186291,0.757045174188,0.757701074799,0.758261548025,0.75874699778,0.759173628281,0.759553963367;0.781667124183,0.781112694412,0.780454122014,0.77954591501,0.778068211203,0.775826209209,0.773763301229,0.773721731692,0.761832986993,0.74884079411,0.740675529541,0.728485712549,0.716611347539,0.711832607613,0.67192501278,0.690931245914,0.662958804914,0.721473250639,0.717711321281,0.687325730414,0.691807170797,0.701900609577,0.703009230335,0.707458601531,0.718483200073,0.728003729606,0.731115695726,0.732725168967,0.734593694864,0.736487137587,0.738170383128,0.739740604418,0.741429857882,0.743321323874,0.745362817039,0.747458045223,0.749508428817,0.751424749663,0.75313574797,0.754599471765,0.755809360872,0.756788390489,0.757575245686,0.758211403062,0.758733710326,0.759171825999,0.759548290476,0.759879607893,0.760177546243;0.784190403958,0.784050360425,0.784080845004,0.784277334961,0.784029368701,0.78173066234,0.779413321606,0.792077377778,0.761171841333,0.742189013581,0.725634410021,0.702589575903,0.677565419478,0.697533824816,0.705741725515,0.73434852604,0.725988512193,0.723901709524,0.71962372453,0.646410993852,0.675634007368,0.690490734773,0.696406048864,0.707874235179,0.727325067417,0.75588269867,0.736779009013,0.734324964224,0.735258440651,0.736942224125,0.73879662556,0.740708472609,0.742705327148,0.74481474806,0.747019531921,0.749261660972,0.75145126211,0.753476599481,0.755229634301,0.756645680922,0.757726696123,0.758526258781,0.759115336841,0.759557882283,0.759902755901,0.760184466269,0.760426294768,0.760643359989,0.760845096123;0.786868390835,0.787160270161,0.788085927018,0.790401264566,0.795757890327,0.793009253276,0.784568258689,0.805569165044,0.720263948513,0.737673217395,0.7181369917,0.658157438907,0.565286434521,0.69768824626,0.709930542844,0.527650851053,0.712056297078,0.734570232714,0.76911767925,0.711063246719,0.69885466439,0.635304209119,0.676377380195,0.699261068316,0.721959566114,0.745404448573,0.736457431112,0.734833451661,0.7357805482,0.737510175634,0.739529208542,0.741679444794,0.743929317442,0.74628446967,0.748742123264,0.751264736664,0.753754907048,0.756040613825,0.757918015275,0.759267273812,0.760127075963,0.760634373963,0.760925578708,0.7610965722,0.761206723335,0.761291211758,0.761369964407,0.761453303531,0.761545668438;0.789635092005,0.790175916055,0.791781296237,0.796129837281,0.809126127643,0.805783846739,0.784345084762,0.761822046879,0.718794596821,0.760240291213,0.734649706943,0.645682373349,0.723541808806,0.753000468963,0.746901873945,0.711650054312,0.721410060602,0.788629430458,0.734665294057,0.735533487752,0.697144079027,0.659128067707,0.661740879022,0.682751884702,0.708429748109,0.727940444706,0.734269573097,0.734904605561,0.736114514562,0.738024022847,0.740255169504,0.742639792356,0.745139912103,0.747774214111,0.750575591138,0.753551829001,0.756614547869,0.759470134221,0.761635225723,0.762818481154,0.763216188889,0.763205954356,0.763037775465,0.762829339115,0.762633718497,0.762474831535,0.762361174043,0.762292592448,0.762264560294;0.79257067655,0.792910821536,0.794425567905,0.799303912614,0.824495389771,0.805589453498,0.789999843875,0.781762332824,0.791235197404,0.773661669892,0.755233656035,0.73049025464,0.727403821523,0.743393054826,0.738924181879,0.728685746009,0.725643710663,0.723393547222,0.708027391894,0.698507923563,0.689333681428,0.666383226984,0.554303424027,0.651465303335,0.700725989191,0.753586779197,0.74224637399,0.735502404581,0.736310678314,0.738457125993,0.740955353185,0.743589578101,0.74634334809,0.749278876742,0.75250521938,0.756157928186,0.760303104304,0.764543486217,0.767463986141,0.768025581277,0.767278103788,0.766319192998,0.765458541171,0.764736699988,0.764154895501,0.763705285049,0.763372684682,0.763138231882,0.762983084402;0.796208760884,0.795505751968,0.795830985354,0.798869739491,0.807625919882,0.810301109002,0.799830755521,0.797869667758,0.806526845894,0.795735875886,0.788018376696,0.771134638778,0.756223725769,0.770586497229,0.740535954806,0.73176787379,0.725930301891,0.715814532076,0.676506153147,0.631668167094,0.683299369089,0.668450216529,0.616275172753,0.636774051643,0.693796194991,0.730469349134,0.735678979823,0.734209154004,0.736133871276,0.738819350949,0.741654513914,0.744540807012,0.74752794989,0.750744122027,0.754409935018,0.758913998474,0.764956418799,0.773215868448,0.779252093236,0.776364260774,0.772484782907,0.769950424517,0.768145972559,0.766767915987,0.76571795721,0.764936009699,0.764366629801,0.763960862112,0.763678944948;0.802702837171,0.798405370602,0.796325476831,0.797055706433,0.801727076102,0.801532386738,0.788669522344,0.777316626233,0.798605505504,0.79220534952,0.774065757739,0.763488964333,0.758193318236,0.752393350216,0.734819281064,0.729307333446,0.726857840896,0.720032225559,0.706119014641,0.69593528566,0.694511528501,0.682016634563,0.642036333204,0.651696010027,0.695097451113,0.716347941917,0.726956318073,0.732124598286,0.735883087793,0.73924557811,0.742418458106,0.745517419047,0.748676112562,0.752083791865,0.756054506999,0.761224295002,0.76929355452,0.787489170092,0.831277268822,0.787816825981,0.778158903166,0.773961417833,0.771032476542,0.768837260182,0.767239870715,0.766100660311,0.765294344914,0.764725863417,0.764327588481;0.820057739069,0.801017191952,0.795763999449,0.7937551268,0.799736090085,0.799154752643,0.781569614627,0.591561829197,0.738364168803,0.777450524512,0.764054369503,0.761356115757,0.757565312072,0.794236486882,0.662296648898,0.720670188555,0.728970111012,0.727896751336,0.72282147531,0.715855885826,0.708998333279,0.700538345865,0.691720092628,0.69357231459,0.705644777432,0.717220261437,0.725703603403,0.731647861324,0.736156073679,0.739933606931,0.743329149347,0.746551663159,0.749781774518,0.753233903673,0.75723316477,0.762390044312,0.770133985971,0.784498041876,0.801236709203,0.789743706281,0.783844680319,0.778729395395,0.77409230598,0.770796011912,0.76859240612,0.767111706618,0.76609931523,0.76539671744,0.76490488166;0.808520696054,0.801514537751,0.794710614101,0.78038821627,0.800948520922,0.803282262965,0.802502005901,0.761378243756,0.755984154803,0.74368418801,0.741297061672,0.762027330862,0.758033303743,0.744366535672,0.712998143313,0.726868283259,0.734028506395,0.738072171921,0.740104942619,0.729475000142,0.720558248349,0.713726545968,0.709182750861,0.709176965863,0.713836937878,0.720500770001,0.726983153302,0.732499919072,0.737078564877,0.740977069861,0.74444212662,0.747676303053,0.750863756754,0.754206017887,0.757968317608,0.762546602065,0.768516567775,0.776223263466,0.784050395507,0.792485820481,0.799020893891,0.785882273956,0.776987410396,0.772313000748,0.769588899793,0.767869447392,0.76672659374,0.765941480194,0.765391140106;0.805298705833,0.803872594454,0.802163807332,0.777844376302,0.755237319667,0.797160734865,0.794771006964,0.784518624769,0.749148296895,0.795623920993,0.785461228351,0.772958613808,0.763209412229,0.752852464583,0.742590677102,0.738317268162,0.7386493235,0.746876066688,0.79904825739,0.738749440139,0.727922721769,0.720866257321,0.71565946653,0.7139401332,0.716863832386,0.722548862108,0.728589370623,0.7339510417,0.738491254155,0.742365250023,0.745778461672,0.748920261999,0.75196280258,0.755078407771,0.75846089478,0.762341329454,0.766974928151,0.772621626079,0.780280837715,0.798462907219,0.859907040512,0.790311192504,0.777989821429,0.772852069751,0.770039675789,0.768296709479,