SETD1A__poly=[0.859308014734,0.86078231238,0.86238184768,0.864116792143,0.866002342644,0.868066216178,0.870361231619,0.872978689689,0.876051229528,0.879774386505,0.884489888546,0.890174798072,0.893800969211,0.894078760339,0.895797132198,0.899709750853,0.906348106126,0.917571709623,0.912216202373,0.913880201477,0.914720687421,0.918244075139,0.934515351659,0.924950185521,0.926393092415,0.921803129347,0.924905869267,0.931450588623,0.93493125592,0.946462514068,0.957675611816,0.946421931944,0.953979180141,0.961897106435,0.945101498469,0.944504916863,0.942742623593,0.931230842804,0.920623240911,0.913614459448,0.907998589544,0.903236440962,0.89908867532,0.895415766753,0.892124653441,0.889148615491,0.886437687225,0.883953307593,0.881665021075;0.858112083278,0.859573753351,0.861166806613,0.862897628786,0.864774762128,0.866818853613,0.869088369928,0.871728582904,0.874977116314,0.879061840719,0.885025752883,0.898540133056,0.91718336803,0.894281742252,0.892512668439,0.896269270046,0.903753712612,0.91914269382,0.907162127979,0.906230983708,0.913705997855,0.925505333462,0.916453034939,0.920934694701,0.922613940352,0.921395357894,0.924319114849,0.93046797752,0.932198848269,0.936209451468,0.938807439775,0.941223188997,0.947497028124,0.951636249595,0.944167784782,0.941024836964,0.935755677289,0.927315241986,0.919226387396,0.912528838558,0.906977520311,0.902247879643,0.898127748542,0.894480355844,0.891212748158,0.88825838279,0.885567620476,0.883102240798,0.880832075447;0.856744887611,0.858183021042,0.859761310285,0.861480679721,0.863336627143,0.865324599486,0.867467507674,0.869959236888,0.873585862278,0.878102951571,0.882558884688,0.893314351204,0.918448826691,0.887587753495,0.886049902843,0.891713727328,0.899313675257,0.917487777045,0.926204531621,0.881533924207,0.882302139076,0.902148684231,0.909259940897,0.920893746185,0.924190787736,0.919439511214,0.921954365036,0.926761888192,0.927970472363,0.930990273221,0.934776928321,0.939552442904,0.947846988363,0.943592070097,0.950990381765,0.945768198314,0.938066776794,0.92504224327,0.916850053626,0.910506334297,0.905221633663,0.900680316346,0.896699171339,0.893158688881,0.889976016932,0.887090967137,0.884458137517,0.88204223654,0.879815165592;0.855183926222,0.856586133159,0.85814428431,0.859855628341,0.861702488692,0.863647790581,0.86561498566,0.867433236308,0.870771969526,0.900372190661,0.876810779566,0.8832138445,0.87771086132,0.857454376294,0.875221375395,0.886743721784,0.896574443754,0.908540146991,0.899879143134,0.875966361641,0.885185148209,0.895564598367,0.90261658426,0.909067903985,0.914094930442,0.91270631914,0.916715767907,0.923075485961,0.92005094773,0.923145751216,0.929927767001,0.938923662943,0.93650485743,0.93537640703,0.938426192073,0.936421032647,0.931123401211,0.92064476286,0.913348162545,0.907633436604,0.90279850373,0.898578848647,0.89483403583,0.891472963933,0.888430664212,0.885658378607,0.883118254463,0.880780149189,0.878619571579;0.853397943387,0.854746589395,0.856278958032,0.85799519214,0.859874322095,0.86188088872,0.864046654483,0.866476257101,0.858994343735,0.843599575217,0.86342336317,0.887579625241,0.869277667846,0.815758943628,0.861906931223,0.884982579384,0.895073498526,0.899600601364,0.898500327174,0.893394181586,0.890772777902,0.893757873437,0.897866480155,0.905766097901,0.906203136233,0.90471489655,0.907116776999,0.91020411711,0.912515835026,0.915637123427,0.919851394722,0.92421196599,0.925797539839,0.926023857981,0.925677766541,0.923460513714,0.919485711221,0.914119883059,0.908811904283,0.904058812554,0.899825085509,0.896024580307,0.89258817695,0.889462434463,0.886604966206,0.883981434993,0.881563590404,0.87932789588,0.877254527754;0.85134337102,0.852608021836,0.85410013528,0.855833419688,0.857793066547,0.859945452462,0.86243142708,0.868616757634,0.85312678091,0.707056338848,0.853374514661,0.875978943367,0.876710142636,0.873718040237,0.879271974706,0.88934360323,0.908057640666,0.900805030974,0.90016741715,0.899646177362,0.893848276627,0.89176808877,0.892764230498,0.895627774406,0.895695032134,0.895171096811,0.898000010844,0.902498818038,0.905649434865,0.908351039584,0.911434799942,0.914359373541,0.916894817656,0.922934560435,0.919433329577,0.91500302254,0.911621647436,0.907847571473,0.903898335774,0.900063701528,0.896463405034,0.893122637839,0.890033445954,0.887177881563,0.884535782127,0.882087497737,0.879814852402,0.877701416299,0.875732493781;0.848961419859,0.850086101386,0.851499796827,0.85324717214,0.85533216054,0.857696449725,0.86018019202,0.862047188863,0.861022066041,0.861314064496,0.87252181016,0.902504762971,0.888270007723,0.892030680807,0.890833701017,0.895325031663,0.897663525782,0.896640539288,0.900046055214,0.896888097926,0.891451916874,0.88816877201,0.886971163087,0.885456286278,0.882537895272,0.881299496607,0.886982606724,0.905395921015,0.90055101056,0.901581658036,0.904231394049,0.906743918773,0.909102380959,0.91216541688,0.910908337081,0.907710902188,0.904966990832,0.902066322649,0.898998694895,0.895898624424,0.892873544271,0.889981201504,0.887246069057,0.884674609641,0.882264157929,0.88000761685,0.877895924323,0.87591935948,0.874068232358;0.846177369691,0.847059764387,0.848307381177,0.850028346591,0.852278654173,0.855018549774,0.858124573881,0.861625978949,0.867531251865,0.879247725293,0.880642404453,0.901131908355,0.943762528669,0.893765688981,0.892155531668,0.895825336252,0.894056497961,0.88997514594,0.893686121546,0.889573154004,0.885850084103,0.883627623181,0.882450069463,0.877522781529,0.865057197825,0.84733518292,0.867766647732,0.885197398765,0.891706209612,0.895059524101,0.898016719048,0.900319367378,0.901949578304,0.902831859054,0.902409759421,0.900895597897,0.898922139025,0.896674762146,0.894239574306,0.891712158129,0.889176807272,0.886692753221,0.884295983713,0.882005863163,0.879831058058,0.877773671675,0.875831901951,0.874001704195,0.872277822491;0.842905657447,0.843362815382,0.84425683018,0.845824116914,0.848244962297,0.851516972516,0.855466802182,0.860010401165,0.865441962155,0.871718104024,0.88015538368,0.903561434109,0.890696784543,0.895639199559,0.891785417089,0.881614788225,0.881004425405,0.883042040829,0.888947097122,0.884240537707,0.880587971979,0.87851373705,0.884866748967,0.873859438744,0.851473995733,0.730103799147,0.851912214931,0.875087989414,0.884288840779,0.889599758172,0.893275002949,0.895438752323,0.896317482587,0.896442813339,0.895942387998,0.894872294399,0.893388203471,0.891619735479,0.889657795335,0.887579700321,0.885451993203,0.883326688273,0.881240722559,0.87921830969,0.877274103331,0.875416016675,0.873647383453,0.87196850653,0.870377733002;0.839069754804,0.838784504483,0.83892983168,0.840002592301,0.84252739125,0.846593545638,0.851687029527,0.857175821151,0.862775209509,0.868577398706,0.875075914107,0.88143046276,0.881260591448,0.881122525204,0.882113924841,0.85519341995,0.869069953553,0.8771608652,0.878875300222,0.878447341097,0.87564047116,0.87128078522,0.867662265463,0.863602152836,0.856887155842,0.851491297632,0.860967689057,0.872289479025,0.88008081098,0.886203345851,0.891790766303,0.893572283136,0.892350069872,0.891372709099,0.890527836092,0.889531856991,0.888305745858,0.886866405874,0.885259293424,0.883535993429,0.881745727295,0.879930662577,0.878123973155,0.876350027939,0.874625688038,0.872961906254,0.871365208516,0.869838909457,0.868384050232;0.834655118682,0.833115814935,0.831678894169,0.831279834309,0.833598093787,0.839277212004,0.846662774103,0.853842751966,0.860020257279,0.865544260941,0.870655012075,0.874767991266,0.876039888141,0.87087253321,0.851314650754,0.768227734517,0.855040596664,0.885670895974,0.875154940387,0.879493039027,0.87398937431,0.863230273794,0.847192185233,0.850579351142,0.856931845028,0.860443223382,0.865375088448,0.871425515214,0.877363942765,0.884117257263,0.900611721313,0.898910985904,0.889320466634,0.886865267539,0.885653008643,0.884646514434,0.883573501773,0.882367691481,0.881031812989,0.879592491444,0.878082899206,0.87653515409,0.87497694677,0.873430430947,0.871912345924,0.870434711653,