Sox1_OAC1=[0.00922573342289,0.0090911356222,0.00895577679266,0.00882386623433,0.00870070617909,0.00858982574275,0.0084945739947,0.00844329643594,0.00848152046819,0.00850761602135,0.00803795865594,0.00813546009639,0.00876515032717,0.0079627347634,0.00935363458497,0.0106964002792,0.011192769102,0.0126033304889,0.0148954701539,0.0161002289974,0.0163747107132,0.0158270080329,0.014509322008,0.0134516374809,0.0133514116335,0.0129963570946,0.0125877204209,0.0122274842259,0.0119300500679,0.0117141717926,0.0116173331766,0.0115922536684,0.0115727405206,0.0115382672772,0.0114892892579,0.0114305168926,0.0113667386314,0.0113020590168,0.0112397075765,0.0111818880632,0.0111297238036,0.0110834002936,0.011042466055,0.0110061575933,0.0109736439032,0.0109441652501,0.0109170903986,0.0108919257591,0.0108683013542;0.00908443582892,0.00891624966898,0.00873985847626,0.00855942085219,0.00838388173688,0.00821576034739,0.00802114376862,0.00775965617922,0.00794422606172,0.00819412903927,0.00825328615857,0.00845493937627,0.00893106233117,0.00939284650191,0.00991104699497,0.0110226393384,0.0121970446622,0.0158556289305,0.0182902498611,0.019059932278,0.0192690869884,0.0184996448536,0.0170621713025,0.0156933423871,0.0145848304793,0.0137389689337,0.0132519503649,0.0128801325015,0.0125514966005,0.0122834623473,0.0120845247043,0.0119392712615,0.0118222314551,0.011716243339,0.011614188582,0.0115146259043,0.0114188000637,0.011329108387,0.0112480254014,0.0111771731413,0.0111168098875,0.0110659696394,0.0110230245909,0.0109862382747,0.0109540850316,0.0109253571036,0.0108991568817,0.0108748459533,0.0108519858178;0.00894268258824,0.00873610872973,0.00850810997433,0.00825696940997,0.00799979153693,0.00777933218183,0.00749612904833,0.00667241968871,0.0073441884495,0.00781486422972,0.00797425766306,0.0078867330976,0.00840745572086,0.00977107960742,0.0110428447653,0.0113579145996,0.0147926313597,0.0196168902861,0.0234048722308,0.0238615704912,0.0239054260796,0.0215971919069,0.0192725683184,0.0172616923071,0.0152287681393,0.0130606033119,0.0136095100955,0.0133569114857,0.0130091069748,0.0126934571108,0.0124294335035,0.0122116523528,0.0120272472007,0.0118643321679,0.0117152201444,0.0115764277355,0.011447888661,0.0113319696218,0.0112318352721,0.0111492946595,0.0110835172834,0.0110315855115,0.0109899711699,0.010955587851,0.0109261151899,0.0108999349902,0.0108759689614,0.0108535263801,0.0108321832088;0.0088058816817,0.00855950346232,0.00827237117616,0.0079158417616,0.00742768633447,0.00718865590459,0.00701000814258,0.00558986803523,0.00679599723404,0.00730987064912,0.00748377004374,0.00680674801048,0.00672144768489,0.0095814305299,0.011411291056,0.0102199469159,0.0178135401145,0.0246253461014,0.0303289547066,0.0419382201863,0.0325414417083,0.0217556820635,0.0209301436229,0.018488472631,0.0161114186551,0.0140877596528,0.0140574530667,0.0137254865115,0.0133418159611,0.0129887181634,0.0126804117963,0.012414351549,0.0121821757334,0.0119747037871,0.0117845992847,0.0116077462416,0.0114442621686,0.0112988793094,0.0111786469605,0.0110873480253,0.011021938887,0.0109752453796,0.0109404138669,0.010912652856,0.0108889762951,0.0108675911357,0.010847457732,0.010828011821,0.0108089816372;0.00867877354024,0.00839816651151,0.00805959387569,0.00760450241033,0.0068291848256,0.00661411983742,0.00686988728369,0.00668784121822,0.00647912910273,0.00661852385826,0.00704363435275,0.00687785790157,0.00673841936138,0.00859082136295,0.0110226101773,0.0151425418437,0.0205111836388,0.0244047546148,0.0625301620293,0.129833731758,0.0480749162001,0.0282863465681,0.0223345407739,0.0191107129199,0.0168709953221,0.0152085856859,0.0143921276517,0.0139593461036,0.013561028162,0.0131872652151,0.0128510851101,0.0125530567496,0.0122870626585,0.0120448293753,0.0118184178418,0.0116022280313,0.0113962549934,0.011210939142,0.0110661142555,0.0109730852122,0.0109210529928,0.0108914080017,0.0108718661672,0.0108564987641,0.0108425032332,0.0108285148221,0.0108139422608,0.0107986357547,0.010782677211;0.0085601525905,0.00825930250196,0.00789439780638,0.00739378006391,0.00617783427988,0.00650608660765,0.00664649078625,0.00652842444708,0.00606362864976,0.00665107558871,0.00711876623375,0.00740600604233,0.00844068167505,0.0099101783812,0.0123386772002,0.015964692378,0.0213614149498,0.0311820557979,0.055161670305,0.0809029394586,0.0463317180907,0.0297321089953,0.0190457634973,0.0184758754748,0.0167442684214,0.0136711793614,0.0139987282614,0.0140304161485,0.0136794852264,0.0133018019122,0.0129508251794,0.0126334764361,0.0123449004614,0.0120763521261,0.0118174601022,0.011557458937,0.0112897461294,0.0110301564594,0.0108422083626,0.0107714201593,0.0107665918751,0.0107755404583,0.0107832471103,0.0107873582753,0.0107874479401,0.010783586279,0.0107762367558,0.0107660718739,0.0107537933186;0.00843120044821,0.00813677302427,0.0077762750033,0.00730411909569,0.0066359489119,0.00618145422265,0.00613808841881,0.00592970911585,0.0056678775589,0.00616378724104,0.00663303947783,0.00750726794276,0.00875526875787,0.00941348811412,0.0124871380115,0.0156287019779,0.0199540439421,0.0261175031743,0.0328125830444,0.0347498683965,0.033039137825,0.0261580423831,0.0199461243882,0.0175711221804,0.0165249673405,0.0147506090781,0.0142909549258,0.0141023009244,0.0137296652831,0.0133451210833,0.0129877455374,0.0126615988317,0.0123606744438,0.0120746331941,0.0117890166003,0.0114820487168,0.0111181260558,0.0106637808777,0.0103258601627,0.0104127382137,0.0105498976344,0.0106281678451,0.0106759810355,0.0107071027291,0.0107257886215,0.0107345549598,0.0107357264815,0.0107313496987,0.0107230685744;0.0082086912905,0.00801463591549,0.00768078452939,0.00722564749264,0.00665414710171,0.00621481118156,0.00596421499134,0.00563555087661,0.00535421864957,0.00606831143662,0.0071542107474,0.00811597088158,0.00902603899679,0.0100616122367,0.0119983913232,0.0145944593076,0.0177520094204,0.021332768641,0.0245505908422,0.0260868855034,0.0252201446144,0.0224500330713,0.0188012107985,0.0170301705411,0.0163456756858,0.0153729611814,0.0146505579173,0.0141470123153,0.0137150844763,0.0133236415951,0.012968301676,0.0126434403932,0.0123404612713,0.0120475217931,0.0117469157729,0.0114060988766,0.0109430200809,0.0100171861008,0.00790917408884,0.00989744113256,0.0103022625298,0.0104554942315,0.0105529481942,0.0106194104302,0.0106610599548,0.0106841859502,0.0106943742678,0.0106958042905,0.010691396397;0.00756667045248,0.0079286736331,0.00759681657109,0.00707856656425,0.00643233328506,0.00606415097621,0.00566283542181,0.00406473288934,0.00510647878307,0.0059430896004,0.00710461749005,0.0081357379115,0.00900216747819,0.0077373430877,0.0101863480721,0.0133394675164,0.0157322746074,0.0179323876517,0.0197472549183,0.0207915757015,0.0207114166189,0.0196493799146,0.0181655670858,0.0169074888694,0.0159830565696,0.0152040618355,0.0145643735497,0.0140500517644,0.0136180721646,0.0132390332107,0.0128979619361,0.0125848927394,0.0122902389132,0.0120023447105,0.0117041919869,0.0113654184954,0.0109174879379,0.0101705813191,0.00932738218024,0.00981635451845,0.0100453070301,0.0102402138038,0.0104153374714,0.0105310276309,0.0105989955174,0.0106363097374,0.0106545769387,0.0106609180222,0.0106597007653;0.008205830677,0.00799764432569,0.00753772116036,0.0068284682261,0.0055420487984,0.00584477065331,0.00546761177992,0.00575649634168,0.00569939255296,0.00572554055116,0.00660541150323,0.00799927376957,0.00899833462418,0.00974880978397,0.0107364225771,0.0125436891223,0.0141765437106,0.0154182057133,0.0162975916377,0.0174169413,0.0177963451287,0.017486199193,0.0168087809601,0.0160567218933,0.0153745752788,0.0147811271908,0.0142691453222,0.0138279069067,0.0134420282355,0.013097343625,0.0127834017983,0.0124919534319,0.0122149700633,0.0119429702892,0.0116630573512,0.011356022963,0.0109943430318,0.010561834589,0.0101345107996,0.00968839728375,0.00933930286915,0.00990741707763,0.0102789198929,0.0104572055913,0.0105480954443,0.010595385149,0.0106187206861,0.0106280171922,0.010628748292;0.00860594383933,0.00814717804432,0.00745009415496,