SOX13__poly=[0.693284147176,0.695988214077,0.698811770339,0.701757715421,0.704825446609,0.708010066316,0.711305006123,0.714709654936,0.718254300095,0.722175460411,0.727436083657,0.735378018613,0.742193852313,0.745401063376,0.752101368766,0.762019346804,0.776678764234,0.801479327302,0.786564871356,0.786817855159,0.768773043799,0.764732666912,0.83266973853,0.810300034673,0.808534944499,0.80343640874,0.818231128145,0.836107738895,0.844083690875,0.870239955372,0.89537967564,0.863603283703,0.87783050925,0.893434117146,0.840138471545,0.837829564318,0.837077759588,0.811562450818,0.789827384137,0.777306414663,0.767541838312,0.759179092187,0.751754562745,0.745051105077,0.738940215401,0.73333326437,0.728163439564,0.723377766326,0.718932946176;0.692114838606,0.694835646381,0.697682770261,0.700661011072,0.703769006097,0.706993454673,0.710307781595,0.713681423805,0.716992619686,0.71984951933,0.723709171837,0.741880995291,0.783366221111,0.73932112572,0.742722596502,0.752866471796,0.768262082049,0.79986692863,0.765198351042,0.771304866781,0.771551147513,0.782759617927,0.785178432714,0.80160123199,0.806814211671,0.805950592912,0.815586509717,0.831416357788,0.834768082229,0.842176833937,0.844583409441,0.844376940286,0.851200686041,0.845560322064,0.799643818841,0.79417930966,0.793997572008,0.786917265971,0.77751491329,0.768747045637,0.760845550784,0.753631873025,0.746993719898,0.740860719424,0.735180178786,0.729907890434,0.725005071253,0.720437277111,0.716173868408;0.690831735175,0.693568038812,0.696443372539,0.699472166023,0.702666284607,0.706023064935,0.709508288743,0.713153506159,0.71752425313,0.719729779688,0.714551065275,0.706615208864,0.676669503448,0.722939427302,0.72879341801,0.742929487109,0.757098126164,0.788495741808,0.561596793792,0.751066418101,0.746531948646,0.757451896232,0.772658540676,0.801341525557,0.810394218248,0.80088783161,0.809072954582,0.821214277233,0.822765222748,0.827001752376,0.831300185138,0.835705309686,0.845752030022,0.797155379693,0.719657266147,0.700225716771,0.763891720248,0.767429317249,0.764532661798,0.759304556656,0.753387310498,0.747423263533,0.741647605058,0.736147451363,0.730950973109,0.726060418793,0.721466029097,0.717152582879,0.713102700692;0.689431170455,0.692177248413,0.695078600116,0.69816915906,0.701500190782,0.705143589325,0.709139221637,0.71320888073,0.719872620279,0.778381671953,0.700780387081,0.682595459318,0.699220549458,0.701923239496,0.68936574313,0.734534539986,0.753539601368,0.776154825473,0.755338000634,0.761063398949,0.727255980067,0.745635099389,0.756525911771,0.764052600791,0.778001047227,0.782151393309,0.796158030222,0.812240952253,0.802845008545,0.80629843068,0.817189483761,0.832203183253,0.811438643068,0.784376321026,0.762227560488,0.712949911903,0.741900268097,0.753211056476,0.753258692422,0.750141561176,0.745737999369,0.740869542123,0.735911844109,0.731042083332,0.726344623445,0.721857883301,0.717596388926,0.713561844803,0.709749019897;0.687910976816,0.690653716607,0.693563584314,0.696698148942,0.70016847713,0.704226465255,0.709610213578,0.718024063843,0.711946618948,0.691595676707,0.68534776915,0.620616993689,0.702469803907,0.725332723157,0.715405380169,0.735295920242,0.752298965294,0.761672659636,0.762989613396,0.759709129779,0.749793908875,0.745185636042,0.741440406253,0.708987765736,0.728462305701,0.761487040259,0.775097125358,0.782958648024,0.785498096425,0.787788627529,0.79077903797,0.791436633893,0.779631252157,0.758728622086,0.745696024456,0.739183018249,0.740767908416,0.744023884451,0.743981461445,0.741700613076,0.738237811613,0.734206760852,0.729951335699,0.725663151822,0.721448738933,0.717366519814,0.713447150522,0.709704935652,0.706144419487;0.686275379668,0.688994735629,0.691876921445,0.694992995065,0.698489128383,0.702712616984,0.708874505729,0.726267290281,0.711965101401,0.581924658374,0.696458105024,0.712676460647,0.719521825959,0.725017754911,0.728973731806,0.739443253945,0.780096699239,0.764315123501,0.765845365077,0.766671588791,0.751506416657,0.740969708116,0.733561538685,0.719726337573,0.728119396151,0.74892468464,0.761242055228,0.769663443692,0.771788432973,0.771270564958,0.770085137507,0.765401196885,0.750702133585,0.692334352517,0.712397882372,0.73246410657,0.735844921583,0.73668325034,0.735936076247,0.733892798694,0.730980037333,0.727557760901,0.723877364417,0.720102795225,0.716337656381,0.712645993428,0.709066320301,0.705620695005,0.702320539609;0.684541309536,0.687216735346,0.690024544581,0.693029388524,0.696366565799,0.700292222285,0.705213028622,0.71087388855,0.714227157906,0.7182543649,0.726530644535,0.778730864307,0.739122789389,0.743191075868,0.734168396392,0.735118122922,0.741594046497,0.750903451801,0.764807017094,0.759090978893,0.745034148907,0.73337922536,0.726463192486,0.725066734122,0.731670315722,0.742305537785,0.752810639496,0.784635776008,0.763972263329,0.756988185753,0.753678637233,0.748261211005,0.73640720018,0.71085244373,0.713630590263,0.725870225916,0.729109535504,0.729423138997,0.728399478853,0.726480590005,0.723929234666,0.720962512678,0.717752086864,0.714424590768,0.711069127603,0.707746364246,0.70449643108,0.701344974534,0.698307545259;0.682744027513,0.685367737693,0.688062346338,0.690863298303,0.693877653348,0.697318297502,0.701509642328,0.707082974472,0.718039152423,0.739558933212,0.734875081098,0.771396771683,0.863131959203,0.72288518382,0.713986855202,0.695422138499,0.691375994,0.734473598876,0.751858875195,0.743743857091,0.733036069684,0.721371395291,0.707333303984,0.710252739647,0.725761250174,0.740739737237,0.743988917649,0.749613969456,0.747276724277,0.742861864359,0.739532096368,0.735373508264,0.729336993866,0.722639015207,0.720426488602,0.721775378773,0.722588616538,0.722268474432,0.721096541462,0.719294335812,0.717023505813,0.71442149006,0.711605254611,0.708669144337,0.705685497294,0.702707626078,0.699773560071,0.696909576178,0.694133148229;0.680939389027,0.68353773425,0.686116324055,0.688642602493,0.691166575796,0.693912124919,0.697333184373,0.702125968815,0.709090187831,0.717376909549,0.729056673673,0.773633338478,0.724688147765,0.649862019398,0.663207305433,0.706376477622,0.716808449215,0.731257225988,0.747070622495,0.735732521129,0.724456549396,0.709726223588,0.648580936378,0.67984812723,0.716997106451,0.765985690373,0.733947754049,0.73180948305,0.730856739457,0.728682658164,0.726023631633,0.723196398976,0.720438478216,0.718051846469,0.716684299429,0.716248852978,0.71590100651,0.715150233032,0.713911553804,0.712238157985,0.710213316905,0.707923587573,0.705449683939,0.702861660159,0.700217003639,0.697560866792,0.69492747361,0.692341949281,0.689822136254;0.679198264913,0.681864843292,0.684416368133,0.686670960223,0.688494943834,0.690065182175,0.692071068653,0.695503193831,0.700844312036,0.707602984957,0.715627395061,0.721847124855,0.70834501805,0.683745503672,0.711537729595,0.730944280319,0.737639813608,0.736222452295,0.732803247097,0.728511161335,0.720173857801,0.707091094329,0.69116285514,0.692361224865,0.705577186317,0.71545244403,0.717972973745,0.71799758187,0.717091608422,0.714871585111,0.712266968044,0.709463291709,0.709162874522,0.709636618138,0.709621184029,0.709335243139,0.708809376747,0.707965627832,0.70677382747,0.70525745702,0.703466084447,0.70145791357,0.699290924048,0.69701813917,0.69468528127,0.692330044568,0.689982392679,0.687665398794,0.685396291937;0.677583714678,0.680520980963,0.683346009412,0.685609440339,0.686573642214,0.685986891129,0.685006802712,0.686274708958,0.691530642742,0.69855798145,0.70477263782,0.707726469086,0.703476178896,0.695408686949,0.705405612994,0.746501063165,0.739237460274,0.764905672267,0.73108475398,0.735944344827,0.72414348263,0.707766388189,0.686246312205,0.686431129602,0.694993733082,0.701260138056,0.704594369021,0.705639719105,0.704698922495,0.700858963969,0.699350683557,0.681874922444,0.695598052654,0.700208572071,0.701596710601,0.701814171154,0.701460167537,0.700719084373,0.699659309446,0.698326000744,0.696763461388,0.695017245169,0.693132040146,0.691149392401,0.689106150301,0.687033718091,