SOX13_OAC1=[0.555808517185,0.557492629183,0.559159409367,0.560803752626,0.562414602836,0.563709065663,0.563976984688,0.563868029347,0.566348206025,0.566880317453,0.536971783308,0.552165777436,0.620689131169,0.693250082055,0.674253216909,0.662039604427,0.681056177125,0.675939806473,0.645717755447,0.631507265354,0.623575275049,0.620010681684,0.624370786079,0.628546614673,0.625810141896,0.630551236013,0.634204450549,0.635808158663,0.635880499116,0.634080081777,0.629137885937,0.622363762359,0.615806606223,0.610134794805,0.60534143397,0.60126736372,0.59773882875,0.594596182108,0.591703848129,0.588958924723,0.586296159013,0.583685204178,0.581121151732,0.57861319316,0.57617554683,0.573821955574,0.571563125599,0.56940599598,0.567353955896;0.554248705454,0.555855448446,0.557304078334,0.558568183297,0.559914747916,0.56126067392,0.559078079358,0.546017750441,0.555366309016,0.564828780223,0.562186007668,0.571654796237,0.599893945761,0.631765286162,0.659626793528,0.669961422541,0.684623951853,0.642852250277,0.629364704741,0.63428383132,0.624154091592,0.614211395799,0.613634526442,0.616517792603,0.621678259182,0.626331979076,0.624863346219,0.622612548165,0.621048903394,0.619151916678,0.616224199958,0.612435607327,0.608413752674,0.604616993729,0.601222315782,0.598234969739,0.595573329693,0.593115243839,0.590734108361,0.588333206594,0.585866896778,0.583338212821,0.58077960774,0.578232488316,0.575734520567,0.573314628899,0.570992417364,0.56877943092,0.56668093305;0.552561617881,0.554160489444,0.55531180486,0.555542125345,0.555507588246,0.559156041098,0.563286755725,0.517428296511,0.553893758255,0.56769991802,0.566132067759,0.556983066298,0.579748508734,0.597546364261,0.612184336157,0.660224869157,0.645040331511,0.614893686605,0.597679838056,0.638285231438,0.615173579506,0.602175595335,0.603901230177,0.608062441672,0.623558349055,0.654345505621,0.620217886618,0.61170056185,0.609114657448,0.607661041634,0.606019529485,0.603956129694,0.601656543708,0.599372814088,0.597269952944,0.595396996278,0.59369668099,0.592029583989,0.590227298062,0.588170427692,0.585839901845,0.583301478985,0.58065280588,0.57798300305,0.575358298631,0.572822470349,0.570401578758,0.5681088258,0.565948575338;0.550698849773,0.552541126584,0.553692575377,0.552005437641,0.540733186302,0.546768104663,0.580568545305,0.666002453375,0.59983677135,0.570106577555,0.565196640325,0.549161352285,0.582122108364,0.570251783292,0.567008313736,0.438736090647,0.597408177668,0.598795278081,0.503614324983,0.59190978135,0.573687461612,0.594421441117,0.595445435924,0.595386741171,0.608082563683,0.627135948625,0.605154207461,0.5988630752,0.597871141454,0.597723585883,0.597343344215,0.59658765976,0.595597961057,0.594576162119,0.593683917055,0.592988352193,0.592417629889,0.591736735393,0.590621275502,0.588860749107,0.586500830888,0.583755533877,0.580843366871,0.577917309421,0.57506948351,0.57235111124,0.5697873676,0.567386930115,0.565148391605;0.548427045537,0.550971760129,0.553334441812,0.553901918269,0.53597982128,0.536684299632,0.577867850881,0.599413631758,0.611853942307,0.547033705287,0.557208784153,0.618290419267,0.653549172971,0.497696499082,0.509593354401,0.562073968329,0.587492507677,0.683745040614,0.603201766443,0.621411325164,0.580125689757,0.581585799029,0.57448093185,0.574831884938,0.579005959479,0.576221545391,0.577492673423,0.583147063076,0.586836044776,0.588805869978,0.589748974921,0.590102395238,0.590185899957,0.590265997589,0.590561249232,0.591205158626,0.592136817436,0.592915654627,0.592737727389,0.591086149903,0.588266926736,0.584911804819,0.581445717482,0.578069248209,0.574871320042,0.571889454221,0.569133349533,0.566596724322,0.564264991489;0.545101894552,0.548836302591,0.553151576171,0.559749330133,0.607849458092,0.577872226691,0.580520032675,0.594169885015,0.626193988435,0.594999154823,0.579961000342,0.571902679591,0.586789797959,0.560066272589,0.557004206398,0.569680704138,0.580268278251,0.586938037517,0.58065070205,0.581341684307,0.57509119567,0.56550085272,0.476484760092,0.549672248304,0.557310168026,0.494956730188,0.540129663669,0.568682943028,0.577352414393,0.581161617978,0.583162877312,0.58438241388,0.585332419558,0.586380543301,0.587867501814,0.590132583332,0.593374000631,0.596978306121,0.598533734415,0.59618969851,0.59169897176,0.58695607583,0.582508198906,0.578432571546,0.574734717702,0.571401702398,0.568405367164,0.565709159245,0.56327517804;0.539172891473,0.545206522014,0.551292606075,0.555885886008,0.550063715615,0.539671859263,0.590739072568,0.600540239946,0.603606277935,0.614743848827,0.611616022651,0.547030915247,0.585982032899,0.619852872869,0.57630183893,0.572777788783,0.574480896561,0.572391365737,0.546228822005,0.515148602588,0.564504201644,0.568046526179,0.573401819712,0.576747698923,0.558687261971,0.529828500282,0.543359236452,0.562842420122,0.571015217293,0.575124369277,0.577575741875,0.579327970142,0.580911467085,0.582756879586,0.585364184321,0.589488152502,0.596415742146,0.607418485152,0.614858298036,0.606873699884,0.597171873348,0.589893132334,0.583989459825,0.578941411843,0.574585057793,0.570819474625,0.56754792329,0.564682140415,0.562148193877;0.525270970874,0.539595662675,0.549391463635,0.555096311293,0.551851453894,0.551973753796,0.57868078404,0.584205007172,0.564818678986,0.576029132564,0.586656487068,0.580649856545,0.586158667973,0.59103291741,0.574232679145,0.56980691993,0.571165049284,0.570202666821,0.563712055314,0.560473793738,0.566609985152,0.572638203923,0.592995362687,0.588340074198,0.566227062048,0.557284167922,0.557492864817,0.562674372141,0.567238382347,0.570460285383,0.572820785682,0.574787564421,0.576757651345,0.579155811965,0.582591299438,0.588224303012,0.599084956786,0.62795562066,0.702496257435,0.623288252776,0.603550318398,0.593516901067,0.585796478476,0.579461311805,0.574287175718,0.570034573513,0.566483019711,0.563462015657,0.560847862454;0.482653447629,0.534969426528,0.54891356852,0.558953934809,0.577902514349,0.585861775969,0.577373950625,0.657101133066,0.627360430719,0.590962607392,0.588949436224,0.583365651474,0.584289373866,0.665515613912,0.517614873845,0.560420804024,0.569518953753,0.572922761704,0.572951790129,0.570582947165,0.569374812779,0.570084748497,0.572108639575,0.570167840895,0.564452199505,0.560644469375,0.56005855978,0.561773092242,0.564197874902,0.566514049985,0.568589356497,0.570567406474,0.572702876534,0.575358714079,0.579111515896,0.585054763871,0.595751054334,0.618437452025,0.645776120851,0.622948550284,0.610050683993,0.598545080331,0.587906160306,0.579735455231,0.573616571851,0.568894996952,0.565114842208,0.561989412347,0.559337359272;0.519406737977,0.539470729067,0.550249227579,0.552902859062,0.60868332305,0.594573630969,0.60705290971,0.572762411394,0.587254562662,0.615626117469,0.611810457388,0.584098034705,0.577197322216,0.572701648039,0.549110149902,0.561273466083,0.571074559675,0.581055942883,0.589083987729,0.577774527306,0.570097924198,0.566302378771,0.56394366905,0.561605959946,0.559308899586,0.558013718015,0.558093514043,0.559243949495,0.560926081763,0.562752899112,0.564591673299,0.566493760144,0.568629231222,0.57127691643,0.574871033079,0.580106134369,0.588022692363,0.599276217757,0.61100273503,0.624080691145,0.633949753348,0.608007924434,0.589717461232,0.579159343338,0.572231652898,0.567220274641,0.563346825195,0.560211217447,0.55758676636;0.536998014154,0.547925364702,0.562571060763,0.549172151157,0.528008614016,0.550500425524,0.543886024723,0.51507962183,0.535810960687,0.502153767691,0.610936575352,0.580684677005,0.568537905245,0.565187385198,0.563512803817,0.566779257284,0.573796802338,0.590504673392,0.676433413565,0.581842079564,0.568205486912,0.561313518416,0.556287751112,0.552960651287,0.551996564768,0.552693947483,0.554037023919,0.555608709009,0.557267981827,0.558950851684,0.560658224172,0.562460113657,0.564491922452,0.566957531349,0.570144210385,0.57443666833,0.580285727798,0.588168055285,0.599920022708,0.6311615407,0.74236868153,0.612598577647,0.588027467652,0.57672501082,0.569773159834,0.564865768222,