USP16__poly=[0.837108529731,0.838093170709,0.839159449211,0.84030286302,0.841509635857,0.842750229513,0.843969255005,0.845070737677,0.845906059557,0.846337035572,0.846482771078,0.846636854896,0.845413079606,0.844088088176,0.844650401088,0.842863922448,0.834110018266,0.809185561468,0.82727264309,0.830846734473,0.808630521401,0.802704019676,0.642068754408,0.822354998285,0.840930045527,0.835946666042,0.835694216999,0.830351990887,0.791559846512,0.733049830431,0.63414718101,0.802058506621,0.854425512747,0.887787735485,0.852441188788,0.859220586128,0.865666685885,0.854450243647,0.846040772977,0.843347221699,0.841716073201,0.840431672131,0.839322882593,0.838332949681,0.837435639723,0.836614968268,0.835859470771,0.835160264784,0.83451022174;0.837100355857,0.838190459835,0.839400109546,0.840736040699,0.842198572086,0.843773684639,0.845418145417,0.847032320297,0.848362278437,0.848839750069,0.848533215031,0.852817873059,0.862777323786,0.838790018602,0.845041427255,0.847238417408,0.849742856361,0.866826996622,0.846448247955,0.839255872678,0.773338597253,0.832353503848,0.822678148651,0.838465286678,0.846257302171,0.842864667601,0.841765962508,0.840952776424,0.82249559884,0.80803742799,0.803907509784,0.81878047084,0.819639278756,0.819928106899,0.845376592597,0.821965471121,0.826283983147,0.842099542351,0.843055259308,0.8420381818,0.840885553792,0.839803659417,0.838808211298,0.837892145299,0.837046695727,0.836263908855,0.835536814593,0.834859351252,0.834226272542;0.836967054687,0.838158568156,0.839515439576,0.84106257408,0.842828600183,0.844842411468,0.847118184941,0.849664109332,0.852611978727,0.854083229585,0.850947153456,0.845792339447,0.75288922974,0.833281574744,0.849396899083,0.853025083188,0.857401130084,0.880420116792,0.895762526184,0.855300550667,0.84647421601,0.836962232894,0.839228220846,0.856785713827,0.860950184943,0.848818470322,0.847347152351,0.847531266787,0.838033848153,0.833199928499,0.835129871434,0.843558836759,0.857628840072,0.845225660473,0.873397045923,0.839211899066,0.835333338279,0.840956590551,0.841645940929,0.84104512197,0.840128847965,0.839180289629,0.838271174735,0.837417016333,0.836618460424,0.835872216389,0.83517409557,0.834519918126,0.833905796115;0.836668565018,0.837945918524,0.83943881419,0.841195395576,0.843287639586,0.845833174076,0.849001031015,0.852879684153,0.858819663813,0.890273982701,0.855674131485,0.852532849067,0.845511054675,0.856849737316,0.864510121731,0.859194424884,0.863421829123,0.87680969556,0.869907416783,0.869659202357,0.878689829044,0.849893156387,0.845378081439,0.849166150621,0.853438031163,0.846753643114,0.848378287178,0.853419369956,0.839732798428,0.838512454502,0.847429709062,0.863717671154,0.855815791236,0.853160629017,0.861608504779,0.857702834588,0.852754632805,0.844021481662,0.841641903399,0.840475993745,0.839497404609,0.838583652893,0.837723645757,0.836915682224,0.836157193501,0.835444877766,0.834775287761,0.834145108981,0.833551261007;0.836159138499,0.837492115167,0.839089776709,0.841021528343,0.843402242642,0.846475938475,0.850894723648,0.858225569587,0.861827560568,0.861968347431,0.856275240542,0.86746479104,0.854617954955,0.867990063116,0.865756475874,0.863579520374,0.866973274319,0.869436217986,0.868539094353,0.865207724796,0.858264832017,0.850535151934,0.847114616649,0.853322449825,0.84979854723,0.843209529758,0.842307287312,0.841941063694,0.840041221993,0.8402185281,0.843821533236,0.849317099664,0.850784000937,0.851029630084,0.85144166017,0.849443810052,0.846481463524,0.843391596082,0.841302649999,0.839945941318,0.838899602022,0.837990695789,0.83716090325,0.836389032767,0.83566555454,0.834984948022,0.834343305284,0.833737498776,0.83316485391;0.835388160186,0.83672980611,0.838380717433,0.840421654496,0.842975454035,0.846306770843,0.851275731833,0.863324942224,0.865283295959,0.880368605679,0.846177509678,0.836767042932,0.850300617018,0.859917436103,0.864012435112,0.867591135208,0.885296408954,0.873085945877,0.870369085298,0.86803243599,0.85701768261,0.848919917014,0.845148078745,0.845309431177,0.842182615672,0.837962942708,0.838018955647,0.84015631668,0.84022334028,0.84018320693,0.841847686429,0.844456387112,0.847613559837,0.858424947491,0.852836966081,0.846827220251,0.844182423687,0.842138305436,0.840522843446,0.839270520431,0.838251451438,0.837368946909,0.836571525287,0.835834071627,0.835143941227,0.834494129961,0.83388024645,0.833299178712,0.832748488925;0.834299621196,0.835582923371,0.837218511673,0.839293553378,0.841900686541,0.84516428257,0.849295515243,0.854253825231,0.85844583554,0.858248814179,0.832268768027,0.709676212323,0.851832901278,0.869061707517,0.869141803443,0.872819601931,0.873272541397,0.86927315565,0.87079970944,0.863812698324,0.853454853201,0.845755596615,0.841271957746,0.83714369229,0.831806753581,0.828249674566,0.832100323255,0.854555368259,0.842168630787,0.839594978074,0.840631005864,0.842505114352,0.845171137212,0.850045075148,0.848487043944,0.844595825818,0.8424447652,0.840861838993,0.839562317897,0.838471090407,0.837533657146,0.836703438986,0.835948190693,0.835248315801,0.834592394004,0.833973645447,0.833387801053,0.832831940868,0.83230388136;0.832829835591,0.833956687023,0.835484900553,0.837528315401,0.840161486476,0.843381635785,0.84709552145,0.851187698571,0.856751837127,0.864361380274,0.852054195284,0.867480297142,0.928395751709,0.86862857709,0.866829895424,0.872442406928,0.870481939958,0.862891851228,0.863572183729,0.854201135895,0.846044743023,0.841059146939,0.838564677404,0.83204137067,0.817869716836,0.799197272333,0.817132120326,0.833105242842,0.837121508583,0.838180841697,0.83980609029,0.841385610533,0.842778002167,0.843790678752,0.843478932097,0.84215670608,0.840797521684,0.839598225316,0.838540942405,0.837602342859,0.836761018108,0.835996195198,0.835290647474,0.834631955635,0.83401183821,0.83342490898,0.832867606596,0.832337460125,0.831832633797;0.830906612195,0.83171974078,0.832986337284,0.834911522388,0.837631050099,0.841080373178,0.84497890675,0.84900260793,0.852933222459,0.856045310353,0.860380446766,0.884497231685,0.867803883981,0.869759502606,0.852847949206,0.853380256271,0.859978456301,0.857918745898,0.85811220585,0.845396334993,0.836888457926,0.834044213841,0.844407023007,0.831750064878,0.807505785995,0.690880492988,0.804742382789,0.825499731614,0.833099864279,0.837228216854,0.840135906342,0.841642126881,0.841919138734,0.841698425863,0.841135266487,0.840280653749,0.839324513007,0.838389907775,0.837514687439,0.836704304107,0.835954219143,0.835256590406,0.834603324033,0.833987607036,0.833404309287,0.832849773927,0.83232142452,0.831817401932,0.83133629421;0.828460047522,0.828690303574,0.829373781959,0.830945429988,0.83383207617,0.837995196134,0.842779203534,0.847414550896,0.851519249089,0.855279519599,0.859787630121,0.8649266864,0.863013426753,0.856598929487,0.784238240387,0.849008039507,0.863128309655,0.856665617007,0.843857802924,0.828498375096,0.820422963121,0.820376599151,0.823997902548,0.822957048247,0.815206038053,0.80823721076,0.815804552543,0.825551351723,0.832365387342,0.838188037354,0.844185361036,0.845384093308,0.842741586043,0.840937556862,0.83980032964,0.838891040683,0.838055061277,0.837262414979,0.83651101044,0.835800651129,0.835129519054,0.83449453107,0.833892153167,0.833319072299,0.832772539644,0.832250428078,0.831751135038,0.831273439481,0.83081637062;0.825464733409,0.824665738199,0.824044061034,0.824455781481,0.827427072934,0.833385011302,0.840466370478,0.846676858549,0.851358008112,0.855228473955,0.859036407035,0.862667872386,0.864565681574,0.862173643027,0.858820804051,0.877094683953,0.867885411559,0.871590872271,0.835125560254,0.782561609471,0.784262651396,0.791149671529,0.809907885506,0.818432936313,0.818737132572,0.818963990891,0.822147897565,0.827203630182,0.832747779234,0.840084236938,0.861591378534,0.858286722222,0.844181148897,0.840416008957,0.838754331919,0.83772519909,0.836918497315,0.836202973386,0.835535613437,0.834902016598,0.834296872532,0.833717630953,0.833162553032,0.832630209664,0.832119399312,0.831629136887,