SP1_OAC1=[0.910944666792,0.911922375803,0.913109218149,0.91455596404,0.916294378801,0.918338169725,0.920648649956,0.92290935159,0.924649616583,0.926709331992,0.932991044829,0.934357138367,0.931270913315,0.938677822887,0.928080350147,0.918661407691,0.923364626923,0.926700089342,0.923638547327,0.922454906242,0.921069600921,0.919565217556,0.919294048381,0.916198510964,0.906588619474,0.901092947609,0.900997784224,0.903417940248,0.905774592561,0.907165839043,0.907269930516,0.906564413493,0.905674744381,0.904840615916,0.904109407601,0.903474931624,0.902916839641,0.902411285598,0.90193571664,0.901472462294,0.901010886067,0.900547334222,0.900083266522,0.89962281825,0.899170827853,0.898731664613,0.898308719352,0.897904302786,0.897519748598;0.910798015613,0.911756602961,0.912994763644,0.914617228655,0.916683210106,0.919256577676,0.922640716053,0.927064582632,0.927624812122,0.927931774369,0.930093124723,0.931019453866,0.929394169545,0.926509700116,0.91805179085,0.886566549705,0.901179190195,0.913482710164,0.919301103684,0.923009489231,0.920863195851,0.916601776203,0.911298165683,0.902166884703,0.887526781155,0.877645051424,0.88452082474,0.89329316408,0.898648803605,0.901523122358,0.902840707315,0.903237178694,0.90317321626,0.902922064789,0.902615508874,0.902306213201,0.902005632592,0.901704046846,0.901383986798,0.901031102737,0.900640702774,0.900218002043,0.899774019169,0.89932103052,0.898869792093,0.898428531612,0.898002942821,0.897596578548,0.897211338047;0.910527243092,0.911378669396,0.912593746162,0.914427690374,0.916996479746,0.920058530752,0.924573616822,0.934863778404,0.930879852858,0.929391244013,0.931040058576,0.934807407839,0.933350334566,0.924380696192,0.910510194084,0.86793290335,0.883761120853,0.910372338776,0.920080121644,0.927246616067,0.922217829189,0.916789149225,0.908090457048,0.892745485112,0.853969642158,0.783310206726,0.862316896846,0.884814136494,0.893395156997,0.897448421746,0.89949582806,0.900509694481,0.900975481893,0.901164314301,0.901224656079,0.901228247907,0.901196280594,0.901116776968,0.900963354933,0.900717114576,0.90038052799,0.899974485361,0.899526077125,0.899059304111,0.89859195944,0.898135969848,0.897698688123,0.897284160836,0.896894159061;0.910148649537,0.910727788311,0.911700140118,0.913735003395,0.918160438923,0.921342240622,0.925279326197,0.942677544888,0.933334256889,0.931613205472,0.933432678158,0.942648704592,0.946541074039,0.928123838128,0.91898605569,0.933216811884,0.90970931884,0.916377135207,0.931979848355,0.921603601606,0.923775323041,0.929971294784,0.909772022634,0.892524597024,0.858310660461,0.813504600512,0.863373149181,0.883106484741,0.891053543355,0.894971224275,0.897122049128,0.898369674741,0.899127207215,0.899624045774,0.899993271281,0.900303449653,0.900568078359,0.900749737351,0.900783315985,0.900627879278,0.900301958523,0.899862570373,0.899366098458,0.898851972368,0.898344236277,0.897856630266,0.89739632885,0.896966337489,0.896567095431;0.909763688407,0.909821368771,0.910009216971,0.911322766934,0.917587614056,0.920273778496,0.920578037192,0.926969709618,0.933114699503,0.935281597109,0.934861047467,0.940166633687,0.945374282991,0.936119164175,0.926965617935,0.915717103616,0.913844288478,0.934072612479,0.920847629712,0.925207684362,0.919702317974,0.919808958277,0.910632726134,0.899004948243,0.885564921988,0.878288053111,0.881916075173,0.887270575564,0.89118800318,0.893783973471,0.895515154863,0.896711257752,0.897589024986,0.898296710044,0.898938089093,0.899577033763,0.900218776107,0.900769849402,0.901045811171,0.900931140163,0.900508178565,0.899935298015,0.89931858336,0.89870870196,0.898128743721,0.897589039588,0.897092987709,0.896639985713,0.89622732284;0.909642215738,0.908958673912,0.907610281571,0.905755686698,0.912556332162,0.906041648305,0.913616210988,0.923196374227,0.933602935254,0.931329429809,0.930602429711,0.93219946643,0.928228050974,0.923338308197,0.916411322935,0.91084227653,0.909732809193,0.91211393582,0.915988354285,0.918822989809,0.913961307961,0.912516176849,0.923479708623,0.906040469578,0.897567314985,0.904837189799,0.895405269677,0.891483805114,0.891968466055,0.893157829384,0.894328349549,0.895355623579,0.89626643625,0.897130189341,0.898031781505,0.899060880554,0.900272490779,0.901522329472,0.902229517341,0.901955488493,0.9011371982,0.90023939065,0.899396734518,0.898629326014,0.897939670481,0.897325662699,0.896781430388,0.896299014751,0.895870078916;0.910305581329,0.908866312658,0.905914098533,0.898739858445,0.872030300608,0.849123122263,0.908656621366,0.925173528999,0.933946582379,0.932045290082,0.930690921018,0.92604653683,0.919179420425,0.919706889266,0.905588710044,0.902092032198,0.902595259046,0.905173017791,0.911380606932,0.917085447965,0.908399977288,0.907807988505,0.912565241501,0.907778800891,0.899889448007,0.900517865198,0.896260587068,0.892587193244,0.891960596007,0.892413009269,0.893214159522,0.894111792,0.895044399781,0.896040594662,0.897192562415,0.898673968841,0.900795525921,0.903863886093,0.906009796266,0.904361886468,0.902282326639,0.900777666055,0.899591886968,0.89859910057,0.897760069984,0.89705098667,0.896449181592,0.89593411025,0.895488712562;0.912854871341,0.910270279078,0.907058863729,0.900482809746,0.880838206805,0.872803029049,0.910627822925,0.925876162849,0.933459822826,0.927269198383,0.918005446121,0.912070578691,0.906670772841,0.898193409552,0.885811468234,0.887667052491,0.893314245624,0.897576413058,0.901058399103,0.902503833636,0.901543616522,0.901556231048,0.905633630003,0.903020898663,0.896405191351,0.893954773868,0.892321056204,0.891129989492,0.890854633839,0.891236623611,0.891956753489,0.892838582627,0.89382294128,0.894935532694,0.896288108512,0.898147762353,0.901248749576,0.908713087435,0.927260902518,0.908193184802,0.903670024564,0.901501538228,0.899882611508,0.898586497207,0.897558215054,0.896739763123,0.896078234407,0.895533083185,0.8950751911;0.920629776977,0.912614883258,0.910604671367,0.909237341703,0.909346091323,0.911458314122,0.920741973145,0.945219937292,0.931504890258,0.919007629243,0.906258963899,0.901307893306,0.895346102668,0.90024530072,0.786952666108,0.86651570928,0.883928369313,0.89056616376,0.893927299874,0.894935231863,0.894596102991,0.894078278386,0.89374339977,0.892380345967,0.890331206797,0.889102769404,0.888608957661,0.888580534248,0.888951073087,0.889627134955,0.890492531085,0.891470785692,0.892542628255,0.89374789402,0.895201417513,0.897158081072,0.900239345274,0.906211088325,0.913248196868,0.907966357995,0.905110312823,0.9025861044,0.900264152408,0.898530188332,0.897280630119,0.896356033481,0.895646170036,0.895082268371,0.894621242517;0.915634364098,0.914023776405,0.91438943404,0.917357821457,0.928597544694,0.921269977772,0.924833430697,0.919785764563,0.916331479481,0.897766396734,0.880512843204,0.891009301907,0.888210867242,0.872527013727,0.841779760656,0.864827105509,0.878403520496,0.885985015775,0.891005472145,0.889610707387,0.887962095124,0.886376355203,0.884761543386,0.883444463171,0.88292673995,0.88333519411,0.884283318631,0.885406745263,0.886561454371,0.887714599813,0.88886168525,0.890011754986,0.891193351824,0.892463521747,0.893921969737,0.89573581889,0.898158256373,0.901346137226,0.904592847387,0.908117853267,0.910812612782,0.904769017055,0.900591621017,0.898284507139,0.89684535287,0.895856813365,0.895130264082,0.894569406066,0.894120170783;0.91382974758,0.915015429094,0.918265505184,0.921578950717,0.92376096579,0.915791828426,0.912140120248,0.916767853352,0.916338311445,0.895941931143,0.87045967921,0.889093256644,0.886673896212,0.878834728083,0.871013194434,0.870291056823,0.873913477333,0.881716997048,0.908981584255,0.884422122327,0.881055028315,0.877885313231,0.874281032889,0.872112096008,0.873126973984,0.876123412267,0.879252735195,0.881859101767,0.883949118022,0.885671853319,0.88716007009,0.888512025219,0.889806030819,0.891117122264,0.892530487074,0.89414975255,0.896091289379,0.898475269601,0.901753827974,0.90974570073,0.937161844546,0.90579037286,0.900088500198,0.897605681532,0.89616589458,0.895207600959,