ESRRB_OAC1=[0.0155136534666,0.0157738808544,0.0160914381544,0.0164861476068,0.0169859082186,0.0176245216245,0.0184496722888,0.0195906991935,0.0212806921547,0.0234776679328,0.0250151543871,0.0297173472313,0.0403610171087,0.0537874614093,0.117600169815,0.0998217322602,0.0858323557707,0.0536385998793,0.0410634947321,0.0335690513665,0.028819974539,0.0254098063139,0.0223543288993,0.0205098446759,0.0205104931763,0.0203274169491,0.0201737476287,0.0201634869574,0.0203028212465,0.0206215569028,0.0211953582371,0.0219536900064,0.0227773425072,0.0236187026135,0.0244633758597,0.0253000461018,0.0261121641455,0.0268768979084,0.0275667343279,0.0281528236225,0.0286096199887,0.0289197535753,0.0290774745101,0.0290893350217,0.0289720134856,0.0287484026119,0.0284434790866,0.0280810574295,0.0276818329663;0.0149045793335,0.0150869454118,0.0153065742615,0.0155792983205,0.0159345632139,0.0163977971384,0.0169285006887,0.0174694315613,0.0193013496205,0.0218358944763,0.0247094240898,0.0295611742287,0.039114861946,0.0600192653587,0.120207606178,0.109918155641,0.147597769731,0.0611826552841,0.0416089289362,0.0319960182334,0.0277081515416,0.0251226231013,0.023075776939,0.0216716081952,0.0207887200036,0.0203060068923,0.0203518814585,0.0205795535972,0.0208860786247,0.0213110903349,0.0218853974816,0.0225978716986,0.0234113566816,0.0242933898843,0.025220444536,0.0261700022493,0.0271144395867,0.0280185659593,0.0288403122497,0.0295346977292,0.0300611420656,0.0303923433073,0.0305207892222,0.0304595271903,0.030237181278,0.0298901749424,0.0294555154851,0.0289660035897,0.0284480629062;0.0142599113892,0.014353359949,0.0144530371474,0.0145586925156,0.0147052312451,0.0149847088674,0.0152228966855,0.0143925235461,0.0169865882251,0.0196257813308,0.0221203535805,0.0247560434661,0.030858825601,0.0431986170307,0.0558265952414,0.0554911157912,0.0578305242916,0.0473406016408,0.0358454731799,0.0276047696671,0.0253814450768,0.0235529091892,0.022367980507,0.0214069761104,0.0200957150296,0.018248602943,0.0200584815136,0.0207167802888,0.0212094214829,0.0217495551119,0.0223944848985,0.0231584204211,0.0240353230982,0.0250107910323,0.0260660677736,0.0271759607624,0.0283051472931,0.0294055454289,0.0304160100523,0.0312665747097,0.0318905817411,0.0322430077511,0.0323146421398,0.0321325942046,0.03174820216,0.0312209569514,0.0306060061323,0.0299478007681,0.029278740331;0.013594286354,0.0135964429721,0.0135648809818,0.0134473522485,0.0131232712568,0.0132667365043,0.0135791578826,0.0114287330354,0.0147592426179,0.0169874172657,0.0187617381189,0.0185475613008,0.0199401138005,0.0303650941487,0.0362258631674,0.0289491656866,0.038613167837,0.0347231308844,0.0257226106949,0.0263674941858,0.022740131936,0.0185006480955,0.020832043353,0.0207241382073,0.0198249922113,0.0187263192247,0.0199877969424,0.0207542616038,0.0213880827066,0.0220483399042,0.0227952862776,0.023657946155,0.0246482272786,0.0257665345482,0.0270028188722,0.0283339909385,0.0297199644398,0.0311002348396,0.0323902057368,0.0334798723933,0.0342517499183,0.0346243405951,0.0345879599789,0.0342020460082,0.0335630565104,0.0327701183816,0.0319045924121,0.0310241577969,0.0301653120418;0.0129208883363,0.0128429127466,0.0126983711943,0.0123834189536,0.0115322305233,0.0116219784818,0.0126048545766,0.0128574181733,0.0130931686505,0.0140922655241,0.0158077115757,0.0162005797201,0.0164243323756,0.0209657332394,0.0253231321214,0.0297604876391,0.0302120004648,0.0223841690787,0.025288567473,0.0220688555588,0.0216905956464,0.0197197232326,0.0198283793211,0.0198807335565,0.0197046516791,0.0194698112467,0.0199146080512,0.0207104213386,0.0214802208215,0.0222628827272,0.0231256491761,0.024112657896,0.025251427794,0.0265572360126,0.0280319687774,0.0296584786259,0.0313943487184,0.0331709809699,0.0348875687004,0.0363743817421,0.0373974209358,0.0377859625166,0.0375385323735,0.0367960599428,0.035748399314,0.0345613483396,0.0333497949376,0.0321812311361,0.0310893638519;0.0122432936331,0.0121097142575,0.0118984644789,0.0114878233969,0.00992200916931,0.0108291084844,0.0114905501607,0.0117415626557,0.0113510488246,0.012940936482,0.0143278094682,0.0152575535471,0.0174456706134,0.0198518752475,0.0226981037254,0.0249718858321,0.0255832119969,0.024647141758,0.0228100587032,0.0209857520997,0.0209564760648,0.0199491431735,0.016266656898,0.0185921687903,0.0190326127669,0.0171295612549,0.0190576773369,0.0205813955107,0.0215288605404,0.0224262904613,0.0234046015821,0.0245275778931,0.0258389223984,0.0273718146174,0.0291459669454,0.0311547000903,0.0333478974045,0.0356477042289,0.0380152336446,0.0402557556112,0.0417837472562,0.0421690013568,0.0414795964021,0.0400837769441,0.0383674704223,0.036597705538,0.0349174485595,0.033386329109,0.0320186035994;0.0115406818755,0.0113920727866,0.0111649358522,0.0107813771448,0.0100930688642,0.00970604445706,0.00996205988592,0.00994953156682,0.00981860309396,0.010982497528,0.0120662337536,0.0137649000544,0.0158512730204,0.0163185543349,0.0198548698358,0.0215558255136,0.0223278248161,0.0221366091252,0.0205836598819,0.0188211512235,0.0200804198651,0.019387480479,0.0175992107196,0.0178165017237,0.0187471311262,0.018389576757,0.0193567535005,0.0206136125037,0.0215873424589,0.0225565561441,0.0236359055443,0.0248946607401,0.0263915096736,0.0281830976721,0.0303189550139,0.0328143132995,0.0355766330485,0.0383375407489,0.0414444929641,0.0456001430834,0.0483777301715,0.0486294281582,0.0469104933271,0.0442584305644,0.0414426875439,0.0388321585413,0.0365434287893,0.0345794431443,0.032903405302;0.0107120853123,0.0106721988691,0.0104622853569,0.0100915675347,0.00954773150985,0.00917455905834,0.00906390910854,0.00881096142033,0.00859143799407,0.00994520378151,0.0118772145871,0.0134766850469,0.0147179268828,0.0157134879635,0.0173873211085,0.0189189378827,0.0198514973745,0.0201108311464,0.0198262698507,0.0195113548633,0.0194115625541,0.0189791981584,0.0177561173385,0.0178726466644,0.0188642687138,0.0193279457177,0.0199320544612,0.0207447255602,0.0216443574727,0.0226464363674,0.0238077098099,0.0251921908597,0.0268732699394,0.0289389540718,0.0314904722605,0.03461041151,0.0381860440834,0.0407828823084,0.037717360821,0.0539068394424,0.0597342200818,0.0589693393744,0.0545607801085,0.0494300903726,0.0448657765283,0.0411202209997,0.038104110098,0.0356671981641,0.0336762569733;0.00937677314285,0.0100003467576,0.00977683348885,0.00931675223257,0.00867500621986,0.00839082483177,0.00804163707553,0.00591824593009,0.00760234715856,0.00900183104843,0.0108626263347,0.0124150391388,0.0135034089704,0.0111924932949,0.0138987693022,0.0167825149576,0.0179188243746,0.018385865999,0.018535037093,0.0186344169456,0.0186883134916,0.0186108546152,0.0184600300597,0.0185661822366,0.0189639609022,0.0194462138038,0.0200363359013,0.0207686119006,0.0216411404393,0.0226696179977,0.023896886829,0.0253878387365,0.0272323508877,0.0295559017597,0.0325354305469,0.0364101356608,0.0414191469239,0.0472914741106,0.0550589690605,0.0734525803217,0.0837070308493,0.0770554248135,0.0650484656383,0.0552687787639,0.0482393295429,0.0431706840098,0.039408011831,0.0365264295422,0.0342573597206;0.00961667997412,0.00951374678201,0.00912572428278,0.00843449238595,0.00699857713917,0.0075564314676,0.00724007006915,0.00780045672537,0.00788329802768,0.00804705460037,0.00936836081647,0.0113406987945,0.0125991839042,0.013291222459,0.0140387558505,0.0155133968121,0.01643063033,0.0167433912247,0.0167907211199,0.0174471927656,0.0178651465574,0.0180722655696,0.0182218783139,0.0184495148043,0.0188162980828,0.0193089637658,0.0199203630346,0.020660172822,0.0215446263907,0.0226018822356,0.0238788404701,0.0254464756815,0.0274096552181,0.0299271714015,0.0332512587157,0.0378100142373,0.0444080920778,0.0548822978468,0.0746193173583,0.117190084616,0.155882585146,0.108729862081,0.0767008152402,0.0603080539734,0.0507530745544,0.0445559298506,0.0402231066618,0.0370255275397,0.0345685951639;0.00949566930991,0.00909782226589,0.00844457385037,0.00776370973929,0.0071800362479,0.00750246154129,0.00750527772004,0.00713185428144,0.00704044878622,