STAT3_OAC1=[0.874977412771,0.876122399079,0.877735451573,0.879877830655,0.88261615044,0.886044290523,0.890234045471,0.894891862193,0.899495004698,0.905186963166,0.916680468482,0.92229069058,0.923421589851,0.936726063959,0.932627053571,0.930142372791,0.933257586152,0.930142790653,0.920733734716,0.914013800683,0.908272462661,0.90426400136,0.904102015861,0.902244775827,0.892324846379,0.882476790834,0.872142585864,0.862611351522,0.855064670398,0.851058014585,0.853610515642,0.859993213127,0.866041631737,0.870657021152,0.874031827418,0.876509513408,0.878349916824,0.879724282687,0.880743489832,0.881482742407,0.881997934043,0.882334427387,0.882530567617,0.882618630695,0.882625125236,0.882571240665,0.882473528895,0.882344686948,0.882194318474;0.872177246813,0.873222585416,0.874834350309,0.877099406414,0.880087679759,0.883980903347,0.889430268132,0.897025308829,0.900115757973,0.903987688671,0.911202035898,0.917450433608,0.921609271058,0.926487432395,0.931349585375,0.932797281588,0.934500488659,0.92381556473,0.917890269518,0.91386157819,0.905115722409,0.897110688656,0.894350209749,0.893529826378,0.891539089454,0.887575780131,0.880893656454,0.874147214813,0.868962412417,0.866151634601,0.866175227022,0.86829269928,0.871149611774,0.873885251512,0.87621004024,0.878099603643,0.879603716859,0.880775904593,0.881658766028,0.882288896721,0.882703781967,0.882943272904,0.88304644031,0.883047911134,0.882976051202,0.882852914246,0.882695076051,0.882514706276,0.882320581991;0.86872905417,0.869609680487,0.871190412149,0.873663914901,0.877069449875,0.881105634726,0.887565799635,0.903456855036,0.899705477385,0.901693296291,0.909463405046,0.920262239465,0.925031907408,0.923918697694,0.925849973196,0.935214210798,0.929332412615,0.921571227098,0.917947854106,0.915783656952,0.897933937433,0.881476582992,0.881997192662,0.888143724748,0.893778036731,0.900974428609,0.887924480183,0.881501330387,0.877295351285,0.874769793684,0.873881652307,0.874311511181,0.875514562667,0.877012165287,0.878519482569,0.879903032985,0.881103732013,0.882087661043,0.882831797933,0.883332239185,0.883612121154,0.883714370224,0.883686206311,0.883568374393,0.883392001085,0.883179496666,0.882946468638,0.88270350871,0.882457626514;0.864433813667,0.865061755794,0.866514648207,0.869389730004,0.875274047201,0.878459202949,0.882469085926,0.908807750951,0.895295930058,0.898102442748,0.908457801772,0.927679890793,0.938261587707,0.92459668034,0.924361482782,0.944474253196,0.923724192469,0.920931104936,0.928120554005,0.905857939836,0.883979163011,0.792987315245,0.861159497326,0.884136649676,0.893250243024,0.899161261876,0.891281546388,0.886150003284,0.882587836855,0.880225722438,0.878973978664,0.878657562646,0.879012855321,0.879775989911,0.880745833403,0.881786761344,0.882796112125,0.883671762042,0.884313966823,0.884669896784,0.88476440916,0.884669660438,0.884457243618,0.884178660038,0.883867056033,0.88354311238,0.883219398634,0.882903184129,0.882598333397;0.858966444867,0.859290661495,0.860311676919,0.862829329623,0.871686905242,0.872345845112,0.866403616671,0.870381617549,0.877856991302,0.891946499309,0.905205062318,0.922266782524,0.935300716558,0.930183267736,0.925634766445,0.918270056851,0.916778361597,0.933757088238,0.915012182392,0.911214923873,0.885032189692,0.846802380321,0.870982468751,0.887376213335,0.893166660373,0.895629265131,0.893413033781,0.889362282616,0.886110792608,0.883853461816,0.882468211673,0.881816742476,0.881746763089,0.882110596564,0.882787180569,0.883681352514,0.884688855361,0.885634628674,0.886268903289,0.886441036505,0.886238247405,0.885839140233,0.88536424727,0.884871892694,0.884389662583,0.883931009913,0.883501678323,0.883102901138,0.882733466461;0.851651196038,0.852013785873,0.852386410073,0.852258405059,0.864495511481,0.848079321187,0.841590885687,0.840322553668,0.792477417792,0.862644336737,0.894768183458,0.910807876591,0.914190781894,0.914599894896,0.911626242701,0.908797535673,0.908557644427,0.909700674312,0.910573426119,0.908585042683,0.895640867409,0.888847694546,0.907870643425,0.89761194322,0.897328552687,0.908573315205,0.8989972583,0.891867714043,0.888456809537,0.886282493575,0.884887928717,0.884109282172,0.88384531216,0.884021274383,0.884592365915,0.88554539442,0.886856425292,0.888300526796,0.889178139179,0.888968017717,0.888151821123,0.887247084703,0.886400412785,0.885631059929,0.884940000151,0.884324059045,0.883776496113,0.883288649,0.882851686457;0.840490634432,0.842866755048,0.843857861933,0.839288522911,0.813898443782,0.783781946782,0.797383638219,0.805842293277,0.845639892139,0.87379935485,0.897632260361,0.904706035917,0.904760372465,0.911072864937,0.899771191303,0.898772759684,0.900527480253,0.902982082729,0.907954050398,0.911678934025,0.899756919867,0.89798902236,0.9050945544,0.903734825472,0.899332914572,0.902044143794,0.897898630628,0.892719215381,0.889774868223,0.887834334027,0.886533010679,0.885744920199,0.885414029953,0.885522427926,0.886102267738,0.887277044146,0.88933352127,0.892567297135,0.894851298006,0.892939855467,0.890574426521,0.888871483084,0.887537031919,0.886424804455,0.885487225242,0.884695222361,0.884021880279,0.88344328432,0.882939852513;0.817291490841,0.831191563324,0.836742423147,0.834349945856,0.817468228706,0.806051921277,0.822973034154,0.837061345486,0.871393240604,0.883441957909,0.888686693733,0.892859785771,0.894068770128,0.890222898166,0.880992437499,0.885246403208,0.892450373131,0.89730137044,0.900515144952,0.901165889952,0.899394536806,0.899319525499,0.904432182494,0.903410790373,0.898389910256,0.896737419774,0.894817912326,0.892403111442,0.890334024936,0.88874979354,0.887606427643,0.886870209723,0.886533032241,0.886620631607,0.887224513603,0.888597359725,0.891508216396,0.899370972531,0.919612211952,0.898341741349,0.89317255748,0.890638359543,0.88873497581,0.887205899261,0.885986117145,0.885008115722,0.884210747999,0.883547189284,0.882983786007;0.749748273768,0.820671014348,0.830787630274,0.832949823641,0.840379559642,0.849302338882,0.859494461718,0.884870717842,0.832083640554,0.885572188047,0.889629847426,0.890039271591,0.887188854579,0.896269286407,0.784892930783,0.86667648718,0.885966043931,0.893646722456,0.89734789682,0.898389223526,0.89818207061,0.898165909387,0.898684020208,0.898229454544,0.896680921615,0.895183974399,0.893659933731,0.892044740773,0.890527457163,0.889249318654,0.888264703167,0.887596453717,0.887268829703,0.887330111547,0.887887550709,0.889191050328,0.891889221193,0.897887545077,0.905194134963,0.899114717283,0.895723364453,0.892726801467,0.889977622585,0.88789751609,0.886369941059,0.88521632614,0.884312410247,0.883580004937,0.88296967223;0.805689637202,0.822081087723,0.822557465891,0.814627150596,0.840833283857,0.861476270034,0.878257947498,0.866172017282,0.869724804955,0.897319326539,0.89989958066,0.891858731426,0.885629710407,0.871302653245,0.84322335654,0.86927145548,0.885203748259,0.893903168008,0.899201891672,0.898305280616,0.897468075097,0.89716966593,0.89701546246,0.896553971162,0.895627693548,0.894434918116,0.893132781193,0.891812404379,0.890570243019,0.889489508434,0.88862451755,0.888011405123,0.887684662791,0.887693836323,0.888125128353,0.889133717369,0.890968845193,0.893781101115,0.896789782763,0.900208329331,0.902810562321,0.895929013879,0.891098037065,0.888334121826,0.886543578696,0.885267725215,0.884297222229,0.883523885857,0.882886123888;0.833273287619,0.826465487739,0.802440202275,0.786567050182,0.796000516201,0.860234551421,0.877955178405,0.891771457628,0.901512889029,0.913546574651,0.907535577183,0.895589197514,0.888202531679,0.881788023021,0.877818969169,0.881685377234,0.888540043062,0.896612950948,0.920344082764,0.898903691922,0.897050745768,0.896679640943,0.896593627074,0.896266644689,0.895406685494,0.894188499607,0.892892549049,0.891653542293,0.890528459368,0.88955502663,0.888764149398,0.888183350376,0.887842082101,0.88777905811,0.888050844423,0.888738545771,0.889941405345,0.891767103152,0.894683209037,0.902793601913,0.932047384312,0.897766058034,0.891248480018,0.888248619381,0.886410220039,