STAT3__poly=[0.923600554442,0.924369181499,0.925211898434,0.92613937864,0.927162314289,0.92828956054,0.929525696682,0.930869217809,0.93231755633,0.933910747461,0.935824085903,0.938081413226,0.938944801939,0.937449380327,0.936215917875,0.935909050251,0.937335616203,0.942271791812,0.935715740282,0.933964353193,0.931374785387,0.931288934488,0.942863475427,0.931751722078,0.929108408606,0.918168973656,0.91306446953,0.915780686056,0.919997582558,0.933602346687,0.94622671423,0.931449136329,0.943102182698,0.955743536576,0.940323353858,0.943135132367,0.944217673965,0.935832558383,0.928647058794,0.924840767649,0.922233444442,0.920290935133,0.918782322863,0.917579189699,0.91660057106,0.915791771661,0.915114238291,0.914539983236,0.914048225349;0.923771200926,0.924596412238,0.925513025221,0.926539349268,0.927696678657,0.929007137729,0.930489731245,0.932155658219,0.933988063439,0.935945875295,0.938572519192,0.945130549419,0.954531112421,0.940475038324,0.936746927655,0.935312852811,0.936287970785,0.943453907433,0.931827610937,0.927458716514,0.927620017831,0.933210168638,0.921774172685,0.922190108931,0.918551240312,0.907656941412,0.887792112705,0.882266800177,0.905837796985,0.913931429018,0.913706174731,0.916958386646,0.93140319497,0.941716849161,0.937184990157,0.937541253537,0.93553844701,0.930481605663,0.925930664476,0.922693738435,0.920408135577,0.918721205519,0.917425342487,0.9163989404,0.91556674311,0.914879472211,0.914303311047,0.913814181508,0.913394435679;0.923899831013,0.924776102407,0.925761276714,0.926883951346,0.928182273369,0.929703711529,0.931499714222,0.933633080885,0.936247420856,0.93872300788,0.94044280499,0.945362239332,0.95827980865,0.942179850489,0.937621051461,0.934912770287,0.93427713478,0.942486584157,0.946297425287,0.915427188308,0.891492310284,0.902386452168,0.908581357764,0.915846176235,0.914094466981,0.899512286484,0.873517869612,0.856224395993,0.895194281998,0.900077243685,0.881043869147,0.880132282309,0.925322955313,0.928575076526,0.942537719448,0.940502726395,0.936076414982,0.926734502661,0.922493170136,0.919932424967,0.918166384818,0.916866655102,0.915866230622,0.915070159984,0.914420632645,0.913880339833,0.913423968381,0.913033620627,0.912696215749;0.92397928612,0.924896791235,0.925937828156,0.927142572397,0.928572617892,0.930322300389,0.932520251187,0.935265336835,0.939194513296,0.954097667558,0.941927733881,0.943720554387,0.943387081559,0.943485232548,0.941237296519,0.934756913379,0.933223282095,0.936139304726,0.926433276558,0.911231784211,0.851456397159,0.888199152727,0.894886194429,0.89102343669,0.8925382834,0.890020900891,0.888335405652,0.892393395754,0.889576310983,0.889666629572,0.877429242003,0.886093482551,0.906998229105,0.913976235363,0.923718795128,0.927227304277,0.926873952651,0.920995195321,0.918237073411,0.916680874571,0.915610894953,0.914802875078,0.914161302384,0.91363551441,0.913194979531,0.912819769295,0.912496109189,0.912214049784,0.911966153582;0.924005447139,0.924950613538,0.926026803139,0.927282765453,0.928802538347,0.930746311104,0.93347362417,0.937746833714,0.940737420145,0.94272947595,0.942607441144,0.948050476645,0.941600033098,0.943873647505,0.939062309959,0.934210520844,0.932114572668,0.929273078213,0.923324082205,0.913068544269,0.899679558432,0.89349957315,0.884556362822,0.838073820936,0.851428240977,0.879116911635,0.882367896454,0.882329709761,0.883358307754,0.885351941133,0.886233193922,0.890113079782,0.89290668228,0.890869789921,0.897399057691,0.907418621443,0.912296446107,0.913413381596,0.913395438662,0.913171362962,0.912907995901,0.912642441797,0.912387995693,0.912149957979,0.91192995229,0.911727852423,0.911542734008,0.911373345968,0.911218344304;0.9239792837,0.924937360506,0.926023187275,0.927285253056,0.928811279453,0.930780267009,0.933668935067,0.939990389908,0.942400667327,0.951241268241,0.942616274958,0.942340993901,0.940547678808,0.938851130077,0.936355619129,0.934120772346,0.939543537877,0.929246653387,0.923479586613,0.917396656797,0.90572831609,0.895792767343,0.884332008802,0.86140380119,0.862057101647,0.874422331353,0.872689808918,0.86508769092,0.870072205532,0.878986857536,0.883436393184,0.884449632111,0.877436161465,0.821112752015,0.857526481076,0.892308985944,0.902654033015,0.90691632755,0.908845867988,0.909787090453,0.910269617104,0.910516604504,0.910633051406,0.910673570388,0.910668726179,0.910636541653,0.910588054791,0.91053021295,0.91046747097;0.923908245606,0.924867947964,0.925941103815,0.927165217915,0.92860712525,0.930388190007,0.932719064742,0.935766520961,0.939178226198,0.942419005499,0.942921057704,0.95242891394,0.942596240966,0.942041933896,0.937662311865,0.935303439594,0.931320047355,0.925107240069,0.922460135201,0.914876052532,0.904897072451,0.896073261593,0.888380910804,0.881008220426,0.877548179783,0.875355866836,0.862994358089,0.763976880485,0.844852739661,0.87232298169,0.879389496263,0.880405616253,0.874197237561,0.852341355922,0.86437079325,0.887059136636,0.897202965233,0.90233503566,0.905178413418,0.906851713148,0.907884342535,0.908544552198,0.908976555485,0.909262612584,0.909452189233,0.909576362742,0.909655364111,0.909702747901,0.909727809887;0.923806052732,0.924765175845,0.92581651889,0.926979308736,0.928289516983,0.929808738334,0.931627165112,0.933891057199,0.937365714947,0.942712247283,0.941568029992,0.949426662813,0.970016423352,0.940953819514,0.936889503909,0.934638696183,0.927609605891,0.918360769843,0.915754766232,0.907716102743,0.900036823957,0.894005108299,0.890177213642,0.886014953631,0.882808208028,0.880806069995,0.868863139251,0.848471061669,0.857569395452,0.871266003674,0.876734192024,0.87843236701,0.877641600042,0.876305384772,0.880393865682,0.888402885323,0.895026783245,0.899531459866,0.90251130384,0.904503170121,0.905861438263,0.906807279989,0.9074783493,0.907961821757,0.908314293693,0.908573473057,0.908765098708,0.908907123264,0.909012307514;0.923690373177,0.924661118849,0.925703257638,0.926813310886,0.927995415489,0.929270791876,0.93068041781,0.932294263336,0.934204743873,0.936176334016,0.938819702605,0.949265673646,0.940809435674,0.941975031273,0.937960807158,0.927556267327,0.917360702912,0.908525667266,0.907981586092,0.90047559489,0.893395111743,0.888416969337,0.893754171636,0.887332471603,0.883672410977,0.897876650771,0.87736699372,0.870723479292,0.870203739799,0.872447977568,0.874025093661,0.875557472926,0.877811182757,0.880700391647,0.884716865433,0.889595173537,0.894190459477,0.897889222868,0.900672617837,0.902721575541,0.904227036478,0.905340595296,0.906172451278,0.906800436688,0.907279281346,0.907647718233,0.907933462684,0.908156597045,0.908331858078;0.923578205468,0.92459197815,0.925668251443,0.926774308065,0.927873732177,0.928957195948,0.930039883597,0.931125084777,0.932222598817,0.93341011186,0.935012820063,0.936803468875,0.9356295178,0.935484755923,0.938101297308,0.926189844026,0.906695929868,0.882518671744,0.890423402484,0.890936188778,0.883656525818,0.875152284133,0.873334829861,0.87547893849,0.878140800235,0.879964719586,0.878383332022,0.875827031878,0.873647057441,0.870807343083,0.867001185592,0.867318055083,0.873901574203,0.880344204461,0.88547631351,0.889887725741,0.893711106614,0.896888913391,0.899429516751,0.901415609025,0.902954064679,0.904144715917,0.90506960683,0.905792375001,0.906361135813,0.906811938707,0.907171781403,0.907460966313,0.907694859104;0.923478262711,0.924589194661,0.925790253119,0.92701042422,0.928119364668,0.929073298473,0.929953812361,0.930678764393,0.931140111156,0.931571225869,0.932172628364,0.932816154421,0.932905992661,0.931608245724,0.928996907578,0.928646041133,0.895962920576,0.78117943076,0.88098586705,0.88846676526,0.87168580613,0.840602260996,0.840017489431,0.857639940967,0.871144545598,0.876830907322,0.87826500995,0.877311174711,0.874231037805,0.866355307231,0.845589644282,0.834657324864,0.866885772223,0.878936708941,0.885415728006,0.889910040531,0.893429339867,0.896288634507,0.898613654102,0.900489886399,0.901994882758,0.903199294576,0.904164008486,0.904939139769,0.905564751522,0.906072353551,