STEMCCA_P2A_OAC1=[0.990326440245,0.990604876063,0.990888019584,0.991173216118,0.991457188878,0.991738926303,0.992018033747,0.992271674432,0.992464855778,0.992694741967,0.993361640971,0.993573346259,0.993416797023,0.994348551111,0.993760119973,0.993312093188,0.993423466479,0.992953363319,0.991864124862,0.991065946289,0.990361050674,0.989759228118,0.989450923003,0.988901123262,0.987471850278,0.986157917114,0.984837256165,0.983409664557,0.981839350996,0.980066867972,0.97797863756,0.975605917978,0.973065787403,0.97043214513,0.967765438247,0.965145688382,0.962680445808,0.960494559061,0.958705437911,0.957393233374,0.956581241135,0.956236652075,0.956288153803,0.956648337275,0.957231209409,0.957961938623,0.958780383485,0.959640949591,0.960510725695;0.990585421561,0.990895430414,0.991216482555,0.991545781408,0.991876319198,0.992208009352,0.992574851782,0.993013337552,0.993072280895,0.993114916467,0.993359567982,0.993534325422,0.993565078289,0.993687037558,0.993852812488,0.993753670705,0.993718336705,0.992521901348,0.991838032751,0.991432983812,0.990617250509,0.989714774502,0.988915004602,0.988043034898,0.987035572667,0.985863225872,0.984338448584,0.982634854747,0.980803662567,0.978785254795,0.97651861259,0.973984774738,0.971207924628,0.968232862002,0.965127681913,0.962002652768,0.959022279281,0.956392751451,0.954315431493,0.952922298286,0.952234546591,0.952172387899,0.952600777457,0.953375529528,0.9543704099,0.955486444937,0.956651442874,0.957815742454,0.958947162824;0.990837825519,0.991181928006,0.991548476645,0.991939865997,0.992340358955,0.992711466215,0.993148549714,0.994073301121,0.993690803576,0.993545634947,0.993715246507,0.994123312614,0.994145090318,0.993731279371,0.993587639191,0.99415432159,0.993397228981,0.992495464511,0.992098180931,0.992065105335,0.990953259948,0.989952697554,0.988867994751,0.987805052964,0.987085919132,0.986921906757,0.98411493275,0.982004167902,0.97991317917,0.977653823226,0.97514252882,0.972329117612,0.969189593495,0.965728443714,0.961995201674,0.958117870346,0.95433818236,0.95100849869,0.948501536146,0.94705144953,0.9466523844,0.947106278019,0.948149789402,0.949547060104,0.951120747405,0.952749152784,0.954354051389,0.955888705203,0.957328127325;0.991079573298,0.991456923042,0.991873458326,0.992356657504,0.992963586386,0.993334884,0.993658690395,0.995086263501,0.994224661576,0.994033767282,0.994182364487,0.995014063759,0.995424691435,0.994048871434,0.993689896073,0.995136357535,0.993042321194,0.992584958165,0.993226229015,0.991497283643,0.991206423579,0.991600388471,0.989094365448,0.987674353997,0.986764492115,0.986102415168,0.98364039948,0.981385520927,0.979087134738,0.976593016058,0.973807649207,0.970648356767,0.967041579582,0.962931539512,0.958310091556,0.953284514302,0.948185821259,0.943644170872,0.940435179758,0.939030583658,0.939296762048,0.940716803288,0.942771650503,0.945097703672,0.947473052199,0.949770227256,0.951921542473,0.953897002552,0.955689619684;0.991307914057,0.991710934269,0.99216727668,0.992732030283,0.993592158787,0.993921304495,0.993834807746,0.994163017374,0.994529251636,0.994630010381,0.994556480603,0.994994581785,0.995451330568,0.994729973494,0.994029173229,0.993059365827,0.992575128481,0.99386522813,0.992007515848,0.991878152662,0.990743490061,0.990335296678,0.988959119008,0.987550171555,0.986246226976,0.984968009344,0.983101099662,0.980784545513,0.978298056896,0.975581273385,0.972517440047,0.968980619324,0.964830594512,0.959911498508,0.954075975467,0.947282941499,0.939861199631,0.932941473451,0.928415138472,0.927455307005,0.929338820246,0.932616362982,0.93632246393,0.940004203279,0.943460894373,0.946606481899,0.949416020809,0.951899067766,0.954082684212;0.991526609585,0.991939873637,0.992409637516,0.993002819355,0.994253955742,0.994064917575,0.99407027169,0.994325550637,0.994891119253,0.994603733737,0.994485871881,0.99458445713,0.994259292351,0.993855454712,0.993217988012,0.992532585813,0.992026669832,0.991694773,0.991473103,0.991182797793,0.990071726606,0.989369977862,0.990301739595,0.987673008369,0.986051392944,0.986199754981,0.983202519271,0.980231334449,0.977532824206,0.974622573052,0.971305705189,0.967401351823,0.962685493372,0.956853215484,0.949485006548,0.94006866903,0.928352333054,0.915880309196,0.908196767227,0.909454533086,0.915638300647,0.922476913278,0.928759562775,0.934329748784,0.939186774194,0.94336693404,0.946936761358,0.949978378202,0.952574510754;0.991756983844,0.992153300804,0.992605633584,0.993156061651,0.993879748743,0.994397952276,0.994547290327,0.994854157545,0.995217047591,0.994972537542,0.994811792444,0.99442612425,0.993910687812,0.993971994428,0.992803384358,0.992134546174,0.991567534901,0.991123012282,0.991060795396,0.991036568051,0.989449770769,0.988747627335,0.988733841593,0.987458645718,0.985541457906,0.984517155622,0.982267695921,0.979509840773,0.976763392831,0.973736360417,0.970228044879,0.966018633351,0.960802227006,0.95410251571,0.945113837047,0.93236901181,0.913159119154,0.884809163004,0.864654550981,0.87917960803,0.897486336518,0.910371621308,0.920233724021,0.928263487032,0.934848305092,0.940227931211,0.944626521151,0.948244515748,0.951247069043;0.992081877055,0.992370281285,0.992783380604,0.993300951918,0.993916358993,0.994403458145,0.994719920025,0.995108906818,0.995462017532,0.995003336724,0.994315483533,0.993830264437,0.993505410932,0.993237506304,0.992585628991,0.99185388854,0.991194824475,0.990637749747,0.990162963641,0.989568275878,0.98874154374,0.988021008508,0.98779609915,0.986635730278,0.984681101165,0.982990758474,0.981030392799,0.978686779927,0.976023749916,0.972964918901,0.96935173994,0.964951302586,0.959405331786,0.952114798626,0.941966900574,0.926559222785,0.899283049832,0.831782758297,0.662907621902,0.836594914756,0.877522785252,0.896828036591,0.910999300975,0.922136033628,0.930767893587,0.937446633848,0.942672494612,0.946828885217,0.950191762429;0.99281015508,0.992560920822,0.992958104662,0.993515402201,0.994176648914,0.994577382529,0.995004408364,0.996469628699,0.995646476025,0.995046979924,0.994242920418,0.99363279242,0.993250063508,0.994492324185,0.993182129836,0.991674768645,0.990875408407,0.990252363412,0.989644160318,0.988924736802,0.988107638746,0.987270339816,0.986402957659,0.985267462686,0.983796490355,0.982126549013,0.980212844642,0.977985605279,0.975396429825,0.972362068504,0.968736996382,0.964292190282,0.958664810118,0.951246867776,0.94092929554,0.925432568511,0.899209370946,0.846385742834,0.783491657808,0.8315684182,0.857533698497,0.880326284852,0.901145178383,0.916532554588,0.927451733655,0.935367272064,0.941294747768,0.945871278101,0.949498647934;0.992335806397,0.992621254346,0.993122661947,0.9938327928,0.995041814867,0.994818982184,0.99519954492,0.994999775165,0.99511202156,0.995166212372,0.994532209081,0.99353936312,0.992948702308,0.992630879155,0.992211323179,0.991290766777,0.990557828852,0.990041714168,0.989563625598,0.988577086019,0.987606370179,0.986661808103,0.985657401792,0.984494314492,0.983109103247,0.981490663364,0.979619274503,0.977452630109,0.974930722027,0.97196407573,0.968415318363,0.964075244772,0.958621585118,0.951542156255,0.941991959068,0.928550101287,0.909033710284,0.882116157505,0.854200964417,0.823418428968,0.799788188632,0.854335380063,0.892008469273,0.912774546358,0.925644955441,0.934385672051,0.940708459179,0.945493717674,0.949240064487;0.992121467411,0.992631287581,0.993331038239,0.994028118344,0.994625495025,0.994538553531,0.994688092839,0.995091099055,0.9952825569,0.99544484527,0.994629364245,0.993447594345,0.992626231722,0.992023759771,0.991445167094,0.990813785707,0.990216534782,0.98990241699,0.991482901409,0.988293884639,0.987171353189,0.98618357102,0.985166037203,0.984015657738,0.982647267443,0.981040652781,0.979194637864,0.977079059315,0.97463510999,0.971776403473,0.968379761195,0.964268299222,0.95918518577,0.952754107383,0.944426861707,0.933443866427,0.918900557958,0.899835539182,0.872322634973,0.802472629697,0.559302998938,0.839201530386,0.890514162372,0.913020212579,0.926111390579,