TET1_OAC1=[0.292965240335,0.295300798351,0.298150283414,0.301757046875,0.306336534398,0.311776737056,0.317350446702,0.3228031588,0.329663533793,0.335954621291,0.325169725589,0.343134108651,0.397500883109,0.482206508324,0.37928833796,0.360444905428,0.341494698804,0.3643411063,0.395470889346,0.405166459915,0.419671953425,0.439807751635,0.468953374685,0.479643561771,0.449266669858,0.430735255305,0.421207280625,0.414057287738,0.405472094504,0.396630270454,0.390258420978,0.385737464543,0.381526470974,0.377325987509,0.373265413338,0.369438803194,0.365846775559,0.362426789758,0.359092449459,0.355767895542,0.352409627581,0.349011124691,0.345593726171,0.342192623557,0.338845169074,0.335583970315,0.332434051367,0.329412516144,0.326529449072;0.289649538797,0.291431360168,0.293665561278,0.296776307218,0.301446652565,0.308015713782,0.314034582398,0.313046702537,0.322826517733,0.332690570676,0.337167525825,0.34887380113,0.367062858779,0.38051006337,0.343155313101,0.322982222597,0.312787442709,0.364869437525,0.386384971248,0.386999251463,0.406134530218,0.427687570146,0.437593064793,0.435130116249,0.420824031026,0.407016482157,0.40217393084,0.398988121803,0.39447835859,0.389326861901,0.38453372394,0.380375091087,0.376643766808,0.37319365947,0.370000225504,0.367048329105,0.364272008227,0.36155265302,0.358754319254,0.355774218897,0.352577473753,0.349195810874,0.345699731804,0.342168415072,0.338671349804,0.335261611154,0.331975737309,0.328836252468,0.325854833598;0.28619603714,0.287153426168,0.288264446813,0.289967268089,0.293800801556,0.303495506821,0.318831658036,0.303635435413,0.324924243901,0.33307499698,0.339066439667,0.354671860773,0.343723468547,0.348081128803,0.339961869414,0.295641119977,0.326792283289,0.377338582342,0.406416341422,0.373540133812,0.410339181613,0.43834460242,0.434233925382,0.419761787809,0.39354536733,0.35356166563,0.382101825958,0.386008170856,0.384433078795,0.381381952289,0.378018049424,0.374800493326,0.371875618355,0.369281045034,0.367021760912,0.365053746656,0.36324784314,0.361384399359,0.359213074684,0.356563950629,0.353422990494,0.349906007979,0.346175687865,0.342378891321,0.338624805874,0.33498614306,0.331506914487,0.328210298728,0.325105120525;0.282882209204,0.282744503782,0.28212455095,0.280615407279,0.276927268926,0.288995622509,0.331710167155,0.47083472779,0.3687670954,0.33174344112,0.330721972462,0.348055525114,0.285203165879,0.341462374135,0.345893886711,0.246384566161,0.34963454366,0.405030970399,0.501766970172,0.416117643456,0.457182596884,0.536496164894,0.45015538424,0.417949402987,0.388305660846,0.35780496648,0.372355892183,0.376099254804,0.375715788566,0.373904478656,0.371610398887,0.369309466047,0.367258249769,0.365599647796,0.364403201031,0.363642915714,0.363128456838,0.362451490479,0.361086505354,0.358698198191,0.355356913347,0.351397619414,0.347162604974,0.34289180825,0.338730048894,0.334758171634,0.331016241885,0.327518472292,0.324263251987;0.280207775208,0.278789976645,0.276192712389,0.270945911014,0.255818733257,0.265485775168,0.306088409127,0.337216368039,0.359878201795,0.304997123996,0.315940298562,0.35193456916,0.292796465962,0.327715761543,0.38994066732,0.348470543196,0.370291339899,0.526966954457,0.407717389472,0.377135298344,0.435980100532,0.475815068924,0.451844677501,0.423130633016,0.393829019531,0.371730887946,0.366319302196,0.367902129909,0.368137888061,0.36709575566,0.3655590254,0.364025674995,0.362809125993,0.362134498923,0.362173945429,0.363005118168,0.364441191865,0.365734745486,0.365594888279,0.363193791404,0.358995130001,0.353974736472,0.348788828598,0.343745868501,0.338981564916,0.334552361967,0.330471929661,0.326729454483,0.323301485753;0.279038782214,0.276064556746,0.27166240358,0.264114499642,0.231334660969,0.258221103138,0.282681943715,0.297025035968,0.282924210718,0.301110335229,0.324728587085,0.370685524277,0.353075291197,0.347064421061,0.351253054303,0.351806668626,0.364063386359,0.385748515122,0.397411184675,0.399210462288,0.41435127857,0.436427106744,0.527942208199,0.440032400919,0.391330986815,0.328233401272,0.347603377149,0.359957429469,0.361500969349,0.360926074017,0.359871055432,0.358931594704,0.358462863375,0.358777840822,0.360226685341,0.363205589597,0.367927004911,0.373368055051,0.3757289057,0.372097735602,0.365178640057,0.357903400097,0.351112576875,0.344918639964,0.33932447839,0.33430566818,0.329815152794,0.325793612483,0.322180232368;0.281319245197,0.275352117747,0.268884030372,0.261797755864,0.249365005127,0.245241157491,0.260356472647,0.278616137696,0.296229824378,0.288154273976,0.298838886327,0.373874870537,0.362460747695,0.407932614607,0.345077039669,0.342331206617,0.350985149481,0.367217679862,0.406036728754,0.447291582311,0.404598994038,0.419011106305,0.463837110535,0.444058180558,0.390669077884,0.351669869458,0.349809730775,0.355480940767,0.356023968189,0.355297616024,0.354439951789,0.353917241102,0.354069215094,0.355290341491,0.358177476295,0.363774998624,0.373987787073,0.390722468463,0.40207047122,0.38956675157,0.37446257299,0.363171937989,0.354055565554,0.346297235218,0.339634819877,0.333905650216,0.328954847389,0.32464172448,0.320848659433;0.294179759881,0.277081980039,0.266460640433,0.26077932046,0.255249003848,0.251331909866,0.255834695703,0.276248522824,0.331935917535,0.320243512975,0.30629165525,0.318392500819,0.329578279124,0.333605009618,0.322253937783,0.325893938611,0.335430126775,0.348342009233,0.365899897375,0.378694362336,0.38284535825,0.395897506918,0.432111213542,0.423447842344,0.384220274454,0.364535844794,0.355708557343,0.352778272043,0.351171167273,0.349925556483,0.349079656537,0.348823393891,0.349430901428,0.351336592117,0.355328379905,0.363089916709,0.379232251548,0.423507155359,0.538777473234,0.415791144067,0.385064976454,0.369446821155,0.357463168038,0.347665211825,0.339696850823,0.333179719003,0.327766246944,0.323187531451,0.319248191363;0.345907282704,0.276847351322,0.260837468148,0.256848875584,0.270820067557,0.269228867365,0.24301172573,0.202211331099,0.30968995282,0.295890684394,0.290106619496,0.297586231222,0.298985244026,0.230402619251,0.266318710258,0.305401977673,0.31874986208,0.328353706075,0.338530459536,0.34947416877,0.359476277135,0.369907386151,0.379684658806,0.379126318834,0.368957661157,0.359168095775,0.352476371535,0.348462896791,0.346002869091,0.344439827745,0.343586816851,0.343495427943,0.344375369137,0.346633112663,0.351037805879,0.359185478165,0.374968500108,0.409537653857,0.451507135376,0.415912318938,0.395764191952,0.377832599925,0.361293283826,0.348619767292,0.339158923083,0.331889303957,0.326098383009,0.321336950232,0.317320023378;0.289961568981,0.263691394735,0.248384944285,0.23900497657,0.23360056082,0.260382760039,0.222698571987,0.252499532794,0.263001484457,0.243746535359,0.261056128953,0.286338137877,0.288413309438,0.281069558968,0.278782607661,0.294471684046,0.303989848522,0.307409560361,0.310027076272,0.326363286325,0.339695750297,0.349612634632,0.356394276878,0.358320995328,0.35556807849,0.35081354829,0.346251786464,0.34271443667,0.340230109053,0.338631425176,0.337823420461,0.337834071188,0.338821342914,0.341107131454,0.345266302464,0.352292824747,0.363731981026,0.380548922093,0.398273512778,0.418223839591,0.433308721387,0.393015536667,0.364612255175,0.348223312618,0.337490908269,0.329753827599,0.323800629654,0.319006696183,0.315016869711;0.25978902248,0.246660807326,0.229323303428,0.216117008888,0.208856794511,0.223246845501,0.225822439436,0.225458969055,0.229316491302,0.218451953581,0.302056130624,0.294907951791,0.28624588638,0.283656877616,0.284210434236,0.288174257699,0.292014293009,0.288351124395,0.233474021583,0.308434106989,0.32485913815,0.335711604562,0.343694634267,0.347709481728,0.346993497837,0.3434987286,0.339593678314,0.33634654472,0.333985088472,0.332468332323,0.331740318611,0.331812813263,0.332791033047,0.334893459101,0.338480592978,0.344077617408,0.352324944691,0.363913884115,0.381645950344,0.429647714297,0.601470516282,0.400583086737,0.362465689285,0.344918620368,0.334138447873,0.326550242556,