TET2__poly=[0.407929736275,0.408649787059,0.409455971517,0.410383293211,0.41146846263,0.412736902985,0.414176143219,0.415681256304,0.416967145054,0.417644308915,0.417760153174,0.418300436037,0.41656255239,0.396634532178,0.369503764962,0.342219395053,0.310665104999,0.266500141482,0.275751368598,0.263161684401,0.25703206664,0.246916562186,0.200040944708,0.232063245396,0.228993716006,0.242066968082,0.23224844696,0.217519397584,0.223498897321,0.247931255396,0.182668007329,0.204449867869,0.159677074773,0.130166683006,0.202079909183,0.270175187624,0.192906251473,0.211310973142,0.233042990379,0.246187154815,0.256453599238,0.265003331889,0.272325892538,0.278708564025,0.284344383746,0.289371388538,0.293892072577,0.297984753841,0.301710739051;0.41163678889,0.412701428577,0.41393157842,0.415406050815,0.41723008301,0.419530137558,0.422438174475,0.426049351517,0.430100360497,0.433240736484,0.435324924839,0.432973962058,0.540111983639,0.431784638596,0.391679017662,0.357736234909,0.319235898614,0.258088354913,0.283136012044,0.273291910365,0.250700041826,0.221956423789,0.254228050822,0.249600617554,0.268951782092,0.26113096434,0.237292611376,0.217861935801,0.21986640002,0.217976041654,0.212015290454,0.198547264235,0.172242188496,0.157204790145,0.184216754245,0.195626805759,0.202499190381,0.217850595035,0.233703341682,0.246660397035,0.257127152241,0.265832155796,0.273251992334,0.279692218273,0.28535924377,0.290399497287,0.294920923573,0.299005558078,0.302717327155;0.415366011715,0.416756571374,0.418383536282,0.420377522279,0.422938809144,0.42635496056,0.431008107179,0.437555903228,0.447717811249,0.456519653323,0.455658752008,0.472542037229,0.598815225797,0.460596642291,0.416243758636,0.375939373976,0.335867959864,0.262791601261,0.21872643196,0.299882955175,0.315186968752,0.292020155371,0.275000690529,0.249449142148,0.288137591873,0.272710328833,0.241411538087,0.223086865635,0.221423350235,0.215609452241,0.205394023929,0.189512125734,0.162010276,0.174130120355,0.150825921235,0.165420893312,0.184914679755,0.217982798266,0.236064305443,0.248990612927,0.259266397671,0.267802419114,0.275083031146,0.281407401463,0.286975834713,0.291930175402,0.296375148803,0.300390592792,0.304038941794;0.419096475681,0.420776664415,0.422737456314,0.42515719161,0.428350641676,0.43286578286,0.439538844868,0.449133321911,0.468090844445,0.588662838122,0.472885496294,0.485719782707,0.48390439662,0.487696106107,0.465333217361,0.395535556448,0.350877854625,0.296371676774,0.301255187485,0.321441992691,0.412204968059,0.318761876712,0.292049365243,0.274911920374,0.264176979844,0.265106173666,0.246622179069,0.225559692943,0.234995966919,0.227497194717,0.2084999411,0.181846346126,0.188529698727,0.1910996795,0.181113304322,0.18539649765,0.198189289013,0.224661085056,0.241284113457,0.253255822146,0.262837643767,0.27087352072,0.277785145247,0.283827961297,0.289174351318,0.293948345934,0.298243059456,0.302130574233,0.305668019758;0.422828855695,0.424754131927,0.426957370933,0.429634150007,0.433181013581,0.438483937197,0.447876831492,0.466813579323,0.467978216532,0.456087404354,0.467738557101,0.52839955423,0.477575952655,0.50227174793,0.459127397359,0.408991027859,0.373171469336,0.339703222332,0.321837302426,0.322606547318,0.330651279328,0.318272253388,0.300901164622,0.274137757685,0.269846878542,0.270700477202,0.261279827447,0.252070833682,0.246655342625,0.239453602539,0.22877143964,0.216946590292,0.21242412723,0.21131353401,0.211390233218,0.216228503372,0.225344719632,0.237681670155,0.249360726339,0.259256515298,0.267658324142,0.274912737514,0.281265189382,0.286887942453,0.291907171222,0.296418855954,0.300498112216,0.304205005547,0.307588388449;0.426593492703,0.428731158606,0.431087310073,0.433815672333,0.437255561039,0.442246344351,0.451611929082,0.484686632926,0.470016455264,0.371384502986,0.446814528845,0.461669835895,0.469796334477,0.46597762345,0.444205107072,0.419297870027,0.432099029364,0.358712037373,0.329770159631,0.315211641947,0.322926764075,0.321146895045,0.310211032298,0.293403714169,0.284523617604,0.279688467726,0.270664406974,0.260732903421,0.255355522949,0.250806501763,0.244375347697,0.237493357724,0.230926524099,0.21402268807,0.223113050454,0.234223132716,0.241887966483,0.250147520439,0.258510941491,0.266323074183,0.273381560759,0.279708204823,0.285383086068,0.290490266426,0.295104679957,0.299290379976,0.303101543927,0.30658397204,0.309776502976;0.430452065398,0.432809409922,0.435282747604,0.437929465634,0.440893270836,0.444461247425,0.448977668696,0.452564875704,0.442414362634,0.428175872094,0.447243887124,0.405443651976,0.490878077499,0.501666148081,0.451125564469,0.417011129184,0.411320960942,0.37659403463,0.339633422879,0.331197193767,0.332187856711,0.330363476766,0.323140067627,0.311923835402,0.299494861855,0.288288000332,0.276570180088,0.239252143121,0.258568930494,0.260764971792,0.256846475812,0.251934039931,0.246451328268,0.238326946226,0.241361713051,0.249153205988,0.255260782858,0.261400692196,0.267679353187,0.273824334265,0.279633055528,0.285021747205,0.289977936175,0.294521441043,0.298684194604,0.302501101463,0.306006115078,0.309230672394,0.312203193808;0.43448913791,0.437141301395,0.439799939631,0.442407045297,0.444912210729,0.447222697676,0.448902065595,0.448168772724,0.438761017362,0.420026174456,0.471480156508,0.552377746821,0.744537806175,0.506567816623,0.46452898239,0.445657137361,0.438073853258,0.395934324881,0.397419092195,0.366409312247,0.3488160796,0.343197516382,0.343572549759,0.330941572713,0.309049299249,0.289559753695,0.2834398655,0.273908626221,0.271894229578,0.270745645814,0.267270001424,0.263607939714,0.260527418231,0.258615006878,0.259570615897,0.262949269164,0.267142754077,0.27172503647,0.276534752848,0.281386683742,0.286122451153,0.290641906867,0.294895628789,0.298867333637,0.302559623589,0.305984929565,0.30916025828,0.312104264216,0.314835661882;0.438793323066,0.441905727131,0.444953505579,0.447757431373,0.450122327365,0.45186305757,0.452749301807,0.452530356131,0.452017090824,0.458119942624,0.483729577703,0.576962840244,0.513657929322,0.529813017304,0.504360253019,0.441559811431,0.411348473675,0.394877477448,0.408363826663,0.374853906629,0.355689173791,0.351973635241,0.39640676175,0.358503409211,0.316327865154,0.259035438847,0.291123104661,0.289126684381,0.284455873732,0.279651190275,0.274900727825,0.271915109533,0.271011054517,0.271242861113,0.272511129757,0.274807725407,0.277816047257,0.281266947315,0.284984113626,0.288822276124,0.292659793598,0.296406916215,0.300005953543,0.303424830834,0.306649373577,0.309676939785,0.312511889412,0.315162579448,0.31763944314;0.443428366396,0.447277999027,0.451095801459,0.454540974248,0.457212933098,0.458887870884,0.459559930168,0.459386395769,0.459465560979,0.462781278902,0.473153702668,0.487527447821,0.480338074546,0.483727326642,0.507338472087,0.4082962289,0.375906246408,0.372324845083,0.371812182979,0.361737818854,0.35138088857,0.347031847196,0.348885775777,0.340408506046,0.323734452833,0.31064885125,0.30456674504,0.29967111508,0.293533169943,0.285503641414,0.2754915028,0.27329325596,0.277718670319,0.28077577666,0.28293708768,0.28506285701,0.287448177781,0.290117971879,0.293011100502,0.296043322493,0.29913101507,0.302203466353,0.305207621217,0.308107516203,0.310881209596,0.313517211269,0.31601135385,0.318364367292,0.320580115551;0.44838805161,0.453381841797,0.45863825196,0.463583855199,0.46719200682,0.469066649785,0.469806604727,0.468938042396,0.465989815891,0.46310564583,0.461339698335,0.457919113761,0.452332142161,0.447468886724,0.421281587414,0.347932245973,0.358280231573,0.322135358073,0.360348954684,0.340062563778,0.336266168674,0.331428016481,0.329563078638,0.330485391305,0.326938602054,0.320728304294,0.314765130779,0.308847406596,0.301588623962,0.289754568203,0.251210782254,0.257190350454,0.2825807539,0.289222715431,0.292217469349,0.294317472787,0.29629877861,0.298392201776,0.30064013786,0.303016213796,0.305471791836,0.307956237015,0.310425783774,0.312846495654,0.315194167028,0.317452896795,