UTF1_OAC1=[0.852162985182,0.856903147296,0.861764508961,0.866706927753,0.871680811159,0.876670530839,0.881668893693,0.886337433905,0.890170816653,0.894591101796,0.905285804848,0.909440974434,0.90849448829,0.922606878149,0.915913492128,0.911420484766,0.91448711456,0.910149949979,0.8983846076,0.890822832161,0.88488994729,0.880657571449,0.880259575586,0.877617591811,0.866306626517,0.857745078769,0.850774822748,0.844489017194,0.838580707721,0.8325212586,0.82543350771,0.817705921222,0.810214363636,0.803263767364,0.796859390815,0.790940123778,0.785441954816,0.780310857278,0.775506030547,0.771001450903,0.766784727702,0.762851982197,0.759200551927,0.755823104642,0.752705383379,0.749827272962,0.747165491233,0.744696320478,0.742397559928;0.85447112973,0.859666636203,0.86508112754,0.870670533426,0.876326101808,0.882044676078,0.888334262937,0.895722621398,0.897497291267,0.899130075743,0.903792321675,0.907482755582,0.909181344772,0.91223515111,0.915924757693,0.916055150964,0.917143752064,0.90329216433,0.896614539226,0.893807309049,0.886285513185,0.878241322005,0.87199485069,0.865636934994,0.85884340391,0.851882511845,0.843448138776,0.83574649883,0.829215026537,0.823133653391,0.816944047184,0.810563422927,0.804206665464,0.798065928464,0.792228019602,0.786711716703,0.781502991714,0.776574920136,0.771902746835,0.767476790731,0.763306820363,0.759413558705,0.755813657751,0.752509021951,0.749485249105,0.746716550781,0.744172357001,0.741822508012,0.739640172551;0.85666818615,0.862365459024,0.868461515199,0.874990471277,0.881703626283,0.888004657503,0.89535344379,0.910118089871,0.905107151803,0.903850046992,0.907398319228,0.914478602654,0.91596774258,0.911391678579,0.910854386181,0.920170454659,0.911525966531,0.901428330229,0.898340437595,0.900068332076,0.888504983337,0.878832918498,0.868640873045,0.85932481211,0.854952031068,0.858393613953,0.836660963245,0.826639464848,0.820102140866,0.814548539964,0.809131250563,0.803627634982,0.79808135357,0.792604077165,0.787286005676,0.782174807214,0.777277834716,0.772572620551,0.768031176496,0.763654489934,0.759488415177,0.755600648966,0.752041560552,0.748823259806,0.745923679797,0.743302151088,0.740913796312,0.738718050312,0.736681901703;0.858691378825,0.864885822918,0.871749196854,0.879709344649,0.889648837926,0.895926026495,0.901509132156,0.924173537498,0.911565731777,0.90947750576,0.912673892053,0.926076194348,0.933104795409,0.914328811477,0.910688385748,0.932405201368,0.905153157484,0.900939039367,0.91136704806,0.891053555761,0.889622036062,0.896580797827,0.867953768144,0.852719775034,0.843807421352,0.84023738079,0.822781597184,0.814849623536,0.810209406309,0.805981986562,0.801524167137,0.796796428136,0.791906562054,0.786983993805,0.782137128762,0.777434612831,0.772888796582,0.768445529127,0.764021586823,0.759607638498,0.755327695726,0.751358266825,0.747811647584,0.744701453697,0.741975169433,0.739557492084,0.737377739902,0.735380358162,0.733525591989;0.860496578741,0.867075773763,0.874561858934,0.883831049773,0.897848653892,0.903431243002,0.902492859691,0.908202651235,0.914564457692,0.9168574441,0.916589548881,0.924236306636,0.932114761712,0.922587577745,0.913809640957,0.901672707745,0.896876941606,0.916530416928,0.893510632348,0.894016010875,0.881570886319,0.87842722623,0.862603834704,0.844736574273,0.824116709015,0.802711549423,0.796558492003,0.799331128574,0.799531712453,0.797419843417,0.79406444009,0.790053255432,0.785714288158,0.781260184892,0.776847390326,0.772588393486,0.768513829511,0.764481287218,0.760181771705,0.755500545075,0.75079974651,0.746555838836,0.742981485168,0.740036674258,0.737576412261,0.735453402486,0.733556548528,0.731813377016,0.730180400201;0.862143806986,0.868862936649,0.876557232574,0.886312333089,0.906788975847,0.903950806798,0.904357268549,0.90888902644,0.918462396546,0.914546252472,0.913539111217,0.916108704477,0.912339933046,0.90770092728,0.899957889795,0.891977113372,0.887001907704,0.884762978446,0.884190706396,0.882739021976,0.870526805936,0.863579903573,0.876454689621,0.840598415538,0.803282010201,0.697518818225,0.751273174654,0.783768133836,0.789695061744,0.789418307031,0.786920265027,0.783448922301,0.779528203236,0.775448592347,0.771431384434,0.767694752667,0.764418779485,0.761395433324,0.757439167908,0.751751534881,0.745763072161,0.740864380877,0.737272153878,0.734661302489,0.73265091465,0.730968307686,0.729455752293,0.728033380371,0.726665128799;0.863986884531,0.870396460913,0.877790580243,0.886866821438,0.898865782271,0.907524260749,0.910160232553,0.915474488664,0.921795644834,0.918340900907,0.916497147501,0.91135792454,0.904584072241,0.90716460456,0.891280580902,0.883603085556,0.877868217208,0.87422466254,0.876104772055,0.878426461611,0.859789022954,0.853029583159,0.854335828678,0.836536307041,0.80005915063,0.747778182591,0.758032320187,0.777851372667,0.782748141173,0.782517918983,0.780239811716,0.777018084603,0.773347177418,0.769522094357,0.765817163059,0.762644733902,0.760792127245,0.761232008384,0.759739328561,0.749356217046,0.739484447833,0.73345039253,0.730173058987,0.728352233997,0.727138288405,0.726112645979,0.725108809021,0.724076521955,0.723011590828;0.867431015257,0.87199486776,0.878707607013,0.887240418937,0.897487606895,0.905638552573,0.910978800866,0.917620333283,0.923758097014,0.916450225283,0.905699010803,0.89884701951,0.895172847608,0.892884726811,0.885002025377,0.876436737202,0.869459570604,0.864357853685,0.860696350955,0.855543925074,0.847421390495,0.840883003039,0.840640910626,0.827417517778,0.802813293575,0.784388383904,0.777565809886,0.778026082561,0.77805859591,0.776535317372,0.773942185091,0.770714021861,0.767134647898,0.763422429244,0.75984311417,0.756950222018,0.756462100103,0.766526348719,0.806587562133,0.747019376643,0.728851295704,0.722423169498,0.720915686549,0.720931352486,0.72107440866,0.720971189178,0.720595315779,0.720005297812,0.719266121084;0.877808353372,0.873163295872,0.87956523212,0.88877339951,0.899841898597,0.90649643658,0.913661950824,0.938874428949,0.924566659862,0.91431279259,0.900966597173,0.891716135895,0.887179403666,0.909916975866,0.891128924124,0.870307893782,0.861320698472,0.855395784195,0.849949891353,0.843149180053,0.835283188654,0.827547568694,0.819990360027,0.80988552344,0.797440941614,0.78668251173,0.779772406191,0.77603069573,0.773415209142,0.770759455465,0.767758291526,0.764423212229,0.760839886905,0.757113692539,0.753402567151,0.750069274724,0.748255287683,0.75211522451,0.756899884647,0.724559485691,0.705614734757,0.704326956821,0.7088801636,0.71259029348,0.714731761232,0.715748707006,0.716051210409,0.715907850915,0.715486478329;0.867735605614,0.8720901888,0.880250344737,0.8921358782,0.912887174564,0.908538052597,0.914818588237,0.9107710279,0.912264425542,0.912853729855,0.90150447614,0.884859864227,0.87697791735,0.874914201531,0.871577474754,0.86041599085,0.852701982211,0.848566313222,0.845063706702,0.834196749162,0.823904853565,0.814487821546,0.805329246198,0.796233662866,0.787679063289,0.780506522845,0.77507088344,0.771047465488,0.767756376417,0.764643608954,0.761433338012,0.758034437506,0.754433773596,0.750637824376,0.74664579553,0.742421602332,0.737743849909,0.731167700931,0.71580719474,0.678565261027,0.643662313615,0.675028118399,0.695416638703,0.704456448677,0.708724334659,0.710766695256,0.711650445691,0.711883187779,0.71173212412;0.861896981497,0.870082506702,0.881725052521,0.893443905918,0.903486486141,0.901227741891,0.903127307208,0.909532903711,0.911867453424,0.913493674346,0.896763570697,0.875108443543,0.86395711602,0.858655339026,0.854003018388,0.848367750611,0.843243496606,0.842497974494,0.870322754782,0.825516288431,0.812188355307,0.800786912948,0.789774747808,0.78045113265,0.77426419811,0.770274607277,0.767046978758,0.764032439818,0.761060640284,0.758023237017,0.75484610007,0.751488464436,0.747921462574,0.744096975767,0.739900027267,0.735038913629,0.72872487055,0.718705442802,0.69828428681,0.638601127545,0.440376558997,0.653533194429,0.686857809112,0.698563182658,0.703804729789,0.706345197175,0.707546027926,