PTPN6__poly=[0.205584620843,0.20760453686,0.209835923443,0.21232119747,0.215127097189,0.21836664103,0.222240310059,0.227114799777,0.233671037761,0.243113544236,0.257315382297,0.276706364246,0.286389816078,0.279922811227,0.278726975863,0.280019531202,0.280631628186,0.265337581945,0.285690076334,0.330814868489,0.308723900081,0.306159865902,0.248358775008,0.295768112907,0.302420416168,0.335686611555,0.356023528763,0.37946033316,0.349437831759,0.384130502197,0.471413849412,0.296168164674,0.228348532697,0.184806292281,0.267148870297,0.259880764114,0.326626544385,0.293174010416,0.274561740744,0.267389519253,0.262283884434,0.257945172836,0.254029902425,0.250418382482,0.247058822048,0.243922516295,0.240989283242,0.238242537617,0.235667613908;0.203163439663,0.205016869665,0.207045687108,0.209273369398,0.211738574027,0.21451752706,0.217772307518,0.221856634884,0.227643393922,0.237409599079,0.256464556958,0.315080382611,0.415194456117,0.275652103937,0.265737951941,0.267946383332,0.28281431984,0.362552379078,0.283298738423,0.310731514814,0.280354253753,0.380455988993,0.3262921459,0.338731778768,0.352461337677,0.348209569482,0.344224011214,0.361689408299,0.361886484264,0.358074723826,0.335491272222,0.302182066966,0.254827721947,0.220715182633,0.244713000072,0.253264720108,0.266733399122,0.272680014016,0.267934858357,0.263200554006,0.258999653925,0.255146976168,0.251552674505,0.248178147743,0.245004195306,0.242018249701,0.239209655628,0.236568147929,0.234083531566;0.200551368269,0.202213101489,0.204005169207,0.205920914802,0.207945031272,0.210062370555,0.212292607111,0.214715337738,0.217366276855,0.223692248039,0.240632143261,0.262915989364,0.209368692527,0.24962897362,0.249616389204,0.253857257915,0.256900003662,0.221898860148,0.191612655282,0.269554791746,0.280487308796,0.300507587689,0.321920319418,0.392497779428,0.407654120309,0.357975114481,0.339419396143,0.337061025149,0.357533471271,0.351705491205,0.333008948348,0.321656178531,0.371062815539,0.251770093796,0.204476932252,0.246843088186,0.252873805745,0.261240213049,0.261216912624,0.258579611752,0.255346027548,0.252035408603,0.248798191098,0.245685699328,0.242717217795,0.239899068823,0.237231181901,0.234709933032,0.232329655648;0.197766913466,0.199223145542,0.200765418422,0.202352105839,0.203893115766,0.205213278101,0.206034659144,0.206150802576,0.203500782056,0.162893677081,0.220173168358,0.22638893131,0.230885841408,0.223057371809,0.223568339031,0.241804678155,0.241248175321,0.220792593989,0.237177468923,0.261385176968,0.307911866478,0.286310057153,0.302058412763,0.32632450678,0.353452800937,0.336133717832,0.349724818523,0.379034817868,0.331547040206,0.321254218301,0.312548894376,0.283164062906,0.27975154247,0.258786611058,0.236523053439,0.26759653715,0.260506533233,0.257354048561,0.256423952348,0.254317809816,0.251640538755,0.248756961452,0.24584498172,0.242989322325,0.24023092216,0.237589258371,0.235072535308,0.232682660668,0.230417889317;0.194826311617,0.196073981339,0.197376984235,0.198668465643,0.199791818493,0.200371935005,0.199406055039,0.194474852812,0.194381638062,0.19878032698,0.211227359973,0.19894374064,0.224863430635,0.212662750004,0.225454653503,0.239371488121,0.242360294322,0.235006760573,0.234411815584,0.246465340452,0.264118892234,0.27301743929,0.282232982684,0.280335295902,0.295124029285,0.310440387514,0.319593363281,0.323030418458,0.314487065672,0.304967301967,0.294281973599,0.279500151054,0.268048830404,0.258227146301,0.252254086288,0.255050150003,0.255998680362,0.254270288152,0.252505616999,0.250407496108,0.247988158684,0.245396272694,0.242751911191,0.240130538696,0.2375759499,0.235112415655,0.23275248047,0.230501591058,0.228360841689;0.191738166299,0.192778392923,0.193866422456,0.194936226081,0.195824647264,0.196116569106,0.194507049612,0.183321946453,0.185080740214,0.167487944179,0.216911833791,0.234367492546,0.232876074088,0.235682249411,0.236805595778,0.243768318904,0.301718560982,0.236144165016,0.223759031278,0.225152552806,0.244550432879,0.259514400023,0.268626261921,0.271765916756,0.280303244109,0.292483864819,0.302915919018,0.31182236596,0.306269062132,0.294889416859,0.284847412574,0.274744769504,0.263424903664,0.239399039287,0.244423163083,0.25094325913,0.251503519058,0.250408603245,0.248675663168,0.246621708014,0.244357900433,0.24197507919,0.239549896969,0.23713822504,0.234777072737,0.232489423554,0.230288637314,0.22818167063,0.22617126632;0.188500345281,0.189326830833,0.190215814668,0.191130574363,0.191970482627,0.192503295322,0.19226760362,0.190982725006,0.190270202631,0.19414199473,0.226959576705,0.347717565137,0.234581706135,0.277857093909,0.245042683104,0.22805095675,0.241217433529,0.227561925839,0.211478471294,0.218616575192,0.235328527122,0.250633638965,0.261469457406,0.267744464504,0.27216553777,0.279061479255,0.294083513772,0.377568080181,0.311910921924,0.287470764025,0.277376434464,0.269123366005,0.259959816886,0.247333847651,0.245761923897,0.248245179964,0.24793604446,0.246617020433,0.244847772819,0.242842389506,0.240700742485,0.238486910815,0.236250586119,0.234030000057,0.231852804826,0.229737781749,0.227696879519,0.225737045986,0.223861674185;0.185101406034,0.185687794765,0.186361145575,0.18712981777,0.187976281259,0.188840697192,0.189627983797,0.19017092088,0.188636644813,0.183572012686,0.20460100745,0.190472803182,0.114732027492,0.249580910481,0.240001514281,0.213409555029,0.210705145749,0.215726409927,0.207613903841,0.218054316977,0.231216328459,0.246348050221,0.265149260443,0.268361280911,0.261929120485,0.259602178058,0.274608632505,0.295458391518,0.289301168275,0.27742966305,0.270470488791,0.26438789968,0.257937578906,0.251820700969,0.248049398851,0.246190961648,0.244596293756,0.2428612949,0.240986373027,0.23901392476,0.236981171399,0.234919629126,0.232856928503,0.230816496992,0.228816936482,0.2268720385,0.224991343524,0.223180921009,0.221444145555;0.181527104646,0.181816959628,0.18220889292,0.182762348867,0.183536195761,0.184571853114,0.185895749596,0.187505578175,0.18938008313,0.192397307974,0.194225040391,0.169090314765,0.208395197233,0.233195330317,0.263934283719,0.228101584969,0.210270093087,0.205989985093,0.198387842243,0.210793174473,0.22346942118,0.240805218261,0.309113694875,0.281471464209,0.251309320813,0.214953234386,0.254520074213,0.265369373978,0.26812124535,0.267176851451,0.26543038585,0.261459538165,0.255612503491,0.250185971593,0.246121828441,0.243240322538,0.240979545323,0.238958800246,0.237015261175,0.235091694103,0.233173392463,0.231262897851,0.229369686144,0.227505252897,0.225680544542,0.223904733373,0.222184815758,0.220525666945,0.21893030629;0.177771425899,0.177671181563,0.177652252027,0.177835087752,0.178368304033,0.179359866753,0.180886567879,0.183089878654,0.186119208059,0.189887113168,0.193338003766,0.196736739466,0.211242200568,0.237473322326,0.305510225766,0.216756765033,0.192440187325,0.192555215749,0.197285914945,0.202838285673,0.211238245332,0.22379013928,0.241220707716,0.24524412038,0.24022878989,0.239439645993,0.244760680828,0.250874040522,0.255549848465,0.260795379069,0.268930797858,0.265019989411,0.253824985682,0.246919940737,0.242487222453,0.239338741034,0.236884353248,0.234788939869,0.232871434056,0.231042098161,0.229260361556,0.227510876369,0.225790860434,0.224103379298,0.222453707133,0.220847382645,0.219289247998,0.217783057996,0.216331404483;0.173852737225,0.173228870267,0.172576446949,0.172090723728,0.172128111215,0.172871140069,0.174227143345,0.17654758511,0.180353296561,0.185465488746,0.19217661012,0.20216432988,0.211961126391,0.211168242711,0.205067590492,0.170573298127,0.175720699418,0.161052501659,0.186585676076,0.184580472043,0.192697020367,0.200818654713,0.210379847623,0.220325222482,0.22629512774,0.230433252492,0.234993004503,0.239965906832,0.245533616009,0.255312461983,0.309333863988,0.279136479395,0.250059993157,0.242070812758,0.237681319674,0.234656899365,0.232306498906,0.230318719253,0.228529593847,0.226850736162,0.225236205892,0.223664045798,0.222125582137,0.220619197528,0.219146706131,0.217711267345,