TRIM28_OAC1=[0.989604062985,0.98997084179,0.990345835239,0.990725880695,0.991107167544,0.991488263531,0.991868332831,0.992223906385,0.992520623565,0.992855496099,0.993611498902,0.993922311478,0.993890656221,0.994860931438,0.994448548779,0.994187820885,0.994426208527,0.994185674384,0.993475976791,0.99305050871,0.992740698299,0.992547659,0.992597648913,0.992506296812,0.991879121349,0.991405362312,0.991002728716,0.990613693165,0.990225206197,0.989814292966,0.989335581907,0.988818047316,0.988318767811,0.987858460367,0.987438041047,0.987053191538,0.986698537202,0.986368687994,0.986058708078,0.985764538723,0.985483291999,0.985213260199,0.984953657267,0.984704255983,0.984465075113,0.984236176716,0.984017562371,0.983809134874,0.983610696256;0.989753653251,0.990154022076,0.990569328769,0.990995991074,0.991425933026,0.991858456966,0.992327976966,0.992869614787,0.993025159803,0.993170526766,0.993519430458,0.993800644363,0.993947407811,0.994184072907,0.994462111592,0.994506611239,0.994616391716,0.993765856355,0.993394039006,0.993281734653,0.992885676558,0.992476192145,0.992194950602,0.99191608736,0.991605296506,0.991256371618,0.990773118525,0.99028307356,0.989827363822,0.989383752292,0.988933553882,0.988479464593,0.988037753601,0.98762096405,0.987233791647,0.986875729651,0.986543393843,0.98623188729,0.985935976745,0.985651317425,0.985375298617,0.985107080939,0.98484699499,0.984595834458,0.98435438453,0.98412321146,0.983902612617,0.983692639751,0.983493148056;0.989894444344,0.990331919509,0.990796805273,0.991290726404,0.991795547456,0.992269377301,0.992812335938,0.993857946624,0.993549370118,0.993498567017,0.993772114749,0.994279671219,0.994410738998,0.994140788259,0.994141928659,0.994789646466,0.994268874197,0.993669054444,0.993534346991,0.993716066555,0.993081665596,0.99259824325,0.992119978772,0.991727746475,0.991629721543,0.991925590583,0.990688633995,0.990019945157,0.989499599563,0.989030961124,0.988586577777,0.988159463666,0.987752165251,0.987369389659,0.987013908643,0.986685390954,0.98638032326,0.986092487705,0.985814573666,0.985540859074,0.985269168334,0.985000532161,0.984737406072,0.984482202925,0.984236703356,0.984002002168,0.983778629836,0.983566696934,0.983366021356;0.99002181973,0.99049638628,0.991017231552,0.991613080699,0.992343458557,0.992816088922,0.993237978467,0.994822865931,0.993996082075,0.993889137459,0.99413826901,0.995065954477,0.99556061612,0.994348217592,0.994145189149,0.995599502511,0.993873587538,0.99365903054,0.994386592462,0.993187440376,0.993204553017,0.993755665251,0.992222365898,0.991592262009,0.991392421989,0.991413255636,0.990433490039,0.989740730833,0.989185769982,0.988699156361,0.988255393412,0.987843523761,0.987460406238,0.987106523,0.986782847291,0.98648853608,0.986218826164,0.985963613327,0.985709516572,0.985446861794,0.985175087158,0.984900107453,0.984628576241,0.984365207082,0.984112757422,0.983872632971,0.983645361284,0.983430903971,0.98322887278;0.99013239786,0.990636480147,0.991203628311,0.99189352875,0.9929093249,0.993334533168,0.993309528391,0.993739726862,0.994209555082,0.994399497523,0.994415115925,0.994956705025,0.995507123796,0.994906529624,0.994364152555,0.993614763851,0.993356263364,0.994672557956,0.993279489856,0.993403365226,0.992756600178,0.992733711752,0.992048222066,0.9914383662,0.991000615226,0.990677873079,0.990110101873,0.989438346643,0.988857299867,0.988358776162,0.987917349368,0.987518698288,0.987156923107,0.986830999222,0.986542087149,0.986290747425,0.986072200265,0.985868944063,0.98565017254,0.985394176789,0.985108554434,0.984813812155,0.984524139411,0.984246157335,0.983982651994,0.983734626925,0.983502102805,0.983284522942,0.983081024974;0.990230084881,0.990746716611,0.991331589657,0.992058909181,0.993526832888,0.993371290107,0.993442950173,0.993796446473,0.99448666886,0.994260938759,0.994230564092,0.994435549299,0.994218353005,0.993946139369,0.993476552189,0.993002361028,0.99273669607,0.992662163312,0.992710644086,0.992725374266,0.992115695805,0.991898335169,0.992928375912,0.991430128224,0.990789316438,0.991381010033,0.990124475604,0.989118183808,0.988491904268,0.987990133484,0.987557556231,0.98717488496,0.986835340463,0.986538719159,0.986289346406,0.9860945841,0.985958895861,0.985859313756,0.98570791963,0.985432810044,0.985091155985,0.984749193462,0.984426288118,0.984125015426,0.983845360262,0.983586622028,0.983347508547,0.983126381251,0.982921523465;0.99033960992,0.990837114065,0.99140435955,0.992088482718,0.992972654675,0.993619187129,0.993847736029,0.994257409831,0.994729358286,0.994538959584,0.994454944569,0.994149745711,0.993736036822,0.993935110706,0.992933217987,0.992478453392,0.992164979226,0.992004860592,0.992215007328,0.992471707832,0.991478111401,0.99128502826,0.99166074895,0.991159735041,0.990333213648,0.990225393211,0.989482906276,0.988649333182,0.988058893579,0.987579374778,0.987166643505,0.986804886214,0.986489544154,0.986223230333,0.986016193697,0.985890775293,0.985890729183,0.986062454229,0.986134016111,0.985664920804,0.985138824619,0.984707569296,0.984334080951,0.983999596906,0.983698169281,0.983426028622,0.983179422986,0.982954813739,0.9827491351;0.990560741416,0.99092964374,0.991452484198,0.992103360989,0.99287165036,0.993490405369,0.993912541167,0.994419697864,0.994885397002,0.994447110436,0.993783123584,0.993373281689,0.993163724562,0.993039079256,0.992553407238,0.992035404987,0.991638972851,0.991387021781,0.991254447981,0.991061406265,0.990728548077,0.990548175085,0.99080457302,0.990419268394,0.989594123937,0.989102636589,0.988597993482,0.988054659459,0.987559548264,0.98712443829,0.986741238405,0.98640462607,0.986114444023,0.985876664978,0.985707093222,0.985643586799,0.985793571288,0.986621600584,0.989158349643,0.986103867642,0.985212233193,0.984682599104,0.984244732141,0.983865118117,0.983536014535,0.983248687141,0.98299479615,0.982767697812,0.982562419745;0.991274800497,0.990988607959,0.991493181967,0.992196518132,0.993027946208,0.993549939737,0.994105809799,0.995875332018,0.994972769608,0.994358285566,0.993545167445,0.992988261639,0.992715587675,0.994188554684,0.992982686681,0.991661394711,0.991127741936,0.99082163485,0.990581531423,0.990296931937,0.989992093266,0.989741613941,0.989542179973,0.989225300093,0.988777874547,0.98833231933,0.987889939082,0.987446598877,0.987023002052,0.986633593784,0.986282965044,0.985972934821,0.985706884035,0.985492668495,0.985347108387,0.985307208257,0.985465449258,0.986089787801,0.986922793971,0.985919257511,0.985283844244,0.984703065267,0.984158166684,0.983711962072,0.983350226608,0.983048627045,0.982789821236,0.982562660887,0.98235990917;0.99052469351,0.990884018597,0.991517467278,0.992414331583,0.993926137231,0.993688255899,0.994193926094,0.994006899654,0.994206001936,0.994345581119,0.993702340327,0.99269047375,0.992182177457,0.992013101632,0.991767951561,0.991045584829,0.990579670452,0.990383334902,0.990269913506,0.989745630826,0.989317579785,0.988994905217,0.988709275483,0.988396038215,0.988031814037,0.987639537224,0.9872399611,0.986845420117,0.986467523574,0.986115564832,0.985795275975,0.985510633119,0.985266247312,0.985069665939,0.984934296512,0.98488388861,0.984956280167,0.985176952801,0.985440521831,0.985778197208,0.986014933867,0.984888404093,0.984051954892,0.983516567509,0.983127231068,0.982818572351,0.982560570827,0.982337543768,0.982140406457;0.990069591267,0.990707046118,0.991592647031,0.992482658161,0.993253718537,0.993174558654,0.993402222847,0.993952310125,0.994247986336,0.994515919184,0.993631458365,0.992366564223,0.991582396825,0.991100822322,0.990695408017,0.990284827609,0.989964502714,0.989979219311,0.991843440844,0.989209994752,0.988650087295,0.988301203737,0.98801714337,0.987724440465,0.987379733138,0.986999139006,0.986615602309,0.98624601207,0.985897592347,0.985574767942,0.985280974718,0.985019436316,0.984794114584,0.984610832844,0.984478506905,0.984410094734,0.984421703295,0.984531153505,0.984808570457,0.98585528739,0.990029929641,0.984882647435,0.983800405926,0.983238410105,0.982852224331,0.982552436301,