ETV5__poly=[0.30058123631,0.299696318643,0.298728215697,0.297668789777,0.296519641529,0.295304707014,0.294089611321,0.293006768011,0.292265553703,0.292004286691,0.291833268797,0.29149970596,0.296499105553,0.308271650998,0.317173000523,0.320686236458,0.321532466176,0.328721841021,0.318831675229,0.310889155382,0.34225047479,0.370477376186,0.291753560845,0.405567771721,0.40954887856,0.359880048006,0.347517709485,0.337640165281,0.35935543318,0.333059033563,0.27588362434,0.362807230473,0.432402767434,0.282779299352,0.338502954146,0.316225204175,0.299217599253,0.32515318671,0.343013208702,0.346471569647,0.346975971413,0.346615552423,0.34596416071,0.345219990239,0.344462653343,0.343726643777,0.343026744689,0.342368365001,0.34175228501;0.299122744562,0.298028298842,0.29678918028,0.295368434973,0.293727015772,0.291837572943,0.289711326839,0.287442367817,0.285357102305,0.284176863136,0.28275517283,0.268421845218,0.241494775523,0.30304888961,0.310844132646,0.315796258611,0.312006206869,0.274413177009,0.315625583741,0.31925310094,0.333578421194,0.455082453683,0.387618496497,0.405695738796,0.382567079329,0.36456565017,0.367403112632,0.365542687257,0.375878485123,0.371607468196,0.357882696501,0.365209148867,0.351745605209,0.326417056799,0.354047610435,0.367412422814,0.363050239533,0.349509281783,0.348250395178,0.347903669343,0.347307338703,0.346565425654,0.345777465668,0.344993275987,0.344236358965,0.343517354087,0.342840303258,0.342205718001,0.341612215706;0.297694184597,0.296395034294,0.294885121197,0.293086626495,0.290891925053,0.288167072267,0.284779573298,0.280583877722,0.27516819994,0.271723447978,0.274870290454,0.273659825386,0.341991869738,0.303896018137,0.305176637605,0.315932706964,0.322374210467,0.280050078243,0.244570859568,0.336064835835,0.344206267917,0.366208042996,0.38056442005,0.432601037149,0.391054402567,0.364387034266,0.372632987468,0.386151290407,0.386515774243,0.3865960022,0.370820933106,0.380286864905,0.453600161808,0.364180751644,0.373861422532,0.346336989552,0.399146770068,0.363124248466,0.352857616793,0.349384416873,0.347673671611,0.346513959782,0.345569907275,0.344736409546,0.343975968402,0.343272980757,0.342619489525,0.342010362846,0.341441586856;0.296324097537,0.294842263924,0.293091323466,0.290946590501,0.288204086632,0.284532555845,0.279460209409,0.272631768875,0.261375052142,0.202424479355,0.264792399219,0.268644785284,0.282348197957,0.277774387165,0.283851419742,0.31804264594,0.345371514454,0.404366560195,0.3739515037,0.373872303541,0.379529127332,0.3589227356,0.36494248697,0.375037969016,0.386430412776,0.361466511728,0.347196122201,0.333205256258,0.362308668926,0.369610248329,0.384392668073,0.436022832596,0.410895538629,0.361846085612,0.331394394703,0.338936762858,0.375226545553,0.361131597851,0.353145179074,0.34955490569,0.34757792897,0.346265711956,0.345259370182,0.344413997259,0.343666916249,0.342988701048,0.342364095752,0.341784210081,0.341243178829;0.295032258515,0.293405654972,0.291476520871,0.289085086517,0.285936232606,0.281428565814,0.274125200196,0.260816335619,0.253342013501,0.250870054664,0.258591210819,0.240710321889,0.275784907274,0.266829280367,0.291779531672,0.321960747053,0.349693381649,0.37685336032,0.388747016256,0.386115965975,0.369519355258,0.358413930904,0.35255817114,0.33541140465,0.340753311396,0.347851055278,0.345012298668,0.34534938066,0.352337397578,0.360133219748,0.370740210536,0.384666335436,0.378054532067,0.355946962574,0.345806164869,0.347496800972,0.352811567436,0.353105157894,0.350673149813,0.348517715218,0.346940214501,0.345756528605,0.344810048316,0.344008730441,0.343302288458,0.342663151051,0.342075592017,0.341530064524,0.34102031221;0.293821661739,0.292094983006,0.290071694045,0.287591672481,0.284345599293,0.279662183966,0.27164405272,0.249823926164,0.244746935827,0.212646704707,0.258461574407,0.267996169773,0.280071607996,0.289569389603,0.306980182252,0.327270922896,0.339903819873,0.382514706189,0.402555687945,0.410656686355,0.377393750019,0.355589899851,0.345097872547,0.334309131681,0.333796915066,0.337911021054,0.337484695034,0.336648057813,0.342479653405,0.350709186378,0.357316088588,0.360545518152,0.354925656733,0.325685519567,0.334263110239,0.344828248361,0.34794013644,0.348741091453,0.348121452618,0.34704679929,0.345985511914,0.345052075268,0.344242108199,0.343528411942,0.342886963699,0.342300757076,0.341758420293,0.341252332974,0.340777223674;0.292672938309,0.290880844812,0.288838619295,0.286426507217,0.283417385446,0.279380048605,0.273542761632,0.265347275141,0.256532370662,0.250201758922,0.260630953357,0.237415935754,0.283975546501,0.277259930949,0.316062665776,0.346927470727,0.345642261654,0.369593984883,0.409474638734,0.399286722455,0.369940257682,0.348387215128,0.337798794781,0.332071965333,0.329909491915,0.329349337869,0.327359155771,0.293325310982,0.328426507362,0.343022081562,0.348911779251,0.350643160072,0.347002011223,0.33538661345,0.336897994709,0.343275988752,0.345584223072,0.346302117768,0.3461764656,0.345634862159,0.344951866946,0.344259629562,0.343605119931,0.342998054091,0.342435403085,0.34191123894,0.341419973386,0.340957098178,0.340519127988;0.291544583994,0.289691744173,0.287661103751,0.285398886387,0.28279311911,0.279647223908,0.275688831704,0.270507447056,0.261325387918,0.246158434877,0.265950371645,0.286952782606,0.155806615962,0.279073783747,0.310594468962,0.326535117782,0.318644751091,0.349597194661,0.38439512006,0.36715591103,0.349158099244,0.335709539269,0.324089029179,0.320668301165,0.319728439426,0.314497987546,0.320354057362,0.321057369772,0.330023613875,0.339660865264,0.344876226129,0.346727253287,0.345636688693,0.343117908578,0.342409263763,0.343468238396,0.344381786401,0.344769128156,0.34473166775,0.344421460922,0.343969738728,0.343463352015,0.342948922992,0.342447392988,0.34196633832,0.341507325595,0.341069588568,0.340651655138,0.340251986123;0.29038045845,0.288422996572,0.286360880548,0.284221006644,0.282002299561,0.279644629011,0.277036791365,0.274025665732,0.270537636634,0.268230467372,0.265794934734,0.2299120897,0.269775281666,0.264896244805,0.294387814901,0.315689731833,0.317538850652,0.332784026079,0.369599025824,0.347343622784,0.332213992729,0.321853586124,0.292201920406,0.30346755898,0.310837684067,0.269842758294,0.316368698144,0.326269889896,0.333069622454,0.339780316869,0.344928528855,0.346703255757,0.345744931453,0.344288383878,0.343487127394,0.343406530394,0.343576177767,0.343675346993,0.343611745998,0.343399327764,0.343084005438,0.342710227066,0.34230987028,0.341902305594,0.341498037533,0.34110224601,0.340717221895,0.340343796212,0.339982103523;0.289124804864,0.286953014381,0.284712121571,0.282536022275,0.280565934462,0.27882588479,0.277232361332,0.275764307401,0.274451139288,0.273143807379,0.270504953226,0.266614889939,0.274316993737,0.283605797314,0.35534950823,0.322352878441,0.300638517687,0.305887642734,0.317666898808,0.318256669274,0.314209242167,0.31010247118,0.305417129849,0.307309409887,0.311679271993,0.313968586984,0.320431425057,0.327496314534,0.334181915292,0.342185713274,0.352555482719,0.35264461417,0.346925462574,0.344379314877,0.343321610058,0.34293001342,0.342822187708,0.342776896795,0.342689200344,0.34252824204,0.342299466974,0.342020692919,0.341710098905,0.341381878307,0.341045769667,0.340707988149,0.340372343803,0.340041126696,0.33971570305;0.287747446752,0.285171108622,0.282436932155,0.279827726616,0.277843535369,0.276619344367,0.275723937167,0.275274572875,0.275497607172,0.275389362574,0.274136721084,0.272154538075,0.272133122343,0.27931718802,0.296616365127,0.356615655764,0.288511902999,0.25756954221,0.296693715648,0.288522918136,0.292008323894,0.292521748388,0.295221037903,0.303612917291,0.311213219942,0.316740125048,0.322137741214,0.32785675829,0.334226169931,0.343875327088,0.389265936676,0.364121749493,0.346576102181,0.343623433141,0.342600006981,0.342199660911,0.342045992363,0.341971354579,0.341892591471,0.34177454905,0.341609265864,0.341401858021,0.34116190015,0.340899025779,0.340621220176,0.340334518677,