OTX2_OAC1=[0.10643334619,0.107343915072,0.108400042544,0.109681375758,0.111300289901,0.113366471312,0.115993545896,0.119617911842,0.124880777128,0.130070402519,0.126842192648,0.130599284453,0.141161948146,0.13385457757,0.194588464723,0.160817747121,0.138649788477,0.148845702894,0.148367300522,0.13393242803,0.125231722756,0.119628780075,0.113793918231,0.112908343352,0.121325320724,0.125478498545,0.124404848807,0.121143113251,0.118277198167,0.116741280605,0.11694036976,0.118312234477,0.12009229024,0.121971668549,0.123849755602,0.125656400323,0.127304654899,0.12869120944,0.129717236785,0.130315541488,0.13046883169,0.130209557417,0.12960434355,0.128733913976,0.127677340517,0.126503273189,0.125266781613,0.124009517295,0.122761434207;0.10533284746,0.106064213826,0.1068746442,0.107852511193,0.1091841919,0.111029425266,0.11309263702,0.114910043526,0.124419453948,0.13640640042,0.146299605151,0.156678117162,0.161646069278,0.165632539118,0.204664774516,0.155405271744,0.129918185602,0.140187010864,0.136961392192,0.126262155875,0.122645658034,0.122041992404,0.122937992578,0.128662026324,0.140789142928,0.148873918061,0.141050189737,0.131710879772,0.126051557653,0.123197219787,0.122269453463,0.122628981046,0.123776906664,0.125391660662,0.127273601415,0.129259435817,0.131170785653,0.132806543001,0.133976559825,0.134556525276,0.13452409104,0.133949494177,0.132953843612,0.131667064976,0.130203109594,0.128651342664,0.127076867877,0.125524321853,0.1240224265;0.104061539893,0.104542225042,0.104946344652,0.105279542039,0.105835472643,0.107377128493,0.108866713117,0.103290197351,0.123317493223,0.14451221731,0.166079854634,0.202936688661,0.193876491002,0.174293529401,0.164324720334,0.134407614069,0.136629745965,0.142334830874,0.133558902482,0.117381390806,0.118697346737,0.119978576235,0.125344030181,0.137772024499,0.173349360007,0.240404909515,0.162716037302,0.140174740309,0.131531742361,0.127693185168,0.126230556438,0.126213425381,0.127171563176,0.128824237142,0.130970591215,0.133407947915,0.135868603727,0.138004625356,0.139459878879,0.140009314584,0.1396490811,0.138552468719,0.136954157618,0.135065367256,0.133045110517,0.131002401517,0.129007059227,0.12710044853,0.125304243365;0.102663112153,0.102865371403,0.102739351867,0.101907810359,0.0995256188465,0.100883460218,0.104160732132,0.089782492571,0.123014580991,0.158502983635,0.180041721999,0.239012303164,0.227500890581,0.1837775125,0.174154178786,0.1131788761,0.151925576274,0.165684561907,0.124960002001,0.12823883925,0.115362960736,0.0997383446539,0.121696310096,0.137034523434,0.168482846985,0.210589096395,0.161265025607,0.141604382923,0.133788930565,0.130299160915,0.128985504522,0.129066183225,0.130196442678,0.132197903866,0.134941970284,0.138248909582,0.141767714955,0.144893994404,0.146900608691,0.147340912858,0.146321713081,0.144302162699,0.141747059307,0.138982399332,0.136206829202,0.133533945075,0.131023436851,0.128700970042,0.126571428022;0.10117910106,0.101172553746,0.100601892416,0.0986424199627,0.0923975121347,0.093857219028,0.103292748285,0.108941199577,0.121540472452,0.198695573671,0.190472030818,0.153387350983,0.139016485447,0.175650400524,0.225591215562,0.161560148721,0.167514043158,0.349176274125,0.1599409058,0.122235454393,0.119797398124,0.112623261741,0.119503886881,0.12921427853,0.140745109392,0.146342975636,0.142157085135,0.136895801463,0.133298888766,0.131351766525,0.130736699618,0.131253283316,0.132821947368,0.135446612769,0.139168264652,0.143961827805,0.149487361357,0.15469004698,0.157829400166,0.157816521649,0.155287232786,0.151544493432,0.14745793484,0.143434551394,0.139653524622,0.136190563863,0.133066206815,0.130269827887,0.127775007853;0.0995817668424,0.0995574786653,0.0988864394765,0.0965117711328,0.0842659098461,0.0930398378303,0.100188867229,0.10492287825,0.106535186692,0.131157619587,0.139465189803,0.132493378918,0.139074959777,0.15085372128,0.160044874512,0.155315879585,0.157075881264,0.161902522516,0.144167579567,0.126011725064,0.124651840731,0.120455998373,0.101116419997,0.119977785175,0.127312014738,0.116276022231,0.126980088134,0.131841269361,0.131909732213,0.1315775908,0.131796713162,0.132876583606,0.135012083743,0.138436535007,0.14348526103,0.150585252487,0.159937539679,0.170122852175,0.176091281194,0.17403881128,0.167577902721,0.160573870196,0.154121791548,0.148360655812,0.143288436369,0.138869804476,0.135042070262,0.131728415613,0.12885151739;0.0976296505097,0.0979450034508,0.0976368006547,0.0959389039983,0.0913711403997,0.0892881659064,0.0929308793977,0.0938791958715,0.0933701262136,0.10384850264,0.109666719632,0.117090532485,0.125942971618,0.121956634336,0.139664491149,0.143783704408,0.145873268263,0.144960021745,0.133931158792,0.120767729038,0.127925648876,0.123838235836,0.113563156695,0.116507145002,0.123817600191,0.12130487882,0.125576149279,0.12984661483,0.131080937906,0.131634472589,0.132456040967,0.134017855251,0.136684599261,0.140903754391,0.147395138598,0.157471532001,0.173575029963,0.198130070028,0.215414996441,0.201323447072,0.183838677162,0.171322489524,0.161599280917,0.153585928983,0.146928844612,0.141408315677,0.136818430455,0.132974599773,0.12972425077;0.0943252901265,0.0961105486335,0.096556562246,0.0956037874531,0.0929075075425,0.0915467201032,0.0921960888206,0.0902608270949,0.0870235296305,0.0974934928501,0.110549614137,0.117821128939,0.120809032941,0.121848609968,0.128578689453,0.135371076927,0.140145770374,0.141998295403,0.139736786016,0.135921520577,0.133214891976,0.128872174725,0.119949382482,0.120372222716,0.126323350311,0.127793308862,0.128955852634,0.130242350427,0.131075150595,0.131789901379,0.132862981766,0.134699503145,0.137713972528,0.142481624346,0.150015634953,0.162487510814,0.185883376444,0.245933706401,0.398262869841,0.239718102469,0.201673226411,0.183311341281,0.169658243654,0.158807542587,0.150278752307,0.14356937313,0.138222421907,0.133886584823,0.13030813391;0.0859314187222,0.0943934129977,0.0954248464829,0.0944253946449,0.0916422615819,0.0925289842035,0.0921010908474,0.0690823931048,0.0871735039744,0.0974861137195,0.109016103832,0.115435199394,0.11729024431,0.0919348404927,0.10964258113,0.129710042671,0.139066341572,0.146240405375,0.149116111569,0.145350526231,0.139876333832,0.13528269865,0.131721349091,0.130516401854,0.131001510666,0.131233170851,0.131244664414,0.131310614266,0.131507357318,0.131994477875,0.133024328975,0.134896264319,0.137989841539,0.142876517556,0.150564733202,0.163117308318,0.185563442831,0.232322591202,0.288453799147,0.243906169732,0.219461748697,0.19792831286,0.17821860193,0.163490907379,0.152874571785,0.145036877922,0.13905132834,0.134335129162,0.130519561762;0.0915899584392,0.0940223025676,0.0941945151134,0.0916729018089,0.0809074040767,0.0939702259332,0.0976124717713,0.112545432048,0.112898656709,0.102761195647,0.105096816549,0.11452512365,0.117285523131,0.116496145948,0.118442149538,0.129541220107,0.14180589554,0.161569277752,0.179910044762,0.160076808856,0.147021991297,0.141274713889,0.138669791974,0.137376118398,0.136276735564,0.134928524542,0.133580781407,0.132560677231,0.132030867608,0.132092568138,0.132876341403,0.134576210493,0.137484009428,0.142058356582,0.149056439181,0.159758041647,0.176139031156,0.199407222121,0.223749398079,0.2508498989,0.271573780666,0.221135057831,0.186062510167,0.166428698563,0.154033987004,0.145447404755,0.139106951723,0.134207416403,0.13029137176;0.0937049624652,0.093823403889,0.0918568468086,0.0902281013993,0.0908406806336,0.106362207531,0.124738927769,0.147417553136,0.174117069531,0.111613714165,0.106758073186,0.115060976935,0.118789490963,0.120635850561,0.123848848486,0.130420781749,0.142845116975,0.178177860955,0.354185130493,0.171273591357,0.151301401804,0.146276394371,0.145798766916,0.14562194501,0.14324125245,0.13952331896,0.136164793877,0.133783025854,0.132395717973,0.131921813196,0.132341816752,0.133729388633,0.136261871093,0.140243422476,0.146145151255,0.154637649311,0.16652965886,0.182687235427,0.206677437532,0.269364261287,0.490232702488,0.234392388891,0.186867686062,