DUSP10_OAC1=[0.0473579056703,0.0461034485785,0.0448484210592,0.0436122972989,0.0424199117302,0.0412881421846,0.0402354181994,0.0394015670137,0.039007416371,0.0386126205973,0.0361155856674,0.0364229714801,0.0395818825437,0.0370341311024,0.0459672770427,0.0544856548932,0.0511794236051,0.0469988289964,0.0470042364063,0.0462019172276,0.0457324019029,0.0453019805888,0.0439670908047,0.0438826107905,0.0472023797966,0.0498473450404,0.052292497313,0.0548658508137,0.0576428264836,0.0607638307092,0.0645130590389,0.0687341393455,0.0730785022965,0.077388114407,0.0815970861949,0.0856403684715,0.0894293624681,0.0928581827852,0.0958266556965,0.0982685539723,0.10017008555,0.101569122085,0.102538606052,0.10316555044,0.103534734241,0.103719735345,0.103779795567,0.103760103326,0.10369365623;0.0462895564016,0.0448752491024,0.0434270531931,0.0419645468968,0.0405303632713,0.0391359043724,0.0376241433366,0.0358237462757,0.0360986628969,0.0366889007857,0.0365335546515,0.037292256959,0.0399469551215,0.0443513234526,0.0545585380384,0.0866526442142,0.0729564038024,0.0569439367526,0.0495981974044,0.0453012860416,0.0449842221208,0.0457052979523,0.0462471491475,0.0472035758231,0.0486679978455,0.0506184781229,0.0535886784344,0.0568409778611,0.0601435714819,0.0636376440621,0.0674507918343,0.0715841516306,0.075943882637,0.0804318982884,0.0849585133457,0.0894126071076,0.0936402532673,0.09745190189,0.100664317738,0.103160381557,0.104927205178,0.106046181479,0.106649586753,0.106877202421,0.106851043424,0.106666854892,0.106394773492,0.106083477663,0.105765036944;0.0452350069179,0.0436432957269,0.0419576222116,0.0401703241784,0.0383654193895,0.0367449865846,0.0348398956387,0.0304875107762,0.0329709563207,0.0344798227129,0.0346500872516,0.0339607145797,0.0364399498431,0.0443362294942,0.0586835191325,0.105154176401,0.087201740271,0.0581212411113,0.0481475153577,0.0419391993602,0.0433072737699,0.0445521308992,0.0463136899975,0.0479696197977,0.0482531934553,0.0465465668418,0.0539354799235,0.0583299709778,0.0621594071972,0.0660022384532,0.0700462100779,0.0743633428599,0.0789624475555,0.0838161964187,0.0888604455121,0.0939651447582,0.0988992491083,0.103331906084,0.10691643799,0.109438809915,0.110911433382,0.111526663064,0.111536778813,0.111166918736,0.110586325145,0.109911411032,0.109217445852,0.108549969473,0.10793402237;0.0442173160176,0.0424479911881,0.0404966543608,0.0382282194534,0.0353565890959,0.0336926538629,0.0323095428588,0.0253004935138,0.0301634100297,0.0317788976323,0.0318580713605,0.028420819777,0.0276888443254,0.0394796084489,0.0480288963096,0.042544943597,0.0574170373017,0.0504721023285,0.0392856226596,0.0438872965289,0.0415389874612,0.0369303061522,0.045089441149,0.0482253429477,0.0491923345483,0.0491711308816,0.0551537101509,0.0598049024998,0.0639984075734,0.0681657151647,0.0724995884282,0.0771209430688,0.0821107971419,0.0875185900004,0.0933446633526,0.099481422435,0.105613171484,0.111146226114,0.115354573796,0.117801998861,0.118622434923,0.118308092105,0.117350627353,0.116093965314,0.114748118522,0.113434070445,0.112216580637,0.111125050585,0.110167355275;0.0432540126108,0.0413414484309,0.0391708341714,0.0364664825632,0.0322833637655,0.0307857829055,0.0314360085002,0.0300283814804,0.0284794408756,0.0284041766461,0.029424273306,0.0278703015868,0.0263665047607,0.0321812481681,0.0386033928091,0.0463839722309,0.0481373641144,0.0365819401607,0.0433470905471,0.0404430507839,0.0428325818493,0.0419554107809,0.0452633116093,0.0484068341129,0.0508472389779,0.052905648988,0.0566358945392,0.0612916271363,0.0658054658653,0.0702700830783,0.0748997044095,0.079872170761,0.0853461742637,0.0914771657673,0.0984038901775,0.106161502828,0.114436409129,0.12216302928,0.127567477723,0.129559256637,0.128830275276,0.12674838928,0.124222326298,0.121677904689,0.119303810807,0.117181196814,0.115334080103,0.113754363872,0.11241776394;0.0423308223786,0.0403501013736,0.0380898540687,0.0352132529071,0.0290169401708,0.030100181539,0.0302362079618,0.029136005393,0.0264688338747,0.0282863323893,0.0293447277421,0.0293798154628,0.031879783332,0.0350005124828,0.039443976985,0.0436013667912,0.0454681064734,0.0451128668539,0.0435820190579,0.0423378428351,0.0449239773392,0.0455026833855,0.0394008162878,0.0476362339927,0.0513328230285,0.048378768818,0.0560650157608,0.0627448837852,0.0676864768899,0.0723930333044,0.0772749406293,0.0825844979194,0.0885677137884,0.0955259352663,0.103857731725,0.114042810823,0.126312060826,0.139207274025,0.147524161266,0.147388834293,0.142592900464,0.137147899229,0.1321876502,0.127857299007,0.124156456344,0.121050574681,0.118477337746,0.116360345338,0.114623036028;0.0413453499553,0.0394323789692,0.0372371319811,0.0345467716615,0.030978453675,0.0284479894438,0.0277995253479,0.0263637784148,0.0246544002266,0.0261114119042,0.0271951968912,0.0295310346171,0.0326304587685,0.0326210292453,0.0391103253685,0.0424628990774,0.0445716476272,0.0453156654564,0.043673574381,0.0417404043938,0.0467885365154,0.04755123795,0.0454036414515,0.0482259590016,0.0530488317448,0.0541686487249,0.0590842953335,0.064902143113,0.0697945359909,0.0745740047614,0.0796107621763,0.0851820529233,0.0916070975498,0.0993477539188,0.109165767548,0.122437556565,0.141697953653,0.169437084945,0.189374445236,0.176743459816,0.160559097477,0.149430247972,0.141101348506,0.134453327835,0.129120779538,0.12487764374,0.121513600878,0.118841402347,0.116707397694;0.0398835524571,0.0384979910799,0.0364793002228,0.0339272501722,0.0308733705156,0.0284654535888,0.0269245589554,0.0250148911941,0.023289082154,0.0257448679922,0.0294169727535,0.0320671240546,0.0338715672292,0.035300726372,0.0385523901768,0.0418868115407,0.0443827631262,0.0458709153083,0.0465426490497,0.0474627243087,0.0491470255286,0.0501144761634,0.04889503879,0.051242865356,0.0561595456642,0.059538777439,0.0632839621915,0.0676039968788,0.0720946088695,0.0767839267502,0.0818581777373,0.0875666768621,0.094264003482,0.102521838831,0.11338763935,0.129112873384,0.155884591919,0.220245692942,0.379318664988,0.217609295866,0.180244777058,0.163094727254,0.150721962407,0.141156073226,0.133896137282,0.12842338996,0.124269371022,0.121076071648,0.11858658569;0.0363797463022,0.0377028523534,0.0357459959391,0.0329661644679,0.0296463652527,0.0276433637128,0.0254993681524,0.0180428176597,0.0222760459585,0.0253695486767,0.0295071052658,0.0326289495873,0.0345313995719,0.0280551013212,0.0344450299289,0.04150333793,0.0446246469247,0.0464990976111,0.0479494936581,0.0495884306654,0.0513524233703,0.0529100897641,0.0543152717005,0.0564769597614,0.0595139637907,0.0627782769912,0.0663103686197,0.0701945541462,0.0743972965728,0.0789432831955,0.0839567224186,0.0896556269282,0.0963856977191,0.104720520416,0.115700090048,0.13145647988,0.157173564809,0.207677502436,0.267428989775,0.223359583772,0.199973634223,0.179550663583,0.16096301779,0.147420258062,0.138012512163,0.13136908624,0.126541459178,0.122935655201,0.120177929092;0.0389726092331,0.0375825286557,0.0350791050269,0.0314945603766,0.0253433791973,0.0264978750457,0.0245570230966,0.0255742606365,0.0249835230141,0.0246749698002,0.0278523368988,0.0328008358026,0.0356196102009,0.0369489254082,0.0386407170425,0.0425891347452,0.0453214452338,0.0467207666523,0.0476772243993,0.0506483015917,0.0531929170604,0.055290598567,0.0573086725949,0.0596054387988,0.0623404903959,0.0654414438686,0.0688505127791,0.0725626815261,0.0765920404153,0.0809899488839,0.0858685432115,0.0914181003438,0.0979393436785,0.105911544365,0.116124109399,0.129902130664,0.149277547558,0.175473129332,0.202490717949,0.232076507683,0.254893211652,0.204863019126,0.17057763658,0.152019412415,0.14078060412,0.133349848117,0.128132272408,0.124308560629,0.121415540998;0.0402828648,0.0377420696425,0.034207168245,0.0306636514047,0.0276119932149,0.0280589921462,0.0272738080109,0.0251711394358,0.0241380010024,0.0232365739534,0.0272827242854,0.0331024698685,0.0369826778589,0.0396299818408,0.04199802563,0.0444278676216,0.0464647003839,0.0469414406458,0.0386370448378,0.0516749541648,0.0549681128424,