USP16_OAC1=[0.896559622134,0.897749540919,0.899073225107,0.900508106982,0.902012814492,0.903557933977,0.905107286442,0.90633779544,0.906735022271,0.907388561261,0.913422705163,0.913200647907,0.907005336538,0.91528997512,0.899063688929,0.883910970898,0.885914467721,0.884302862109,0.874047317749,0.868916440473,0.865051157964,0.861878354718,0.86118293316,0.855632858471,0.83831672038,0.826355426672,0.822456987505,0.825593089897,0.833131729533,0.841271220375,0.847356568432,0.851519855801,0.854706266318,0.857361447808,0.85965040033,0.861650295443,0.863404451289,0.864938550723,0.866269515732,0.867412408754,0.868384802312,0.869207775076,0.869904314306,0.870496923946,0.87100580643,0.871448008604,0.871837318297,0.872184573647,0.872498134808;0.897524075172,0.898973427964,0.900664246393,0.902584119646,0.904656197102,0.906864884237,0.909593860809,0.913275336589,0.912188191926,0.910631872632,0.911331476089,0.910519731388,0.906514818503,0.90134093227,0.890606883409,0.855502633163,0.866813110033,0.869447985378,0.869173037611,0.870193928442,0.86478229415,0.85813410061,0.851584960738,0.840944777147,0.824373343542,0.812625617268,0.817839432704,0.826890634943,0.83478386963,0.841489363536,0.846906454188,0.851150428654,0.854549801581,0.857382918849,0.859816782021,0.861942653102,0.863807080854,0.865430438973,0.866821565514,0.867990811703,0.868957851804,0.86975150211,0.870404305506,0.870947003213,0.871405541627,0.871800386126,0.872147032971,0.872456916161,0.872738331309;0.898365394517,0.900082415698,0.902220212886,0.904849072344,0.907804666169,0.910606193616,0.914389925251,0.924524183529,0.91800869748,0.914196691743,0.914173429698,0.916967089848,0.913314222756,0.900207451362,0.882611626914,0.839199567295,0.847116298863,0.863685234775,0.866474622844,0.872271041886,0.862916065077,0.856649166067,0.84740475113,0.83196792002,0.79513286836,0.729132458197,0.803128111054,0.825438628567,0.835712568909,0.842408080635,0.847484243898,0.851554835695,0.854926627657,0.857802747887,0.860316013732,0.862543184614,0.864516169598,0.866233699006,0.867680745444,0.868854188788,0.869778302627,0.870498753491,0.871065845481,0.871522742073,0.87190213376,0.872227341525,0.872514478357,0.87277442572,0.87301439335;0.899009988807,0.900945752401,0.903561586024,0.907271948228,0.912854669873,0.915841971015,0.918435542523,0.935624834177,0.922876242565,0.918643969663,0.918729151468,0.92824490955,0.931532841214,0.905942314523,0.89208919448,0.909225238397,0.869267792399,0.864375146105,0.874145624957,0.843779986123,0.854661990561,0.874620632975,0.847388445551,0.830387060703,0.799585872138,0.759475768182,0.807857251144,0.828246156312,0.837899925348,0.844058895646,0.84870235736,0.852496149925,0.855731532581,0.858575290387,0.861134351684,0.86346841476,0.865585732022,0.867440143884,0.868957948659,0.870102915499,0.87091759823,0.871491650565,0.871909873607,0.872232062834,0.872496200429,0.872725756225,0.87293493055,0.873131984643,0.87332144358;0.899393797639,0.901384961449,0.90430083446,0.908977552164,0.917947478561,0.920607127335,0.918004369395,0.921000160628,0.924633710086,0.924624870789,0.921991746832,0.926501572363,0.931184646913,0.917294042826,0.902242194314,0.881617378096,0.868812576658,0.884773025083,0.819319457428,0.753433437776,0.827190134898,0.848506280607,0.841924113453,0.832418528678,0.823657834606,0.821724745858,0.828392501804,0.835669885311,0.841631071239,0.84641783167,0.850393962351,0.85381733619,0.856856241393,0.859631485068,0.862234996794,0.864725760567,0.867098276426,0.869227339637,0.870879899514,0.871923404533,0.872483853374,0.872778944133,0.872952904125,0.873075904595,0.873181612156,0.873286829052,0.873399216106,0.873521157459,0.873652211856;0.899532085641,0.901254241465,0.904005213732,0.908920580728,0.9233683686,0.919259816293,0.91793819832,0.920179777415,0.926944646031,0.921538669619,0.918431358222,0.91832856534,0.911406104643,0.902666940313,0.889771317996,0.875497269714,0.861744832379,0.84214934366,0.797655598843,0.763134322558,0.808591719285,0.827214751527,0.852797069913,0.828967744894,0.830807039071,0.85368653058,0.845332807363,0.842814849514,0.845628901793,0.849065008227,0.852346952112,0.855373961049,0.858192006248,0.860884096779,0.863548896168,0.866291560365,0.869173098939,0.87199819867,0.874019713421,0.874699140229,0.874624376824,0.874398965786,0.874196142045,0.874042401961,0.873942128453,0.873894118422,0.873892687276,0.873929760428,0.873996941905;0.899685693618,0.900554920176,0.902417411774,0.906376196678,0.91397539711,0.919797911846,0.920807572501,0.924153786738,0.928346683168,0.923476674173,0.919934033889,0.912740481146,0.902688591801,0.901090172565,0.879741759439,0.868107336478,0.856325218764,0.837026023924,0.783812762361,0.732117262477,0.807068055245,0.814207837339,0.782958287386,0.787601484664,0.825138005935,0.844938561095,0.847236626997,0.846756829828,0.848866926867,0.851592168624,0.854358917797,0.857035071657,0.85963293123,0.862228383074,0.864953243733,0.868031063205,0.871852375694,0.876790926647,0.880444000784,0.87921527257,0.877423778366,0.876333523144,0.875613389513,0.87510188066,0.874748135029,0.874521709793,0.87439452028,0.874341821056,0.874343644105;0.900998493039,0.899463652766,0.899387175735,0.901696683465,0.907866836519,0.914311674111,0.918664065948,0.923709818047,0.927784235491,0.918848872421,0.906780750096,0.898416720797,0.890727482801,0.879630637896,0.862569284388,0.857556032073,0.853307961863,0.842666461787,0.824688022492,0.814809716715,0.820228811474,0.815503324489,0.774636695888,0.782864459132,0.824209196596,0.839207455337,0.845691049549,0.848871566203,0.851425676444,0.853900054118,0.856326300958,0.858708888726,0.861088983786,0.863554676139,0.866270717901,0.869580921026,0.874407475771,0.884663467255,0.908681274538,0.885447377831,0.880507658312,0.878501746885,0.877163797749,0.876205226667,0.875553014785,0.875132666728,0.874877762864,0.8747382664,0.874678886299;0.9078133683,0.8977985715,0.894463468726,0.893193069646,0.89989084206,0.908887291167,0.917531463212,0.941191906223,0.924921766919,0.910331614011,0.895247142812,0.888301582148,0.880655876664,0.887332390458,0.769337233696,0.842042819736,0.85239529613,0.850309057899,0.844232419617,0.838542033299,0.835139764455,0.830343604955,0.823134024586,0.824563252396,0.834587674121,0.842765482659,0.847934990402,0.851287541698,0.85383905092,0.856091335173,0.858233466074,0.86034709565,0.862498455887,0.864779702306,0.867350450785,0.870530364902,0.875085463446,0.883188890858,0.892519704624,0.886559674779,0.88362100991,0.881099453059,0.878828631802,0.877269290626,0.87628571204,0.875678498147,0.875311063082,0.875098827505,0.874989301672;0.899988359336,0.895131037231,0.88836853238,0.87178566141,0.882654432431,0.901836395378,0.914888678712,0.91080286822,0.907309350995,0.88867399571,0.870214805901,0.87886926923,0.874950807129,0.858537864723,0.826548488703,0.846581527367,0.856124193345,0.858791722723,0.858761354926,0.852004827749,0.846938995335,0.843381096933,0.841071034218,0.841567595166,0.844749683092,0.848511212028,0.851695445587,0.854223394517,0.856336407547,0.858248817516,0.860087724001,0.861927916907,0.863831079725,0.865874114019,0.868175815598,0.870931986322,0.874439799046,0.878873327684,0.883349031247,0.888127311569,0.891855795075,0.884994134056,0.880421808346,0.878113351497,0.87684396615,0.876104192088,0.875663850167,0.875405602619,0.875263817314;0.896809424399,0.894504770126,0.889680239946,0.862282110013,0.838214686842,0.891039799989,0.89983430427,0.905791489011,0.905524728598,0.88644988583,0.860346036036,0.877788627965,0.875034851983,0.867542304812,0.860446496677,0.860189639221,0.862617798395,0.867101773996,0.893725671823,0.861054401878,0.855393578322,0.852727863513,0.851641044652,0.851826524593,0.8528241863,0.854229126781,0.855787071784,0.857346762265,0.858867255416,0.860367406164,0.861880076959,0.863438418491,0.86507970415,0.866854138338,0.868834219806,0.871120771355,0.873833543532,0.877098897835,0.88144498166,0.891444711444,0.924670065269,0.887435475114,0.881013059771,0.878447573309,0.877124239412,0.876366937283,