UTF1__poly=[0.659855882259,0.666191945966,0.672921265467,0.680081777168,0.68770843577,0.695824986073,0.704433830133,0.713509353619,0.723020053077,0.733105597048,0.744434839026,0.757042104929,0.764151192473,0.762370125842,0.761990597799,0.765476486914,0.775608669689,0.798210067682,0.781037594289,0.780311246869,0.774419668801,0.772814004346,0.807742686174,0.76555189876,0.751606584382,0.708642601097,0.684573043544,0.672606406227,0.637845934556,0.608665834129,0.627808815183,0.554186891576,0.600118099334,0.481037891593,0.537699465848,0.570068926681,0.508923402997,0.526623232345,0.53338056135,0.535946870971,0.537656187333,0.538772766565,0.539392517828,0.539596220547,0.539460862753,0.539055926252,0.538440938168,0.537665257742,0.536769052278;0.661195078548,0.667904508984,0.675091322288,0.682824893126,0.691182589527,0.700239327761,0.710050150788,0.720631009739,0.731878129337,0.743591524972,0.757883008146,0.787267203126,0.826792856148,0.777512069572,0.768433158162,0.768628071345,0.778204904643,0.80955953608,0.779844576779,0.77712220737,0.784833820355,0.798180729043,0.755727641077,0.750804001672,0.73453783437,0.700032742188,0.662425031994,0.644651133935,0.633704973302,0.60735123267,0.573233731451,0.550520828481,0.530193903913,0.503610588498,0.490418089684,0.487386785277,0.49959111625,0.518589763191,0.527707842249,0.532348970572,0.534982085725,0.536511616019,0.537322154853,0.537619443992,0.537534780074,0.537161514142,0.536569858451,0.535814065698,0.534936597149;0.66219503461,0.669248399096,0.676864119686,0.685154146086,0.694263938542,0.704368015114,0.715643801924,0.728298803341,0.742845253212,0.756720673582,0.767528224143,0.790574419631,0.843182974088,0.787216477862,0.775713191642,0.772048712747,0.776932278628,0.812608221264,0.835321878677,0.76706480832,0.742710945099,0.740575610296,0.737534810988,0.752116674095,0.74121459766,0.694600542205,0.650395781013,0.6190754458,0.628565491485,0.606032031887,0.55955372094,0.524272577845,0.445538560955,0.471210556021,0.387164626285,0.421593495778,0.502392537315,0.515906513845,0.524360073014,0.529575315,0.532658618455,0.534430610943,0.535355752089,0.535702466839,0.535637394965,0.535271845882,0.534684640536,0.533933928038,0.533063772159;0.662810785929,0.67015897693,0.678142467538,0.686921573527,0.696737628437,0.707953080062,0.721045980573,0.736334581176,0.756257371325,0.819129574812,0.775367765041,0.786595906089,0.789891945942,0.795069081729,0.792244716799,0.775758439642,0.777967281471,0.796535498379,0.78023468894,0.766557201796,0.718041096831,0.721933963306,0.720961226008,0.718898784536,0.712507177412,0.680459153594,0.662400094122,0.657770786241,0.61477008625,0.589907018008,0.560935805162,0.529954733666,0.483433086935,0.475673450841,0.441538842233,0.455251479973,0.505204119996,0.51612344562,0.523095940141,0.527932027367,0.530924358447,0.532662604602,0.533557819217,0.533872655368,0.533777387084,0.533386730889,0.532781198049,0.532019309284,0.531144761142;0.663011038695,0.670587570858,0.678842233002,0.687971902709,0.698310951563,0.710490042421,0.725916957893,0.747530154694,0.763720824298,0.775843408868,0.779823280269,0.804988900108,0.785870066012,0.799360045017,0.788021229341,0.777782448769,0.7780396434,0.777394313873,0.770196686823,0.755984599381,0.734200760438,0.718773971808,0.710081667361,0.714103767071,0.694977095193,0.665191107946,0.644242610753,0.624765417894,0.6032791199,0.582850551553,0.560490169127,0.531295172381,0.50854251127,0.495536657804,0.487847887981,0.49356703476,0.506444707888,0.516866681658,0.523211905213,0.527245893899,0.529759157955,0.531216494509,0.531934244756,0.532128662496,0.531948371054,0.531497335959,0.530850010841,0.530060983539,0.52917109922;0.662787356964,0.670519286525,0.678926438349,0.688206278566,0.698710368636,0.711147885279,0.727400978578,0.757442450663,0.771361118645,0.810244284624,0.781461558856,0.785556932973,0.784534033791,0.784504783071,0.782303121496,0.781548947934,0.805760385744,0.779824817858,0.769616537901,0.759486938981,0.733196075656,0.7125425328,0.69916439752,0.691126588306,0.673407109706,0.648375469505,0.625167316044,0.601945642067,0.587880897916,0.575858373168,0.560006346385,0.541399198755,0.520677535309,0.476055371112,0.48945488964,0.506560507325,0.514191919632,0.520079321619,0.524330696987,0.52719030178,0.528991824407,0.530005108607,0.530435965595,0.530438449918,0.530126573633,0.52958461135,0.528875259835,0.528045639854,0.527131548829;0.66216062116,0.669988478891,0.678441201132,0.687672931056,0.697952945526,0.70976022737,0.723904920179,0.740952791792,0.759347821807,0.776913816244,0.78395073834,0.824536486839,0.794261598795,0.798743482979,0.790795053212,0.790362212508,0.784708092912,0.771722325452,0.768804491847,0.750609065249,0.725404909592,0.704172434453,0.688176697583,0.67205386485,0.652154668198,0.629745746103,0.604910319157,0.523494552838,0.565193576983,0.568772236079,0.558356664896,0.544679851382,0.52845319894,0.505725045919,0.506099768893,0.51551363717,0.520107506346,0.523309315054,0.525700966105,0.52736391938,0.52838983845,0.52889182772,0.528979497655,0.528747764442,0.528274289372,0.527620774416,0.526835562792,0.52595633455,0.525012435704;0.661180654123,0.669082831539,0.677528330673,0.686597837517,0.696439118597,0.707298356707,0.719522289434,0.73365514845,0.752633579207,0.778712361733,0.779838189292,0.814733011122,0.893623014697,0.798042734554,0.792894957394,0.794866945747,0.782094468351,0.761148864355,0.756359975795,0.733982502182,0.712410913183,0.695094983523,0.682023664623,0.662480960264,0.633759962809,0.600940505154,0.591219967364,0.572307836513,0.567881321698,0.56436960472,0.555194222405,0.544758893218,0.534615727693,0.526051325453,0.522583921224,0.523206369808,0.524561795793,0.52579609354,0.52676881391,0.527417789627,0.527730388992,0.527732790733,0.527470175826,0.526992364794,0.526346250103,0.525572700082,0.524705870546,0.523773629088,0.522798387727;0.659916702802,0.667933191778,0.676410014109,0.685334692846,0.694729609539,0.704690132077,0.715390639683,0.727114594857,0.740215863567,0.753753253828,0.77006036787,0.81499305421,0.79167058102,0.804275881614,0.801395298208,0.782577105627,0.768889861646,0.754340116758,0.749731423805,0.723507073501,0.701111644467,0.684948186381,0.694085700421,0.661769937342,0.619965958994,0.515682315485,0.583006276643,0.580088768404,0.570472232574,0.559680988732,0.548263285053,0.539667995267,0.534492281469,0.530850246647,0.528556825205,0.527589422137,0.52732620324,0.52728908695,0.527255932799,0.527122574721,0.526842509832,0.526404870664,0.525820032129,0.52510893741,0.524296130337,0.523405794453,0.522459818421,0.521477068044,0.52047330612;0.65843770746,0.666692545402,0.675371067385,0.684335998967,0.693444478351,0.702680896562,0.712140657024,0.721877407704,0.731984206288,0.74283398233,0.755730033069,0.769858622612,0.774325287803,0.784334365361,0.805871109692,0.7895870803,0.774090269105,0.753157061283,0.731876366573,0.711602039686,0.689199056969,0.667962725297,0.654622131087,0.639241511945,0.618340404727,0.598669197958,0.589069988637,0.579993376779,0.567460735924,0.550569108282,0.529339558902,0.522644064175,0.528030418065,0.530177508419,0.530036711078,0.529274791972,0.528479943309,0.52775070385,0.527057705994,0.526356854218,0.525615579394,0.524817002945,0.52395747117,0.523042239194,0.522081467362,0.521087281153,0.520071908264,0.519046644213,0.518021371612;0.656778728937,0.665498241331,0.674756788736,0.68424445055,0.693416825078,0.702131835528,0.710788568041,0.719114837122,0.726783976343,0.734866573116,0.744270429457,0.754681390524,0.764325266996,0.771299089041,0.778108768116,0.800017705693,0.773030757224,0.776629346239,0.726245207647,0.714168231484,0.680218282107,0.635689081734,0.620499077439,0.61867147538,0.612608046329,0.601817027194,0.590596434949,0.578682493299,0.56372643578,0.539873344784,0.466215582423,0.475078397091,0.519131866964,0.52801449216,0.529728201823,0.529375911157,0.528411401777,0.527299114664,0.526177330212,0.525075147751,0.523988928926,0.52290928804,0.521829716928,0.52074820876,0.51966643938,0.51858839405,0.51751914986,