Wnt3__poly=[0.102526892791,0.103227458884,0.10393045051,0.104613177003,0.105243938077,0.105782515793,0.106184326703,0.106409803378,0.106431644182,0.10618452856,0.105420369903,0.104162736585,0.105499668988,0.111528282534,0.118109999419,0.124342229777,0.128976872378,0.128681930559,0.163148248578,0.221420987697,0.198733968528,0.198782346533,0.37254860708,0.246360013927,0.199239479024,0.177475833784,0.166745130223,0.154737068966,0.149426810843,0.128487345388,0.108918102261,0.149438780604,0.141160159329,0.119064999329,0.155645380654,0.142397111927,0.131347322831,0.140562541296,0.146337402453,0.145824024896,0.144031950768,0.141912477579,0.139740529001,0.137613497259,0.135569572477,0.133623539636,0.131779693893,0.130037237697,0.128392818355;0.1015042816,0.102183800526,0.102862641102,0.103509160844,0.104073961461,0.10448581544,0.104651809,0.104467909725,0.103874113038,0.102895078161,0.100683329936,0.0918417634193,0.0779274784376,0.10494011886,0.115473084133,0.123389349732,0.128499644632,0.122571702818,0.163952886778,0.208346262167,0.176097997522,0.154871041399,0.191447838561,0.198956854997,0.18432248961,0.175168246671,0.184192974461,0.182894768286,0.161079840753,0.156159048288,0.164300334581,0.171834433563,0.184944419292,0.183052175143,0.159607773121,0.154604474357,0.147607649382,0.147044753141,0.147053357578,0.145810752282,0.143842234516,0.141623404687,0.139372708405,0.137182176515,0.13508891974,0.133105980618,0.131235535655,0.129474762277,0.127818574521;0.100435099692,0.101105707423,0.10178227011,0.102426976585,0.102972155328,0.103304987624,0.103253857953,0.102561505887,0.100797692547,0.0988059811275,0.0976710033538,0.0910805675036,0.0708525495976,0.100517643157,0.111798434338,0.12143740102,0.12933410845,0.121243562067,0.121361519673,0.192998702996,0.190740900275,0.174773316847,0.172428573495,0.156657833636,0.152354533851,0.166645000959,0.188770272048,0.203624363616,0.168811714424,0.171850138155,0.208239778634,0.2203447335,0.159821038089,0.165248244902,0.147500225971,0.202806570516,0.146000766168,0.1492083632,0.148072331146,0.145980367866,0.143615945845,0.141198921602,0.138836443756,0.136577771962,0.134441895911,0.132432868301,0.130547699224,0.128780272197,0.127123264136;0.099309087453,0.09998270467,0.100683108262,0.101374773397,0.101979867171,0.102337412843,0.102149228692,0.100999181064,0.0974192218913,0.074951657256,0.0959074652128,0.0937307219066,0.0953012793774,0.0967007113991,0.103002388573,0.118435486827,0.127720075104,0.133314169658,0.189238729066,0.211030144886,0.173439159098,0.170829387684,0.165150892417,0.158319388402,0.153267234107,0.161612789286,0.164099994204,0.159403787616,0.171006954256,0.181877822524,0.223914778559,0.25268638924,0.178964313258,0.170030769023,0.165578092359,0.17420903023,0.152336379356,0.151387651721,0.148879580236,0.146007814112,0.143220333309,0.140581220839,0.138101946836,0.135782266585,0.133616402531,0.131595620207,0.129709937787,0.127949170986,0.126303494884;0.0981078685987,0.0987905029091,0.0995368446165,0.100329618214,0.101108984037,0.101693918698,0.101518850111,0.0990594599003,0.0979437219763,0.0966048701976,0.0967670797489,0.0869770391678,0.0976174173528,0.0944540321625,0.104137219815,0.115394625692,0.124410990545,0.140518162352,0.180524582407,0.192436378571,0.176798522952,0.166555924311,0.159676919828,0.148862394062,0.151059188609,0.158131709333,0.160643083246,0.162765868968,0.167724948343,0.176087008915,0.18851381428,0.190631439841,0.183452895234,0.184072058228,0.179027736102,0.169481930395,0.159958968649,0.153629535627,0.149247310351,0.145652567965,0.142512975888,0.139695543801,0.137129898122,0.134774038054,0.132599898681,0.13058662842,0.128717500042,0.126978460985,0.12535739779;0.096805572562,0.0974896894298,0.0982856886822,0.0992131538592,0.100280098402,0.101430862801,0.102237789589,0.0987964042227,0.102299084637,0.0896516207464,0.10155686824,0.0978453433433,0.0989149187093,0.101344176258,0.105987944072,0.111035260655,0.104496042037,0.1285628055,0.152152918902,0.203397743466,0.180399482472,0.161998305885,0.155387336644,0.150847779136,0.152551229242,0.157034701994,0.158488085575,0.158784322234,0.162489250286,0.168554887363,0.17461563417,0.179149620771,0.187224108909,0.23973139545,0.206064051706,0.172929267465,0.160904870055,0.153733971161,0.148672269682,0.144707095157,0.141382458543,0.138480731922,0.135887228039,0.133535382388,0.131383003945,0.129401059855,0.127568085633,0.125867284468,0.124284952835;0.0953726530946,0.0960304820007,0.0968461181617,0.0978827525352,0.0992429942072,0.101123129553,0.104015501704,0.109844120469,0.127154052403,0.145870897867,0.110282839006,0.0818497238243,0.0951288684868,0.0951545205668,0.101945948535,0.104974098691,0.111072642827,0.123398096916,0.136422448748,0.179287194501,0.167695411052,0.153873814283,0.150227251065,0.151220017222,0.155944035843,0.160430458707,0.158670135569,0.139831736052,0.15547661751,0.162996145441,0.167742997779,0.172469315371,0.181023534377,0.202622397167,0.191610121299,0.169803042118,0.158876822436,0.152029329199,0.147042252629,0.143088273943,0.139778637695,0.136907680163,0.134358147913,0.132058620111,0.12996275068,0.128038575381,0.126262764413,0.124617426201,0.123088271142;0.0937827161785,0.0943643925681,0.0951306326819,0.0961746208926,0.0976556316853,0.0998945016245,0.103695805111,0.111623721825,0.135438408787,0.182055976686,0.113278759812,0.0859281994215,0.0493549720107,0.0977129721498,0.10470320326,0.104107476692,0.109103732724,0.119771464379,0.124580526456,0.137957689482,0.143102622986,0.142108113277,0.141485727037,0.147224078928,0.162266980797,0.183233955871,0.167887585186,0.155634266933,0.1559748672,0.160101336687,0.163824021384,0.167023512447,0.170271931341,0.172762908757,0.169345298265,0.161571952557,0.154500476857,0.148944151607,0.144511629418,0.14084695238,0.137719698242,0.134984523765,0.132548125333,0.130348802222,0.128344250708,0.126504291946,0.124806508759,0.123233598313,0.121771741828;0.0920202625207,0.0924578416779,0.0930761518453,0.0939775118274,0.0953183296977,0.0973533487758,0.100546044517,0.1057040732,0.113039206334,0.114910627949,0.103866205948,0.0822244190797,0.0961746846978,0.100312333229,0.120728153304,0.120872271626,0.114484060524,0.115621305047,0.114750809172,0.123776655713,0.129202992024,0.131071988563,0.124235305516,0.137723960194,0.164221533285,0.287635785265,0.174219051931,0.157874456567,0.156201209429,0.159376321393,0.163535738151,0.165094670318,0.164010162295,0.161991732651,0.158671825465,0.154120712567,0.149379552414,0.145084271357,0.141351543788,0.138112870458,0.135272554915,0.132749271105,0.130481239737,0.128422875606,0.12654048215,0.124808740546,0.123208175314,0.121723409903,0.120341988356;0.0900869639894,0.0903005070989,0.090654961751,0.091254589452,0.0922385849656,0.0937479855881,0.0959002161549,0.0986649285287,0.101262934541,0.101680113335,0.0990293958021,0.0963287604536,0.101171045642,0.113026348269,0.192339560796,0.127850924014,0.110426460085,0.109984687746,0.112793286936,0.115766165085,0.118946665203,0.121938853029,0.12513622211,0.133033108435,0.146390951996,0.158643975805,0.156098365747,0.152351664868,0.153813307332,0.160923266219,0.17373043147,0.172591034966,0.162119832966,0.156016552609,0.151796110793,0.147985174799,0.144329801774,0.140919535745,0.137820281094,0.135032247417,0.132523791287,0.130256136542,0.128193615747,0.126306450901,0.124570637989,0.122966970472,0.121479978162,0.120097028314,0.1188076325;0.0880065648795,0.0879085565558,0.0878608190391,0.0879784686787,0.0884575805228,0.0893893326967,0.0906618054176,0.0922367365806,0.0938972902089,0.0949105506488,0.0951394264195,0.0957496167373,0.0990674458685,0.108374958377,0.122091688023,0.111708784055,0.108793471933,0.0943544186066,0.106607875701,0.104148419279,0.107570243059,0.11081182907,0.115628731587,0.123702038036,0.132330952642,0.1389320716,0.142197058317,0.144434917515,0.149042610982,0.161249419599,0.227748525824,0.196246345581,0.159964274519,0.150762680789,0.145996479632,0.142494240749,0.13944847103,0.136659677946,0.134089236367,0.131726030568,