Wnt3_OAC1=[0.030569083462,0.0309462898889,0.0314106007727,0.0319931750981,0.0327369526884,0.0336894374073,0.0349119044523,0.0365917848557,0.0390371012039,0.0418750130893,0.0424343566578,0.0456199466311,0.0507350627169,0.0463789830374,0.0559123974547,0.0726914017824,0.133054957247,0.137447126692,0.0829482176786,0.0718946018939,0.0682575189466,0.0678468196838,0.068567191266,0.0735024775059,0.0860194511592,0.096430802793,0.101947164206,0.102426539477,0.0987806574558,0.0932438429838,0.0876778786832,0.0824737945674,0.0776166648591,0.0732162194863,0.0693348294249,0.065956721473,0.0630295015045,0.0604934041995,0.0582928410145,0.0563787515135,0.0547079617757,0.0532424570205,0.0519491973434,0.0508001029441,0.0497718326063,0.0488452952342,0.0480050160173,0.0472384875782,0.0465355827439;0.0293466549225,0.0295890439921,0.029888540071,0.0302738459748,0.0307998481842,0.0315136080234,0.0323374786724,0.0331681338791,0.0364342606644,0.0409835747987,0.0458966699713,0.0524980528843,0.0576747377083,0.0560328446649,0.0542079193906,0.0594758600085,0.069487756463,0.0802046435049,0.0705043174686,0.0628619149671,0.0623796171936,0.0652763032688,0.0706265770729,0.0808272898857,0.0973884359272,0.109750412287,0.105115205692,0.0975121193229,0.0915903633094,0.0865129712344,0.0818814022023,0.0775954851497,0.0736240876251,0.0699826680636,0.0666916259288,0.0637517196972,0.0611467385828,0.0588524727113,0.0568415999766,0.0550844084839,0.0535488346023,0.0522021087448,0.0510134163348,0.0499559056592,0.0490073689476,0.0481499593549,0.0473695071241,0.04665478151,0.0459968381608;0.0280721226494,0.0281604156754,0.028254413793,0.0283565621108,0.0285408976769,0.0289977501886,0.0294155331018,0.0278620001272,0.0331814632235,0.0393105991985,0.0472008226154,0.0615331643937,0.0828628861991,0.0654079054908,0.0552617573457,0.0479834909601,0.0540521222253,0.0589900376577,0.0566866880713,0.0518823810503,0.0554562387044,0.060062422356,0.0684118068151,0.0842031838966,0.124655805204,0.198033078008,0.11813823245,0.0956084563521,0.0864349633258,0.0809490122065,0.0767475090194,0.0731065230381,0.0697947166207,0.0667440271079,0.0639400766266,0.0613819438088,0.0590706517111,0.0570071119246,0.0551886652964,0.0536027708349,0.0522243169795,0.0510206172701,0.0499592762018,0.0490129380263,0.0481602224825,0.0473848676842,0.0466745436624,0.0460198304171,0.0454134301767;0.0267675692662,0.0266964183717,0.026560234142,0.026263191137,0.0255814786461,0.0258473158778,0.0265147954396,0.0224887655509,0.0296003160304,0.0356006999189,0.0437458553663,0.0591415626851,0.1581422167,0.0656974664184,0.0509472857929,0.0351183818227,0.0476714144632,0.0484332405999,0.0417516614564,0.0494891275102,0.0491157787604,0.0463458049682,0.0622017370515,0.078843534991,0.114144683443,0.160733652262,0.109595762691,0.089234347225,0.0805810998342,0.0755807101227,0.0719383526273,0.0688772689812,0.0661148400486,0.0635492395863,0.0611480194311,0.058907185975,0.0568393939184,0.0549711550308,0.053331553334,0.0519279316929,0.0507333310338,0.0497028098582,0.0487952981333,0.0479811725945,0.0472404087998,0.0465593487938,0.0459284494944,0.0453408703764,0.0447915512614;0.0254530916168,0.0252415414884,0.0249051789377,0.0242478180959,0.0225650189983,0.0227633800942,0.0247902402093,0.0255350791066,0.0265327352084,0.0297098369865,0.0359204566942,0.0415120972014,0.0433745806686,0.0434260888481,0.0416740867012,0.0439003843897,0.0442050633047,0.0348143344405,0.0433413291478,0.0422670084684,0.0467564174329,0.0483185175034,0.0562244128225,0.0670873318132,0.0805971326519,0.0884199554414,0.0844238077028,0.0782289461457,0.0735208225634,0.0700531710408,0.0672673386382,0.0648290331817,0.0625740968045,0.0604286236889,0.058362151074,0.0563680395831,0.054465754166,0.0527176179674,0.0512200816958,0.0500204559401,0.0490610831723,0.0482512645317,0.0475317968043,0.046873244905,0.0462604812617,0.0456848686045,0.0451412403987,0.0446264282883,0.0441383600736;0.0241313941384,0.0238238568437,0.023371540165,0.0225419022682,0.0194683168345,0.0212816524268,0.0226777889772,0.0233722421508,0.0229406301263,0.0267998736901,0.0306706580271,0.0335223392252,0.0373832607383,0.038691840732,0.0398142068392,0.0411283446757,0.041750130669,0.0416793892156,0.0411875857021,0.0411811584327,0.0451782540648,0.0476608271444,0.0434304528193,0.0557278045308,0.063238926763,0.0601538499989,0.0662219271274,0.0678967229558,0.0665099245268,0.0646490693123,0.0627838718464,0.0609705527683,0.0591897782729,0.0574166122011,0.0556285392131,0.053804306098,0.0519403002906,0.0501305090233,0.0486734168538,0.0477686512032,0.0471790825666,0.0466723087776,0.0461841866795,0.0457058867056,0.0452361643167,0.0447752679396,0.0443246298777,0.043886201352,0.0434618084204;0.0227587376737,0.0224314277616,0.0219574165059,0.0211883958092,0.0198386238561,0.0191053592874,0.0196746282059,0.0197664056028,0.0196830353189,0.0222725974104,0.0247261362944,0.0281958798087,0.0317109848035,0.0311482297794,0.0360274459187,0.0378763424343,0.0391006047772,0.0397378844474,0.038726344037,0.0376888756484,0.0432330178279,0.0451664963117,0.0444872350707,0.0487001663676,0.0546142827252,0.0555072267419,0.0584706569895,0.0605500336032,0.060550630113,0.0597468221451,0.0586256406119,0.057358520374,0.0559997521984,0.0545566278742,0.0530069409223,0.0512901050922,0.0492809143641,0.0468630667956,0.044966771246,0.0449216177255,0.045084046526,0.0449920638417,0.0447764474093,0.0445009681536,0.0441869157159,0.0438469482894,0.0434919295717,0.0431308157863,0.0427703649545;0.0211345998338,0.0210286622809,0.020594145995,0.0198529664296,0.0187842991405,0.0180672449123,0.0178863989435,0.0174450466843,0.0170834332243,0.0198554312312,0.0237370586591,0.0267659997276,0.0287448867614,0.0299264482763,0.0322973329935,0.0346294190139,0.0364042792109,0.037612687546,0.0384096329762,0.0396193195305,0.0416426989128,0.0431952515867,0.0428775805589,0.0455540836957,0.0501430089028,0.0525855428411,0.05429314135,0.0554091991453,0.055740919176,0.0554905769181,0.0548804542654,0.0540429531172,0.0530411150692,0.0518918551041,0.0505692020337,0.0489734734057,0.0467882509927,0.0426001872687,0.0334269640177,0.0415468328404,0.0429375216213,0.0432562744665,0.0433354509561,0.0432852784543,0.0431365826973,0.0429189606947,0.0426577173704,0.0423713704196,0.0420725885712;0.0185070090763,0.0197152359949,0.019257017514,0.018340130068,0.0170744038832,0.0165215712911,0.0158492898888,0.0116807007988,0.0150255376967,0.0177990552394,0.0214338277255,0.0243454405094,0.0261935114139,0.0214175678761,0.0262803126055,0.0315670914973,0.0338756187217,0.0353397487037,0.0366089824995,0.0381404056516,0.0398615325935,0.0414703763161,0.0429265689724,0.0448226600062,0.0470782775087,0.0489746627928,0.0503885023735,0.0513268863919,0.0517869712429,0.051832070215,0.0515573520173,0.0510417685649,0.0503334948332,0.0494487378386,0.0483658730143,0.046997838284,0.0450935881494,0.0419006773919,0.0382867385882,0.040114534945,0.0408435743533,0.0414096690199,0.0418776721066,0.0420947975847,0.0421153043647,0.0420127621115,0.0418369913903,0.0416186320057,0.0413765136901;0.0189857880592,0.0187630073663,0.0179821427556,0.0166094920438,0.0137768787444,0.0148740279976,0.0142537407742,0.0153604963729,0.0155222889185,0.0158290314314,0.018380156615,0.0221450218296,0.0244411160048,0.0256033045676,0.026908547632,0.0297274627032,0.0316913672689,0.0327542108481,0.0335536261177,0.0358209932331,0.0378236594677,0.0395038326052,0.0410573197518,0.042650316529,0.0442833959501,0.0457832704834,0.0470091233103,0.0478994840838,0.0484435461298,0.0486679520206,0.0486192603306,0.048343687081,0.0478746412738,0.0472267048936,0.046390243294,0.0453223439929,0.0439409658889,0.042205515509,0.0404408973414,0.0385687168421,0.0370627447069,0.0391721798424,0.0404741690771,0.0409949523191,0.0411609966476,0.0411501678364,0.0410432890097,0.0408817810971,0.0406888714534;0.0187503984438,0.0179473113723,0.0166445340269,0.0152919127001,0.014134798457,0.0147638870721,0.0147648695391,0.0140248422943,0.0138353753964,0.0136793911877,0.0164504722562,0.0203646941869,0.0231105702012,