ZFP42_REX1__poly=[0.57216175357,0.579086087412,0.586733031156,0.595191821611,0.604554468319,0.614907878274,0.626322451717,0.638840887859,0.652495924417,0.667513390624,0.684725234645,0.704093758766,0.717342742803,0.720729630783,0.726671977701,0.737740649881,0.756478332687,0.788166412934,0.77836857003,0.786305903169,0.789979735964,0.798687497172,0.839040686594,0.8161755016,0.819589021845,0.806751319574,0.811935100638,0.825911419861,0.832752134584,0.861104255162,0.889442886783,0.859327517929,0.878617341981,0.898972889525,0.853434288847,0.850528089548,0.844174569951,0.810746675145,0.779093386871,0.756992836068,0.738598844156,0.722551575024,0.708266673343,0.695402454142,0.683724529412,0.673058150334,0.663266880407,0.65424110156,0.645890958008;0.567589696226,0.574555514644,0.582336589416,0.591063121142,0.600883632678,0.611957881441,0.624441517373,0.638462663667,0.654002890574,0.670894636251,0.691854124698,0.732472295282,0.785598039613,0.730021393924,0.725665538078,0.733439591661,0.752406149863,0.794702685653,0.77152917288,0.777946435196,0.794797136213,0.816884919207,0.79095898129,0.800728442959,0.804041418477,0.799744386071,0.80561056818,0.819734579424,0.822592235837,0.831680841095,0.83735288573,0.842769920071,0.858708193028,0.869040610174,0.847778168586,0.837961596384,0.821978023244,0.796780011141,0.772119099711,0.751050156136,0.733042104106,0.717292969978,0.703278052012,0.690657895263,0.679197988083,0.668725797244,0.659108220124,0.650239042262,0.642031418311;0.562294532059,0.569207959565,0.577024887192,0.58592793542,0.596150421913,0.60798298878,0.621759985087,0.637915818003,0.657337846489,0.676784686777,0.693162757651,0.726524108137,0.798333365961,0.731853811058,0.72440949246,0.72812516758,0.74274850218,0.791751977167,0.824219413794,0.761785672252,0.747636120911,0.75783774228,0.769386533647,0.796660942505,0.804024564671,0.790751021837,0.796085316412,0.807235358327,0.808853737147,0.815338639604,0.824086002426,0.835765055384,0.857319851709,0.844636124345,0.864086426907,0.848531664577,0.825740888963,0.787499502989,0.762497102014,0.742498540252,0.725378470302,0.710320804219,0.696861603448,0.684699735424,0.673624678372,0.663480466487,0.6541461811,0.645524821405,0.637536589019;0.556211273107,0.562946448871,0.570653372407,0.579570728635,0.590043328613,0.602594016123,0.617962990316,0.636810280018,0.662912867718,0.749712052897,0.6903645379,0.708423520974,0.717008360298,0.729643116531,0.733326317669,0.721466210249,0.734108286552,0.765783560782,0.757604006246,0.754183752854,0.716429974709,0.732994792796,0.747640322679,0.762401110609,0.774885125341,0.770739526918,0.780317881016,0.795660732044,0.785745293989,0.792098813723,0.808717001875,0.831866678328,0.823853445897,0.819427572633,0.826760719767,0.819911157913,0.803603135566,0.772231501193,0.749681338283,0.731504196336,0.715761878965,0.70174964011,0.689105327265,0.677597273851,0.66705969897,0.657366162712,0.648416070688,0.64012694794,0.632429677027;0.549288627787,0.555687803209,0.563086801099,0.571762311541,0.582152695004,0.595086513646,0.612527550021,0.638900793454,0.658354936642,0.673869789789,0.679857491158,0.718140472523,0.694185713044,0.719322172949,0.712742297113,0.710414240469,0.722361866145,0.73297022613,0.73626913514,0.73298398877,0.723094582984,0.721659847608,0.729362751003,0.750272646404,0.752559215167,0.749339667691,0.754895196673,0.760938222138,0.764347656294,0.769998398324,0.779042806427,0.788998879295,0.791622763236,0.790659396141,0.788209716293,0.780473506668,0.767651702849,0.750708023997,0.733806352943,0.718420781836,0.704488514411,0.691793776011,0.680163695642,0.669464704383,0.659589669778,0.650449978511,0.641970736567,0.634087645098,0.626744850099;0.541497788712,0.547378659031,0.554232620065,0.562331820155,0.572096147093,0.584341472634,0.601444384737,0.637917088404,0.649758210419,0.704256798448,0.659621640803,0.666330377615,0.666609184518,0.67143370111,0.682615326491,0.698896885665,0.744759690627,0.722796793933,0.7224388223,0.724318089441,0.710149676392,0.704461363119,0.708559251119,0.720374942,0.726049845981,0.728221747251,0.734588321718,0.742213096989,0.745781416939,0.748805562117,0.753781451452,0.759125040626,0.763998031295,0.779366408912,0.767714261231,0.753400897557,0.742122037519,0.729681893296,0.716694961114,0.704011286942,0.691996168181,0.680740710438,0.670237795869,0.660448558082,0.651324754404,0.642816805565,0.634876908696,0.627460237601,0.620525328112;0.532837939003,0.538005193854,0.544067075961,0.551256023673,0.55985954791,0.570234501925,0.58269970849,0.595690294454,0.598327831872,0.597043614003,0.633077967218,0.69288580401,0.641542095389,0.616729200311,0.660211125288,0.693563739088,0.701723785472,0.69530863977,0.702288763215,0.696890251082,0.687219053132,0.681905563925,0.683338278947,0.690293288928,0.699615429182,0.708377865392,0.718076107551,0.754416202182,0.732919272474,0.729072096452,0.731581938433,0.735073922525,0.739053934265,0.745714038687,0.740262272348,0.729319826391,0.719792613558,0.709858796594,0.699459625737,0.688978669264,0.678731741505,0.668894025148,0.659544639517,0.650709695089,0.642387527531,0.634562133677,0.627210346962,0.620305766336,0.613820954243;0.523336134628,0.527586876677,0.532618849133,0.538634734112,0.545815331517,0.554198419884,0.563305633581,0.570913283424,0.568098467803,0.549309694903,0.60865805973,0.626407628796,0.799201140836,0.632017529283,0.655284514724,0.685667110202,0.681771735338,0.657717756514,0.631059399254,0.648724530639,0.656750277921,0.655213694636,0.649811626321,0.658966756005,0.678415717312,0.696313654767,0.700730761064,0.709052230273,0.709581495269,0.709256824533,0.711436155362,0.713767854266,0.71536572978,0.715540657581,0.712364280433,0.706252658941,0.69895477441,0.690953685431,0.682464233891,0.673747006824,0.665041215933,0.656518955804,0.648287194174,0.640405331274,0.632901569196,0.62578450501,0.619050673786,0.612689343565,0.606685559073;0.513044784179,0.516157498178,0.519908745868,0.524524912499,0.530202026242,0.536977333217,0.544583056825,0.552339551626,0.559889079286,0.572558580676,0.599236053125,0.673104100913,0.633940118166,0.663536242181,0.667993204348,0.649645981515,0.644182029235,0.6323833539,0.601548410064,0.623788253692,0.633722355561,0.630699700483,0.583839004541,0.618774735171,0.659127153109,0.718904150204,0.682335779143,0.682952008569,0.68660633908,0.690463553807,0.694264675472,0.696054092671,0.695412385794,0.693345655837,0.689928843266,0.685143105507,0.679335255628,0.672818741899,0.665818498389,0.658536599281,0.651154883875,0.643819535108,0.636636444602,0.629676239762,0.622982446385,0.616579107915,0.610476757666,0.604676771894,0.599174444525;0.502046565829,0.503753201991,0.505887147281,0.508778078349,0.512794408171,0.518108786615,0.524697715335,0.532709726383,0.542719869438,0.556045969618,0.574518200837,0.595709575861,0.602347010031,0.62085818877,0.655764452713,0.619114331494,0.626090299075,0.62331366659,0.616523883596,0.618069304628,0.61871164549,0.615158566819,0.61173584137,0.62100989492,0.638093298595,0.651416944599,0.657030770861,0.661356775193,0.667096526045,0.674976952508,0.685107591741,0.686258496602,0.67967072987,0.674483175081,0.670158762618,0.665704285585,0.660779301786,0.65536405931,0.649548098779,0.643455673892,0.637215150284,0.630941266735,0.624726701084,0.61864082291,0.612732359583,0.607033383371,0.601563229905,0.596331814483,0.591342247741;0.49047984426,0.490437982531,0.490403151478,0.49088333945,0.492812863596,0.496578118941,0.501701681004,0.508911810885,0.519338978303,0.531691840448,0.544068323403,0.553869509126,0.562708798952,0.576350756257,0.574182118435,0.524378920066,0.588943263317,0.645710770668,0.606787540008,0.622454746205,0.610594515851,0.591753272969,0.605371399107,0.61388415833,0.620501296135,0.628014414,0.634592951272,0.640847166026,0.648486361048,0.66134217655,0.705447246263,0.697343316788,0.666129898709,0.656782725649,0.651582606966,0.647295776716,0.643012403213,0.63846935221,0.633631507102,0.628550055713,0.623305894699,0.617983613777,0.61265910928,0.607394667164,0.602238235916,0.597224767163,