ZNF281__poly=[0.941448297455,0.941558647386,0.941615812712,0.941590378453,0.941435600172,0.941074768519,0.940377904848,0.939116707827,0.936875191721,0.932896173836,0.926026875827,0.9175256825,0.919707222382,0.926572629731,0.927672729878,0.921214175455,0.900904700301,0.856989400869,0.903017984516,0.939575140165,0.95290513293,0.96077691212,0.971396503382,0.969407123592,0.971441649847,0.970605931492,0.972312983601,0.975058063122,0.97658223118,0.980929964486,0.985075569274,0.981287730877,0.984060544079,0.986883472762,0.981161793098,0.98095974615,0.980308899875,0.976256164883,0.972463864732,0.969885689097,0.967777365719,0.965963264637,0.964366991958,0.96294370775,0.961662758678,0.960501467328,0.959442303385,0.958471337116,0.957577281767;0.94142412074,0.941591178062,0.941721605561,0.941791364635,0.941760088999,0.941556250819,0.941046746452,0.939969589771,0.937743178372,0.93287998446,0.920881221738,0.872588304337,0.910104450828,0.925431867182,0.928496391353,0.92260961754,0.897708501705,0.794222737968,0.918818119252,0.943471054752,0.957545445796,0.966373398801,0.964310925219,0.96778459371,0.969682955395,0.970118824629,0.971853984688,0.974550843532,0.975486221952,0.977165999668,0.978283490119,0.97929542965,0.981618709604,0.983144288725,0.980592611875,0.979514833858,0.97766347724,0.974674032056,0.971773347239,0.969332876274,0.967277916891,0.965503668565,0.963941896192,0.962548547283,0.961293316841,0.960154063792,0.959113861353,0.958159341918,0.957279696793;0.941410573307,0.941647733289,0.941873171684,0.9420750194,0.942232817382,0.942306991841,0.942213754306,0.941784927991,0.940715574749,0.937379270822,0.927786702429,0.909049655663,0.935056257174,0.932312759161,0.93422722978,0.931228273101,0.925048138158,0.93452425763,0.953458108671,0.949563322376,0.957542813637,0.960075397316,0.962773359961,0.968348453029,0.970552756856,0.969516918018,0.971070700418,0.973263764868,0.973996876951,0.975295477618,0.976805042423,0.978618246008,0.981630789901,0.980194361959,0.982825120688,0.981008575628,0.978303331803,0.97370761211,0.970779794848,0.968480655985,0.966539987678,0.964852869078,0.963359527775,0.962021244577,0.960811077216,0.959709206636,0.958700405494,0.957772583964,0.956915905757;0.941391164415,0.941705261037,0.942037224096,0.942392083021,0.94278092219,0.943225541849,0.943753752018,0.944336340591,0.945379785721,0.956130185315,0.939706245961,0.937057817277,0.937749075168,0.942909369133,0.944441778593,0.940361869697,0.940583207818,0.947426596548,0.949385721377,0.955597932145,0.96377931627,0.959575013295,0.961356261826,0.964487146447,0.967273696247,0.967510455506,0.969555407443,0.972224676738,0.971362424282,0.972616252282,0.97512706295,0.978383547083,0.977579141384,0.977219453849,0.978317260039,0.977619258375,0.975747302463,0.972033676519,0.969422924884,0.967354951627,0.965586346814,0.964027678922,0.962632683903,0.961371778611,0.960223903562,0.959173126754,0.958206897731,0.957315038519,0.956489116438;0.941347262938,0.94173684692,0.942172734401,0.942676217744,0.943291105922,0.944117164333,0.945417211265,0.947815086927,0.948941549135,0.948995234882,0.947136291568,0.951237886817,0.94591169605,0.95006540416,0.948253440282,0.946624349765,0.947866542559,0.950109634418,0.952633498217,0.955283575853,0.956997234567,0.9582489188,0.960243346638,0.964161600214,0.965284664474,0.96553787409,0.966896506089,0.968215749709,0.969101730305,0.970212747719,0.971696712898,0.973235308249,0.973798094071,0.973881868186,0.973760648665,0.972972704749,0.971555571134,0.969636639713,0.967727155074,0.966003940379,0.964456477282,0.963056559515,0.961781860285,0.960615278646,0.959543242507,0.958554657836,0.957640263401,0.956792206556,0.956003749295;0.941261143603,0.941717184708,0.942241112588,0.942863419459,0.943644106138,0.94471657863,0.946462192367,0.950957633691,0.952261450911,0.959017651756,0.951284906978,0.951076168756,0.950356376038,0.950464693759,0.950440123588,0.951043915591,0.957613625564,0.954077667624,0.955104666598,0.957025780163,0.956595087479,0.95726785342,0.959049893678,0.961593858903,0.963023615862,0.963835329887,0.965126866457,0.966521274163,0.967337941411,0.968043171387,0.968956257768,0.969876280578,0.970702243157,0.972791709964,0.971526381736,0.969935524688,0.96871443589,0.967350641554,0.965919597006,0.964523643937,0.963205792752,0.961975997082,0.960832599213,0.959770347538,0.958783054532,0.957864525343,0.957008898432,0.95621076229,0.955465179701;0.941118860268,0.941627964996,0.942216949212,0.942916010137,0.943779150905,0.944905916266,0.946473228796,0.948636660805,0.951155904578,0.953664511799,0.954186894922,0.962197041338,0.955250863339,0.956076545351,0.954425907317,0.954716894438,0.954437741363,0.953572069114,0.955814006619,0.955997146053,0.95565602232,0.956348696314,0.957959432558,0.959689501687,0.961189110206,0.962520002976,0.963999109265,0.968867453254,0.966395702415,0.966160609472,0.966705918034,0.967350539003,0.968031760245,0.969016963552,0.968509748694,0.967331547356,0.966321021525,0.965257827077,0.96413545768,0.963000068978,0.9618892003,0.960823375742,0.959811642028,0.958856793557,0.957958405038,0.957114431001,0.95632204998,0.955578119622,0.954879426031;0.940911890394,0.941460915671,0.942093448355,0.942832472326,0.943715987206,0.944804615812,0.946185058919,0.947993149356,0.950855774185,0.95530826999,0.954874022152,0.961548845032,0.977692953,0.957259866117,0.955769119972,0.955855710999,0.953236323496,0.950282869614,0.952592728173,0.952764263051,0.95370946263,0.955418671514,0.957637195531,0.959138721928,0.960458092656,0.962318944885,0.962850705472,0.963993472983,0.964217940055,0.964353235359,0.964795170445,0.965246554541,0.96559692466,0.965763429732,0.965516829029,0.964911474319,0.964159282607,0.963318928289,0.962416573823,0.961483463603,0.960548000501,0.959630453297,0.958743313893,0.957893449262,0.957084072831,0.95631612787,0.955589180405,0.954901981938,0.9542528231;0.940636991007,0.941217766062,0.941881489582,0.942639525826,0.943512009963,0.944534919906,0.945761243503,0.947266348656,0.949139372716,0.951209068701,0.953937464244,0.962544777428,0.957325597636,0.959264922812,0.957622830379,0.951760235327,0.946337719827,0.943223961452,0.947733519167,0.94958757466,0.951944146633,0.954588791555,0.959915223301,0.959581640555,0.959839007736,0.966196786668,0.96159779172,0.961663324404,0.962174087577,0.962741039209,0.963312074167,0.963643116118,0.963681220467,0.963545915162,0.963246065656,0.962779936155,0.962189198499,0.961511306458,0.960773042935,0.95999832501,0.959208546921,0.95842081676,0.957647466199,0.956896682322,0.956173490867,0.955480662633,0.954819418249,0.954189938216,0.953591720475;0.940294130949,0.940907942568,0.941607516367,0.942386760636,0.943240836056,0.944189561324,0.945273057074,0.946519057444,0.947952165871,0.9496345367,0.951789017712,0.954191623213,0.954536515872,0.955628073625,0.958381483167,0.950824156784,0.936384459629,0.919016674201,0.93521246308,0.945683490299,0.950706474563,0.953810318335,0.956254762624,0.957438098763,0.95815706982,0.959106433293,0.959519941853,0.959943394612,0.960612840833,0.961575920098,0.962824728659,0.963023057105,0.962316007748,0.96177804203,0.961342889815,0.960892191993,0.960385205805,0.959819192313,0.959204359925,0.958555022409,0.957885980129,0.957210443109,0.956539057113,0.955879771079,0.955238157521,0.954617882235,0.95402116206,0.95344914977,0.952902235703;0.939882037874,0.940543384466,0.941314467357,0.94216378819,0.943019165831,0.943883100141,0.944860501385,0.945923236353,0.947012955964,0.94831446082,0.949948044746,0.951752109209,0.953216354473,0.95367130903,0.952981927229,0.952875477471,0.926818461405,0.815384073374,0.928707156986,0.946633238325,0.951775847364,0.954698017034,0.956255705704,0.956562072044,0.95682406529,0.957313131606,0.957827245659,0.958401937313,0.959205002743,0.960660027004,0.965776171132,0.964844185662,0.961241394329,0.960187705071,0.959621057209,0.959163603442,0.958708222368,0.958223356165,0.957704193928,0.957156109422,0.956588032925,0.956009402917,0.955428715805,0.95485294955,0.954287475488,0.953736209923,